Timestamp,num_ues,IMSI,RNTI,,slicing_enabled,slice_id,slice_prb,power_multiplier,scheduling_policy,,dl_mcs,dl_n_samples,dl_buffer [bytes],tx_brate downlink [Mbps],tx_pkts downlink,tx_errors downlink (%),dl_cqi,,ul_mcs,ul_n_samples,ul_buffer [bytes],rx_brate uplink [Mbps],rx_pkts uplink,rx_errors uplink (%),ul_rssi,ul_sinr,phr,,sum_requested_prbs,sum_granted_prbs,,dl_pmi,dl_ri,ul_n,ul_turbo_iters
1602220180195,10,1010123456007,78,,1,0,6,1,1,,7.88889,9,0,0.006592,5,0,12.5,,1.07692,13,0,0.1,5,0,0,5.54531,31,,5,10,,0,0,0,1
1602220180445,10,1010123456007,78,,1,0,6,1,1,,18.3793,29,0,0.051936,11,0,10.4,,0.537037,108,0,0.1,43,2.32558,0,5.25278,31,,0,38,,0,0,0,1.19444
1602220180695,10,1010123456007,78,,1,0,6,1,1,,8.69231,26,0,0.026432,10,0,8.75,,0,0,0,0,0,0,0,0,0,,0,52,,0,0,0,0
1602220180945,10,1010123456007,78,,1,0,6,1,1,,16.85,20,0,0.036928,8,0,10,,0,0,0,0,0,0,0,0,0,,0,30,,0,0,0,0
1602220181195,10,1010123456007,78,,1,0,6,1,1,,16.5556,27,0,0.036864,11,0,12.25,,0,0,0,0,0,0,0,0,0,,18,30,,0,0,0,0
1602220181445,10,1010123456007,78,,1,0,6,1,1,,16,27,0,0.032,11,0,12.5,,0.4,25,0,0.1,10,0,0,5.11111,31,,33,26,,0,0,0,1
1602220181695,10,1010123456007,78,,1,0,6,1,1,,17,29,0,0.031936,12,0,12.8333,,0,0,0,0,0,0,0,0,0,,32,24,,0,0,0,0
1602220181945,10,1010123456007,78,,1,0,6,1,1,,15.5,28,14,0.031744,11,0,13,,0,0,0,0,0,0,0,0,0,,47,28,,0,0,0,0
1602220182195,10,1010123456007,78,,1,0,6,1,1,,16.1515,33,0,0.042464,14,0,12.5,,0,0,0,0,0,0,0,0,0,,42,30,,0,0,0,0
1602220182445,10,1010123456007,78,,1,0,6,1,1,,16.2857,42,158,0.047712,17,0,9.5,,0.1,22,0,0.1,9,0,0,6.28496,31,,73,48,,0,0,0,1
1602220182695,10,1010123456007,78,,1,0,6,1,1,,4.72632,95,0,0.040672,38,0,13,,0,0,0,0,0,0,0,0,0,,154,140,,0,0,0,0
1602220182945,10,1010123456007,78,,1,0,6,1,1,,17.566,53,0,0.058432,20,0,13,,0,0,0,0,0,0,0,0,0,,79,46,,0,0,0,0
1602220183195,10,1010123456007,78,,1,0,6,1,1,,17.6,25,0,0.031872,12,0,0.1,,0,0,0,0,0,0,0,0,0,,20,20,,0,0,0,0
1602220183445,10,1010123456007,78,,1,0,6,1,1,,15.7059,34,0,0.037536,14,0,11.5,,0.1,24,0,0.1,10,0,0,6.1218,31,,51,32,,0,0,0,1
1602220183695,10,1010123456007,78,,1,0,6,1,1,,15.2619,42,0,0.042912,17,0,9.66667,,0,0,0,0,0,0,0,0,0,,61,38,,0,0,0,0
1602220183945,10,1010123456007,78,,1,0,6,1,1,,16.7213,61,0,0.069152,24,0,12.3333,,0,0,0,0,0,0,0,0,0,,65,50,,0,0,0,0
1602220184195,10,1010123456007,78,,1,0,6,1,1,,16.4737,19,0,0.021344,8,0,12.6667,,0,0,0,0,0,0,0,0,0,,23,16,,0,0,0,0
1602220184445,10,1010123456007,78,,1,0,6,1,1,,17.2826,46,0,0.05344,18,0,11.25,,0.1,20,0,0.1,8,0,0,5.09682,31,,50,40,,0,0,0,1
1602220184695,10,1010123456007,78,,1,0,6,1,1,,13.5385,39,0,0.032416,16,0,10.5,,0,0,0,0,0,0,0,0,0,,36,38,,0,0,0,0
1602220184945,10,1010123456007,78,,1,0,6,1,1,,16.1311,61,0,0.069248,25,0,12,,0,0,0,0,0,0,0,0,0,,69,54,,0,0,0,0
1602220185195,10,1010123456007,78,,1,0,6,1,1,,10.2233,103,0,0.07616,41,0,10.4,,0,0,0,0,0,0,0,0,0,,141,104,,0,0,0,0
1602220185445,10,1010123456007,78,,1,0,6,1,1,,18.2308,52,0,0.06352,21,0,12.6667,,0.1,26,0,0.1,10,0,0,5.11422,31,,63,46,,0,0,0,1.11538
1602220185695,10,1010123456007,78,,1,0,6,1,1,,15.6032,63,0,0.069152,25,0,12.6,,0,0,0,0,0,0,0,0,0,,70,54,,0,0,0,0
1602220185945,10,1010123456007,78,,1,0,6,1,1,,6.33898,59,0,0.028352,23,0,10.2,,0,0,0,0,0,0,0,0,0,,104,88,,0,0,0,0
1602220186195,10,1010123456007,78,,1,0,6,1,1,,17.3714,35,0,0.03728,14,0,12.6,,0,0,0,0,0,0,0,0,0,,55,28,,0,0,0,0
1602220186445,10,1010123456007,78,,1,0,6,1,1,,14.4884,43,0,0.04784,17,0,12.6667,,0.1,22,0,0.1,9,0,0,5.5519,31,,47,40,,0,0,0,1.13636
1602220186695,10,1010123456007,78,,1,0,6,1,1,,16.1111,27,0,0.026464,10,0,13,,0,0,0,0,0,0,0,0,0,,28,20,,0,0,0,0
1602220186945,10,1010123456007,78,,1,0,6,1,1,,17,41,0,0.042464,15,0,12.3333,,0,0,0,0,0,0,0,0,0,,49,36,,0,0,0,0
1602220187195,10,1010123456007,78,,1,0,6,1,1,,18.4773,44,49,0.06368,20,0,12,,0,0,0,0,0,0,0,0,0,,80,42,,0,0,0,0
1602220187445,10,1010123456007,78,,1,0,6,1,1,,17.814,43,0,0.052928,18,0,12,,0.1,21,0,0.1,9,0,0,4.01644,31,,55,36,,0,0,0,1.14286
1602220187695,10,1010123456007,78,,1,0,6,1,1,,6.53932,89,4,0.0424,28,0,10,,0,0,0,0,0,0,0,0,0,,157,120,,0,0,0,0
1602220187945,10,1010123456007,78,,1,0,6,1,1,,5.04412,68,0,0.031968,35,0,12.6667,,0,0,0,0,0,0,0,0,0,,102,100,,0,0,0,0
1602220188195,10,1010123456007,78,,1,0,6,1,1,,17.4808,52,0,0.058112,20,0,12,,0,0,0,0,0,0,0,0,0,,57,42,,0,0,0,0
1602220188445,10,1010123456007,78,,1,0,6,1,1,,19.5882,17,0,0.021248,7,0,13,,0.24,25,0,0.1,10,0,0,4.80063,31,,14,14,,0,0,0,1
1602220188695,10,1010123456007,78,,1,0,6,1,1,,14.7632,38,0,0.037472,14,0,12.3333,,0,0,0,0,0,0,0,0,0,,44,34,,0,0,0,0
1602220188945,10,1010123456007,78,,1,0,6,1,1,,14.2769,65,0,0.053792,25,0,11.5,,0,0,0,0,0,0,0,0,0,,71,54,,0,0,0,0
1602220189195,10,1010123456007,78,,1,0,6,1,1,,12.2951,61,0,0.05392,26,0,10.3333,,0,0,0,0,0,0,0,0,0,,72,62,,0,0,0,0
1602220189445,10,1010123456007,78,,1,0,6,1,1,,17.2667,15,0,0.021344,8,0,10,,0.1,22,0,0.1,9,0,0,5.95804,31,,12,12,,0,0,0,1
1602220189695,10,1010123456007,78,,1,0,6,1,1,,13.2727,44,137,0.03712,14,0,9,,0,0,0,0,0,0,0,0,0,,63,50,,0,0,0,0
1602220189945,10,1010123456007,78,,1,0,6,1,1,,1.02976,168,158,0.0399679,73,0,13,,0,0,0,0,0,0,0,0,0,,383,312,,0,0,0,0
1602220190195,10,1010123456007,78,,1,0,6,1,1,,16.3421,38,0,0.037024,13,0,12.8,,0,0,0,0,0,0,0,0,0,,36,34,,0,0,0,0
1602220190445,10,1010123456007,78,,1,0,6,1,1,,17.8167,60,158,0.074368,27,0,10.4,,0.1,23,0,0.1,9,0,0,4.58322,31,,65,52,,0,0,0,1
1602220190695,10,1010123456007,78,,1,0,6,1,1,,15.1765,34,0,0.037216,14,0,13,,0,0,0,0,0,0,0,0,0,,37,32,,0,0,0,0
1602220190945,10,1010123456007,78,,1,0,6,1,1,,17.0645,31,0,0.03216,12,0,12,,0,0,0,0,0,0,0,0,0,,26,24,,0,0,0,0
1602220191195,10,1010123456007,78,,1,0,6,1,1,,17.119,42,0,0.047712,17,0,12.3333,,0,0,0,0,0,0,0,0,0,,89,36,,0,0,0,0
1602220191445,10,1010123456007,78,,1,0,6,1,1,,18.2105,19,0,0.021376,8,0,11.5,,0.230769,26,0,0.1,10,0,0,6.12763,31,,26,16,,0,0,0,1
1602220191695,10,1010123456007,78,,1,0,6,1,1,,14.8913,46,0,0.042976,20,0,12,,0,0,0,0,0,0,0,0,0,,56,42,,0,0,0,0
1602220191945,10,1010123456007,78,,1,0,6,1,1,,18.2564,39,0,0.04256,16,0,11,,0,0,0,0,0,0,0,0,0,,35,32,,0,0,0,0
1602220192195,10,1010123456007,78,,1,0,6,1,1,,9.24138,58,0,0.038464,23,0,8.66667,,0,0,0,0,0,0,0,0,0,,72,66,,0,0,0,0
1602220192445,10,1010123456007,78,,1,0,6,1,1,,15.6667,36,0,0.042464,15,0,12.5,,0.521739,23,0,0.1,9,0,0,5.09203,31,,45,34,,0,0,0,1
1602220192695,10,1010123456007,78,,1,0,6,1,1,,17.7059,34,0,0.02656,10,0,10.2,,0,0,0,0,0,0,0,0,0,,28,28,,0,0,0,0
1602220192945,10,1010123456007,78,,1,0,6,1,1,,14.9706,34,0,0.04768,18,0,13,,0,0,0,0,0,0,0,0,0,,31,28,,0,0,0,0
1602220193195,10,1010123456007,78,,1,0,6,1,1,,15.0435,46,0,0.042688,16,0,12.6667,,0,0,0,0,0,0,0,0,0,,50,40,,0,0,0,0
1602220193445,10,1010123456007,78,,1,0,6,1,1,,12.1176,51,0,0.043392,23,0,9.33333,,0.1,20,0,0.1,9,0,0,4.78787,31,,107,62,,0,0,0,1
1602220193695,10,1010123456007,78,,1,0,6,1,1,,15.28,25,0,0.026592,10,0,12.4,,0,0,0,0,0,0,0,0,0,,20,20,,0,0,0,0
1602220193945,10,1010123456007,78,,1,0,6,1,1,,14.9048,42,0,0.042752,17,0,12.75,,0,0,0,0,0,0,0,0,0,,49,36,,0,0,0,0
1602220194195,10,1010123456007,78,,1,0,6,1,1,,17,20,0,0.021248,8,0,0.1,,0,0,0,0,0,0,0,0,0,,19,18,,0,0,0,0
1602220194445,10,1010123456007,78,,1,0,6,1,1,,16.8,30,37,0.031808,11,0,12.3333,,0.1,23,0,0.1,9,0,0,5.77911,31,,41,32,,0,0,0,1
1602220194695,10,1010123456007,78,,1,0,6,1,1,,17.625,24,0,0.031648,11,0,12,,0,0,0,0,0,0,0,0,0,,21,18,,0,0,0,0
1602220194945,10,1010123456007,78,,1,0,6,1,1,,16.3636,33,0,0.037632,14,0,12.3333,,0,0,0,0,0,0,0,0,0,,46,32,,0,0,0,0
1602220195195,10,1010123456007,78,,1,0,6,1,1,,16.0303,33,0,0.036992,13,0,12.6,,0,0,0,0,0,0,0,0,0,,46,30,,0,0,0,0
1602220195445,10,1010123456007,78,,1,0,6,1,1,,8.13684,95,0,0.04512,34,0,8.25,,0.1,27,0,0.1,9,0,0,5.30593,31,,181,128,,0,0,0,1
1602220195695,10,1010123456007,78,,1,0,6,1,1,,15.6349,63,0,0.069312,27,0,12,,0,0,0,0,0,0,0,0,0,,61,52,,0,0,0,0
1602220195945,10,1010123456007,78,,1,0,6,1,1,,16.8286,35,194,0.032032,12,0,12,,0,0,0,0,0,0,0,0,0,,32,28,,0,0,0,0
1602220196195,10,1010123456007,78,,1,0,6,1,1,,18.3137,51,0,0.063264,21,0,12.5,,0,0,0,0,0,0,0,0,0,,50,42,,0,0,0,0
1602220196445,10,1010123456007,78,,1,0,6,1,1,,15.8333,30,0,0.032,12,0,10.8,,0.1,22,0,0.1,9,0,0,6.20705,31,,26,24,,0,0,0,1
1602220196695,10,1010123456007,78,,1,0,6,1,1,,16.8,30,0,0.03744,14,0,11.3333,,0,0,0,0,0,0,0,0,0,,38,26,,0,0,0,0
1602220196945,10,1010123456007,78,,1,0,6,1,1,,16.3077,26,0,0.021248,8,0,12.8,,0,0,0,0,0,0,0,0,0,,27,22,,0,0,0,0
1602220197195,10,1010123456007,78,,1,0,6,1,1,,16.6528,72,0,0.079968,30,0,12,,0,0,0,0,0,0,0,0,0,,63,58,,0,0,0,0
1602220197445,10,1010123456007,78,,1,0,6,1,1,,8.33803,71,0,0.03888,27,0,10.6,,0.1,21,0,0.1,9,0,0,5.66816,31,,90,84,,0,0,0,1
1602220197695,10,1010123456007,78,,1,0,6,1,1,,16.5278,36,0,0.042496,16,0,12.6667,,0,0,0,0,0,0,0,0,0,,37,30,,0,0,0,0
1602220197945,10,1010123456007,78,,1,0,6,1,1,,16.1579,19,0,0.02128,7,0,13,,0,0,0,0,0,0,0,0,0,,31,16,,0,0,0,0
1602220198195,10,1010123456007,78,,1,0,6,1,1,,17.4516,31,0,0.037088,13,0,12.1667,,0,0,0,0,0,0,0,0,0,,33,28,,0,0,0,0
1602220198445,10,1010123456007,78,,1,0,6,1,1,,17.069,29,0,0.032128,12,0,12,,0.16,25,0,0.1,10,0,0,5.57301,31,,26,24,,0,0,0,1
1602220198695,10,1010123456007,78,,1,0,6,1,1,,16.8667,15,0,0.016,6,0,12.5,,0,0,0,0,0,0,0,0,0,,12,12,,0,0,0,0
1602220198945,10,1010123456007,78,,1,0,6,1,1,,18.0714,42,0,0.052384,16,0,12.75,,0,0,0,0,0,0,0,0,0,,63,40,,0,0,0,0
1602220199195,10,1010123456007,78,,1,0,6,1,1,,14.3939,33,0,0.026976,12,0,11,,0,0,0,0,0,0,0,0,0,,35,28,,0,0,0,0
1602220199445,10,1010123456007,78,,1,0,6,1,1,,2.86923,130,0,0.04192,51,0,6.5,,0,17,0,0.1,9,0,0,0,31,,336,224,,0,0,0,0
1602220199695,10,1010123456007,78,,1,0,6,1,1,,7.32759,116,102,0.061792,45,0,8.8,,0,0,0,0,0,0,0,0,0,,177,166,,0,0,0,0
1602220199945,10,1010123456007,78,,1,0,6,1,1,,11.5286,70,0,0.04944,29,0,12.6667,,0,0,0,0,0,0,0,0,0,,82,60,,0,0,0,0
1602220200195,10,1010123456007,78,,1,0,6,1,1,,17.7778,45,0,0.042624,16,0,12,,0,0,0,0,0,0,0,0,0,,50,36,,0,0,0,0
1602220200445,10,1010123456007,78,,1,0,6,1,1,,16.3684,38,0,0.048096,18,0,13,,0.1,26,0,0.1,10,0,0,4.34189,31,,56,34,,0,0,0,1
1602220200695,10,1010123456007,78,,1,0,6,1,1,,16.375,48,0,0.047712,17,0,12.3333,,0,0,0,0,0,0,0,0,0,,53,42,,0,0,0,0
1602220200945,10,1010123456007,78,,1,0,6,1,1,,17.3469,49,0,0.06432,22,0,9,,0,0,0,0,0,0,0,0,0,,150,74,,0,0,0,0
1602220201195,10,1010123456007,78,,1,0,6,1,1,,16.8696,23,0,0.026496,9,0,12.5,,0,0,0,0,0,0,0,0,0,,36,20,,0,0,0,0
1602220201445,10,1010123456007,78,,1,0,6,1,1,,11.7632,38,0,0.027392,15,0,10.6,,0.1,23,0,0.1,9,0,0,8.21931,31,,38,32,,0,0,0,1
1602220201695,10,1010123456007,78,,1,0,6,1,1,,8.66667,48,244,0.027456,14,0,10.8,,0,0,0,0,0,0,0,0,0,,64,54,,0,0,0,0
1602220201945,10,1010123456007,78,,1,0,6,1,1,,4.66667,60,0,0.028288,28,0,12.75,,0,0,0,0,0,0,0,0,0,,96,86,,0,0,0,0
1602220202195,10,1010123456007,78,,1,0,6,1,1,,17,29,0,0.032,12,0,12,,0,0,0,0,0,0,0,0,0,,38,24,,0,0,0,0
1602220202445,10,1010123456007,78,,1,0,6,1,1,,16.0741,54,0,0.05328,20,0,12.25,,0.1,22,0,0.1,9,0,0,6.40434,31,,58,50,,0,0,0,1
1602220202695,10,1010123456007,78,,1,0,6,1,1,,16.8077,26,0,0.03216,12,0,12,,0,0,0,0,0,0,0,0,0,,36,20,,0,0,0,0
1602220202945,10,1010123456007,78,,1,0,6,1,1,,18.129,31,0,0.037024,12,0,12,,0,0,0,0,0,0,0,0,0,,47,26,,0,0,0,0
1602220203195,10,1010123456007,78,,1,0,6,1,1,,19.2222,18,0,0.02128,7,0,12.3333,,0,0,0,0,0,0,0,0,0,,14,14,,0,0,0,0
1602220203445,10,1010123456007,78,,1,0,6,1,1,,18.4706,34,0,0.03744,14,0,12,,0.1,26,0,0.1,10,0,0,6.88414,31,,30,28,,0,0,0,1
1602220203695,10,1010123456007,78,,1,0,6,1,1,,17.2273,22,0,0.031456,9,0,12,,0,0,0,0,0,0,0,0,0,,69,24,,0,0,0,0
1602220203945,10,1010123456007,78,,1,0,6,1,1,,18.4444,27,0,0.037536,11,0,9.33333,,0,0,0,0,0,0,0,0,0,,73,28,,0,0,0,0
1602220204195,10,1010123456007,78,,1,0,6,1,1,,14.8276,29,0,0.031936,12,0,12.5,,0,0,0,0,0,0,0,0,0,,68,28,,0,0,0,0
1602220204445,10,1010123456007,78,,1,0,6,1,1,,17.075,40,0,0.04256,16,0,11.5,,0.24,25,0,0.1,10,0,0,5.46935,31,,37,32,,0,0,0,1
1602220204695,10,1010123456007,78,,1,0,6,1,1,,17.4894,47,0,0.05344,19,0,12,,0,0,0,0,0,0,0,0,0,,73,42,,0,0,0,0
1602220204945,10,1010123456007,78,,1,0,6,1,1,,17.6889,45,0,0.052928,18,0,12.3333,,0,0,0,0,0,0,0,0,0,,48,36,,0,0,0,0
1602220205195,10,1010123456007,78,,1,0,6,1,1,,14.0222,45,0,0.041344,17,0,10.5,,0,0,0,0,0,0,0,0,0,,43,40,,0,0,0,0
1602220205445,10,1010123456007,78,,1,0,6,1,1,,17,75,0,0.076064,29,0,12.75,,0.1,21,0,0.1,8,0,0,5.57551,31,,100,62,,0,0,0,1.09524
1602220205695,10,1010123456007,78,,1,0,6,1,1,,5.5,48,0,0.0330602,21,0,9,,0,0,0,0,0,0,0,0,0,,87,86,,0,0,0,0
1602220205945,10,1010123456007,78,,1,0,6,1,1,,17.9057,53,0,0.058432,20,0,9,,0,0,0,0,0,0,0,0,0,,56,42,,0,0,0,0
1602220206195,10,1010123456007,78,,1,0,6,1,1,,16.3226,31,0,0.031872,12,0,12.6667,,0,0,0,0,0,0,0,0,0,,26,24,,0,0,0,0
1602220206445,10,1010123456007,78,,1,0,6,1,1,,16.0286,35,0,0.037536,14,0,12.3333,,0.25,24,0,0.1,10,0,0,5.12384,31,,46,30,,0,0,0,1
1602220206695,10,1010123456007,78,,1,0,6,1,1,,16.4717,53,0,0.058336,21,0,12.5,,0,0,0,0,0,0,0,0,0,,82,52,,0,0,0,0
1602220206945,10,1010123456007,78,,1,0,6,1,1,,16.4242,33,0,0.032256,12,0,12,,0,0,0,0,0,0,0,0,0,,37,32,,0,0,0,0
1602220207195,10,1010123456007,78,,1,0,6,1,1,,16.2,15,0,0.021248,8,0,11,,0,0,0,0,0,0,0,0,0,,12,12,,0,0,0,0
1602220207445,10,1010123456007,78,,1,0,6,1,1,,16.871,31,0,0.031872,11,0,12.75,,0.1,22,0,0.1,9,0,0,6.09705,31,,77,30,,0,0,0,1
1602220207695,10,1010123456007,78,,1,0,6,1,1,,15.8235,34,0,0.043008,16,0,12.4,,0,0,0,0,0,0,0,0,0,,65,32,,0,0,0,0
1602220207945,10,1010123456007,78,,1,0,6,1,1,,14.9375,16,0,0.016,6,0,12.3333,,0,0,0,0,0,0,0,0,0,,14,12,,0,0,0,0
1602220208195,10,1010123456007,78,,1,0,6,1,1,,16.9429,35,0,0.037248,14,0,12,,0,0,0,0,0,0,0,0,0,,31,28,,0,0,0,0
1602220208445,10,1010123456007,78,,1,0,6,1,1,,17.4286,28,0,0.031776,11,0,12,,0.1,23,0,0.1,9,0,0,6.83061,31,,30,24,,0,0,0,1
1602220208695,10,1010123456007,78,,1,0,6,1,1,,17.9048,21,0,0.02656,9,0,12.5,,0,0,0,0,0,0,0,0,0,,31,18,,0,0,0,0
1602220208945,10,1010123456007,78,,1,0,6,1,1,,16.1087,46,0,0.047744,18,0,11.75,,0,0,0,0,0,0,0,0,0,,55,40,,0,0,0,0
1602220209195,10,1010123456007,78,,1,0,6,1,1,,17.6364,11,0,0.010688,4,0,12,,0,0,0,0,0,0,0,0,0,,10,8,,0,0,0,0
1602220209445,10,1010123456007,78,,1,0,6,1,1,,16.5517,29,0,0.031936,12,0,12,,0.5,20,0,0.1,8,0,0,5.47352,31,,31,24,,0,0,0,1
1602220209695,10,1010123456007,78,,1,0,6,1,1,,13.8235,34,0,0.026912,12,0,10.75,,0,0,0,0,0,0,0,0,0,,34,32,,0,0,0,0
1602220209945,10,1010123456007,78,,1,0,6,1,1,,16.6571,35,0,0.053152,17,0,12.25,,0,0,0,0,0,0,0,0,0,,70,40,,0,0,0,0
1602220210195,10,1010123456007,78,,1,0,6,1,1,,18.1154,26,0,0.030176,10,0,12.25,,0,0,0,0,0,0,0,0,0,,52,28,,0,0,0,0
1602220210445,10,1010123456007,78,,1,0,6,1,1,,9.0303,66,0,0.045664,27,0,9.66667,,0.347826,23,0,0.1,9,0,0,5.63532,31,,71,66,,0,0,0,1
1602220210695,10,1010123456007,78,,1,0,6,1,1,,17.8235,34,0,0.04224,14,0,12,,0,0,0,0,0,0,0,0,0,,40,32,,0,0,0,0
1602220210945,10,1010123456007,78,,1,0,6,1,1,,15.3091,55,0,0.058848,22,0,12.5,,0,0,0,0,0,0,0,0,0,,66,48,,0,0,0,0
1602220211195,10,1010123456007,78,,1,0,6,1,1,,16.5882,34,0,0.037408,13,0,12,,0,0,0,0,0,0,0,0,0,,39,30,,0,0,0,0
1602220211445,10,1010123456007,78,,1,0,6,1,1,,15.2745,51,0,0.053024,20,0,12.6,,0.1,19,0,0.1,8,0,0,6.83646,31,,45,40,,0,0,0,1
1602220211695,10,1010123456007,78,,1,0,6,1,1,,12.9552,67,0,0.048768,24,0,10.2,,0,0,0,0,0,0,0,0,0,,104,80,,0,0,0,0
1602220211945,10,1010123456007,78,,1,0,6,1,1,,12.2,10,0,0.016128,6,0,12,,0,0,0,0,0,0,0,0,0,,18,12,,0,0,0,0
1602220212195,10,1010123456007,78,,1,0,6,1,1,,17.0857,35,0,0.037248,14,0,12.5,,0,0,0,0,0,0,0,0,0,,34,30,,0,0,0,0
1602220212445,10,1010123456007,78,,1,0,6,1,1,,17.6667,42,0,0.047776,17,0,12.5,,0.454545,22,0,0.1,9,0,0,5.87445,31,,37,34,,0,0,0,1
1602220212695,10,1010123456007,78,,1,0,6,1,1,,18.25,28,0,0.031744,11,0,10,,0,0,0,0,0,0,0,0,0,,27,22,,0,0,0,0
1602220212945,10,1010123456007,78,,1,0,6,1,1,,17.2857,42,0,0.042988,16,0,12,,0,0,0,0,0,0,0,0,0,,41,38,,0,0,0,0
1602220213195,10,1010123456007,78,,1,0,6,1,1,,11.3077,78,0,0.0604659,30,0,10.75,,0,0,0,0,0,0,0,0,0,,85,74,,0,0,0,0
1602220213445,10,1010123456007,78,,1,0,6,1,1,,15.95,20,0,0.026816,10,0,12.5,,5.5,8,0,0.1,3,0,0,13.6498,31,,19,18,,0,0,0,2.875
1602220213695,10,1010123456007,78,,1,0,6,1,1,,4.77941,136,0,0.057664,55,0,10.6,,0,0,0,0,0,0,0,0,0,,220,184,,0,0,0,0
1602220213945,10,1010123456007,78,,1,0,6,1,1,,15.1556,45,0,0.053024,19,0,12.6667,,0,0,0,0,0,0,0,0,0,,51,40,,0,0,0,0
1602220214195,10,1010123456007,78,,1,0,6,1,1,,15.5172,29,0,0.031904,12,0,13,,0,0,0,0,0,0,0,0,0,,30,24,,0,0,0,0
1602220214445,10,1010123456007,78,,1,0,6,1,1,,17.087,23,0,0.021216,8,0,12.2,,0.2,20,0,0.1,9,0,0,5.80788,31,,24,20,,0,0,0,1
1602220214695,10,1010123456007,78,,1,0,6,1,1,,13.7222,36,0,0.037568,16,0,9.5,,0,0,0,0,0,0,0,0,0,,47,40,,0,0,0,0
1602220214945,10,1010123456007,78,,1,0,6,1,1,,15.7692,26,0,0.026624,10,0,12.3333,,0,0,0,0,0,0,0,0,0,,35,22,,0,0,0,0
1602220215195,10,1010123456007,78,,1,0,6,1,1,,16.9615,26,0,0.026624,10,0,12.3333,,0,0,0,0,0,0,0,0,0,,23,20,,0,0,0,0
1602220215445,10,1010123456007,78,,1,0,6,1,1,,16.5882,34,0,0.037856,13,0,13,,0.1,26,0,0.1,10,0,0,6.48294,31,,32,28,,0,0,0,1
1602220215695,10,1010123456007,78,,1,0,6,1,1,,16.9333,15,0,0.015936,6,0,12,,0,0,0,0,0,0,0,0,0,,12,12,,0,0,0,0
1602220215945,10,1010123456007,78,,1,0,6,1,1,,16.1639,61,0,0.064096,23,0,12,,0,0,0,0,0,0,0,0,0,,74,56,,0,0,0,0
1602220216195,10,1010123456007,78,,1,0,6,1,1,,15.9706,34,0,0.037504,14,0,12.6667,,0,0,0,0,0,0,0,0,0,,41,32,,0,0,0,0
1602220216445,10,1010123456007,78,,1,0,6,1,1,,13.5714,14,0,0.021408,8,0,8,,0.2,20,0,0.1,8,0,0,5.64356,31,,27,20,,0,0,0,1
1602220216695,10,1010123456007,78,,1,0,6,1,1,,15.625,24,0,0.026752,10,0,12.25,,0,0,0,0,0,0,0,0,0,,25,20,,0,0,0,0
1602220216945,10,1010123456007,78,,1,0,6,1,1,,17.2,35,0,0.037312,14,0,12,,0,0,0,0,0,0,0,0,0,,32,28,,0,0,0,0
1602220217195,10,1010123456007,78,,1,0,6,1,1,,15.1111,36,0,0.037472,14,0,12.25,,0,0,0,0,0,0,0,0,0,,42,32,,0,0,0,0
1602220217445,10,1010123456007,78,,1,0,6,1,1,,15.0588,17,0,0.01584,6,0,12.25,,0.1,20,0,0.1,8,0,0,5.46265,31,,20,16,,0,0,0,1
1602220217695,10,1010123456007,78,,1,0,6,1,1,,17.2609,23,0,0.026528,9,0,12.5,,0,0,0,0,0,0,0,0,0,,38,20,,0,0,0,0
1602220217945,10,1010123456007,78,,1,0,6,1,1,,16.8444,45,0,0.04784,18,0,12,,0,0,0,0,0,0,0,0,0,,36,36,,0,0,0,0
1602220218195,10,1010123456007,78,,1,0,6,1,1,,9.04237,118,175,0.0736,42,0,7,,0,0,0,0,0,0,0,0,0,,186,166,,0,0,0,0
1602220218445,10,1010123456007,78,,1,0,6,1,1,,4.09353,139,0,0.05328,60,0,9.5,,0.1,22,0,0.1,9,0,0,6.7572,31,,226,216,,0,0,0,1
1602220218695,10,1010123456007,78,,1,0,6,1,1,,16.1321,53,0,0.060064,24,0,12.6667,,0,0,0,0,0,0,0,0,0,,70,54,,0,0,0,0
1602220218945,10,1010123456007,78,,1,0,6,1,1,,17.5778,45,0,0.059328,20,0,12.6667,,0,0,0,0,0,0,0,0,0,,58,40,,0,0,0,0
1602220219195,10,1010123456007,78,,1,0,6,1,1,,15.9231,26,0,0.026752,10,0,10.4,,0,0,0,0,0,0,0,0,0,,26,22,,0,0,0,0
1602220219445,10,1010123456007,78,,1,0,6,1,1,,17.6,25,0,0.0266988,10,0,12,,0.32,25,0,0.1,10,0,0,5.45409,31,,20,20,,0,0,0,1
1602220219695,10,1010123456007,78,,1,0,6,1,1,,17.9737,38,0,0.042432,15,0,12.5,,0,0,0,0,0,0,0,0,0,,36,30,,0,0,0,0
1602220219945,10,1010123456007,78,,1,0,6,1,1,,16.2857,14,0,0.021888,6,0,10.8,,0,0,0,0,0,0,0,0,0,,26,16,,0,0,0,0
1602220220195,10,1010123456007,78,,1,0,6,1,1,,17.3061,49,0,0.053216,19,0,12,,0,0,0,0,0,0,0,0,0,,79,40,,0,0,0,0
1602220220445,10,1010123456007,78,,1,0,6,1,1,,14.7255,51,0,0.048416,21,0,11.2,,0.1,24,0,0.1,9,0,0,5.91253,31,,53,50,,0,0,0,1
1602220220695,10,1010123456007,78,,1,0,6,1,1,,17.1154,26,0,0.02656,10,0,12,,0,0,0,0,0,0,0,0,0,,25,20,,0,0,0,0
1602220220945,10,1010123456007,78,,1,0,6,1,1,,17.3333,36,0,0.042464,15,0,11.8,,0,0,0,0,0,0,0,0,0,,37,32,,0,0,0,0
1602220221195,10,1010123456007,78,,1,0,6,1,1,,17,17,0,0.021024,7,0,13,,0,0,0,0,0,0,0,0,0,,16,14,,0,0,0,0
1602220221445,10,1010123456007,78,,1,0,6,1,1,,16.4848,33,0,0.037376,14,0,12,,0.1,23,0,0.1,9,0,0,7.05715,31,,39,32,,0,0,0,1
1602220221695,10,1010123456007,78,,1,0,6,1,1,,18.4054,37,0,0.042784,15,0,12.4,,0,0,0,0,0,0,0,0,0,,32,30,,0,0,0,0
1602220221945,10,1010123456007,78,,1,0,6,1,1,,16.5385,39,0,0.042656,15,0,12,,0,0,0,0,0,0,0,0,0,,70,36,,0,0,0,0
1602220222195,10,1010123456007,78,,1,0,6,1,1,,14.5616,73,37,0.059424,28,0,9.5,,0,0,0,0,0,0,0,0,0,,87,62,,0,0,0,0
1602220222445,10,1010123456007,78,,1,0,6,1,1,,13.0541,37,0,0.037632,16,0,9.8,,0.1,21,0,0.1,9,0,0,5.12139,31,,81,38,,0,0,0,1
1602220222695,10,1010123456007,78,,1,0,6,1,1,,17.0556,36,0,0.037312,14,0,12,,0,0,0,0,0,0,0,0,0,,33,28,,0,0,0,0
1602220222945,10,1010123456007,78,,1,0,6,1,1,,17.3125,32,0,0.037408,13,0,10.2,,0,0,0,0,0,0,0,0,0,,26,26,,0,0,0,0
1602220223195,10,1010123456007,78,,1,0,6,1,1,,19.6071,28,158,0.036704,11,0,10,,0,0,0,0,0,0,0,0,0,,87,26,,0,0,0,0
1602220223445,10,1010123456007,78,,1,0,6,1,1,,15.0172,58,0,0.048288,21,0,9.2,,0.16,25,0,0.1,10,0,0,4.66637,31,,120,52,,0,0,0,1
1602220223695,10,1010123456007,78,,1,0,6,1,1,,12.4167,24,0,0.026848,12,0,6.75,,0,0,0,0,0,0,0,0,0,,44,32,,0,0,0,0
1602220223945,10,1010123456007,78,,1,0,6,1,1,,17.6522,23,0,0.0264,9,0,12,,0,0,0,0,0,0,0,0,0,,29,20,,0,0,0,0
1602220224195,10,1010123456007,78,,1,0,6,1,1,,16.8889,27,0,0.0266988,9,0,12,,0,0,0,0,0,0,0,0,0,,41,24,,0,0,0,0
1602220224445,10,1010123456007,78,,1,0,6,1,1,,14.9189,37,158,0.043392,17,0,10.5,,0.1,21,0,0.1,9,0,0,4.00256,31,,69,32,,0,0,0,1
1602220224695,10,1010123456007,78,,1,0,6,1,1,,17.9574,47,0,0.058016,19,0,11.75,,0,0,0,0,0,0,0,0,0,,58,42,,0,0,0,0
1602220224945,10,1010123456007,78,,1,0,6,1,1,,17.3529,34,0,0.038008,13,0,12.4,,0,0,0,0,0,0,0,0,0,,31,26,,0,0,0,0
1602220225195,10,1010123456007,78,,1,0,6,1,1,,17,26,0,0.02656,10,0,12,,0,0,0,0,0,0,0,0,0,,27,20,,0,0,0,0
1602220225445,10,1010123456007,78,,1,0,6,1,1,,17.6429,14,0,0.015776,5,0,12,,0.25,24,0,0.1,10,0,0,6.05347,31,,18,12,,0,0,0,1
1602220225695,10,1010123456007,78,,1,0,6,1,1,,18,38,0,0.042464,15,0,12,,0,0,0,0,0,0,0,0,0,,35,30,,0,0,0,0
1602220225945,10,1010123456007,78,,1,0,6,1,1,,17.4,10,49,0.010688,4,0,12,,0,0,0,0,0,0,0,0,0,,17,10,,0,0,0,0
1602220226195,10,1010123456007,78,,1,0,6,1,1,,16.8305,59,0,0.0587952,22,0,11.8333,,0,0,0,0,0,0,0,0,0,,56,48,,0,0,0,0
1602220226445,10,1010123456007,78,,1,0,6,1,1,,17.08,25,0,0.031968,12,0,12.5,,0.1,26,0,0.1,10,0,0,6.48433,31,,32,22,,0,0,0,1
1602220226695,10,1010123456007,78,,1,0,6,1,1,,16.6857,35,0,0.037312,14,0,11.5,,0,0,0,0,0,0,0,0,0,,38,32,,0,0,0,0
1602220226945,10,1010123456007,78,,1,0,6,1,1,,16.6279,43,0,0.048096,17,0,12,,0,0,0,0,0,0,0,0,0,,63,40,,0,0,0,0
1602220227195,10,1010123456007,78,,1,0,6,1,1,,17.3333,45,0,0.043552,16,0,12.5,,0,0,0,0,0,0,0,0,0,,72,36,,0,0,0,0
1602220227445,10,1010123456007,78,,1,0,6,1,1,,15.8909,55,0,0.062912,23,0,12.6667,,0.1,24,0,0.1,9,0,0,5.18917,31,,64,48,,0,0,0,1
1602220227695,10,1010123456007,78,,1,0,6,1,1,,16.3548,31,0,0.031936,12,0,11.3333,,0,0,0,0,0,0,0,0,0,,27,26,,0,0,0,0
1602220227945,10,1010123456007,78,,1,0,6,1,1,,15.9583,24,0,0.026816,10,0,11.25,,0,0,0,0,0,0,0,0,0,,31,24,,0,0,0,0
1602220228195,10,1010123456007,78,,1,0,6,1,1,,13.75,28,0,0.026656,11,0,11.75,,0,0,0,0,0,0,0,0,0,,29,28,,0,0,0,0
1602220228445,10,1010123456007,78,,1,0,6,1,1,,16.2653,49,0,0.054048,20,0,13.3333,,0.1,22,0,0.1,9,0,0,4.2431,31,,52,46,,0,0,0,1
1602220228695,10,1010123456007,78,,1,0,6,1,1,,17.0357,28,37,0.026656,10,0,12.5,,0,0,0,0,0,0,0,0,0,,29,24,,0,0,0,0
1602220228945,10,1010123456007,78,,1,0,6,1,1,,14.5319,47,0,0.053088,20,0,11,,0,0,0,0,0,0,0,0,0,,72,46,,0,0,0,0
1602220229195,10,1010123456007,78,,1,0,6,1,1,,7.16456,79,0,0.044384,31,0,10.3333,,0,0,0,0,0,0,0,0,0,,121,114,,0,0,0,0
1602220229445,10,1010123456007,78,,1,0,6,1,1,,17.5,30,0,0.031904,12,0,12.25,,0.1,24,0,0.1,10,0,0,5.80149,31,,24,24,,0,0,0,1
1602220229695,10,1010123456007,78,,1,0,6,1,1,,16.5526,38,0,0.037568,14,0,12,,0,0,0,0,0,0,0,0,0,,48,36,,0,0,0,0
1602220229945,10,1010123456007,78,,1,0,6,1,1,,13.6,45,0,0.048096,20,0,10.3333,,0,0,0,0,0,0,0,0,0,,54,42,,0,0,0,0
1602220230195,10,1010123456007,78,,1,0,6,1,1,,17.1154,26,0,0.02656,10,0,11.5,,0,0,0,0,0,0,0,0,0,,23,20,,0,0,0,0
1602220230445,10,1010123456007,78,,1,0,6,1,1,,17.4,10,0,0.0107309,4,0,12,,0.1,20,0,0.1,8,0,0,5.85267,31,,11,8,,0,0,0,1
1602220230695,10,1010123456007,78,,1,0,6,1,1,,19.5588,34,0,0.03664,11,0,12,,0,0,0,0,0,0,0,0,0,,33,28,,0,0,0,0
1602220230945,10,1010123456007,78,,1,0,6,1,1,,16.4,55,0,0.064,24,0,11.8333,,0,0,0,0,0,0,0,0,0,,69,48,,0,0,0,0
1602220231195,10,1010123456007,78,,1,0,6,1,1,,12.4444,45,0,0.03776,18,0,10,,0,0,0,0,0,0,0,0,0,,47,40,,0,0,0,0
1602220231445,10,1010123456007,78,,1,0,6,1,1,,12.45,20,0,0.016224,8,0,9,,0.1,20,0,0.1,8,0,0,4.95029,31,,23,20,,0,0,0,1.15
1602220231695,10,1010123456007,78,,1,0,6,1,1,,5.74713,87,0,0.039968,35,0,8.4,,0,0,0,0,0,0,0,0,0,,257,128,,0,0,0,0
1602220231945,10,1010123456007,78,,1,0,6,1,1,,15.2162,37,0,0.032352,15,0,12,,0,0,0,0,0,0,0,0,0,,41,30,,0,0,0,0
1602220232195,10,1010123456007,78,,1,0,6,1,1,,16.7778,27,0,0.031872,11,0,12.6,,0,0,0,0,0,0,0,0,0,,30,24,,0,0,0,0
1602220232445,10,1010123456007,78,,1,0,6,1,1,,15.6667,24,0,0.021344,9,0,11.6,,0.1,23,0,0.1,9,0,0,5.87166,31,,20,18,,0,0,0,1
1602220232695,10,1010123456007,78,,1,0,6,1,1,,17.1154,52,0,0.053184,18,0,12,,0,0,0,0,0,0,0,0,0,,70,44,,0,0,0,0
1602220232945,10,1010123456007,78,,1,0,6,1,1,,15.7222,18,0,0.023776,9,0,9.8,,0,0,0,0,0,0,0,0,0,,21,18,,0,0,0,0
1602220233195,10,1010123456007,78,,1,0,6,1,1,,6.04348,69,32,0.03376,23,0,8,,0,0,0,0,0,0,0,0,0,,132,100,,0,0,0,0
1602220233445,10,1010123456007,78,,1,0,6,1,1,,16.0204,49,0,0.051296,26,0,12,,0.1,22,0,0.1,9,0,0,5.87444,31,,57,46,,0,0,0,1
1602220233695,10,1010123456007,78,,1,0,6,1,1,,8.76923,117,0,0.076864,47,0,8.66667,,0,0,0,0,0,0,0,0,0,,165,156,,0,0,0,0
1602220233945,10,1010123456007,78,,1,0,6,1,1,,13.1132,53,0,0.048416,21,0,11.75,,0,0,0,0,0,0,0,0,0,,79,62,,0,0,0,0
1602220234195,10,1010123456007,78,,1,0,6,1,1,,17.9756,41,0,0.047904,17,0,9.66667,,0,0,0,0,0,0,0,0,0,,46,36,,0,0,0,0
1602220234445,10,1010123456007,78,,1,0,6,1,1,,16.5397,63,0,0.069184,26,0,11.6667,,0.1,21,0,0.1,9,0,0,4.63863,31,,64,54,,0,0,0,1.09524
1602220234695,10,1010123456007,78,,1,0,6,1,1,,16.55,40,0,0.042432,16,0,12,,0,0,0,0,0,0,0,0,0,,39,34,,0,0,0,0
1602220234945,10,1010123456007,78,,1,0,6,1,1,,16.1389,36,0,0.031808,12,0,12.5,,0,0,0,0,0,0,0,0,0,,32,28,,0,0,0,0
1602220235195,10,1010123456007,78,,1,0,6,1,1,,18,15,0,0.016,6,0,12,,0,0,0,0,0,0,0,0,0,,12,12,,0,0,0,0
1602220235445,10,1010123456007,78,,1,0,6,1,1,,16.9,50,0,0.053696,20,0,12,,0.1,21,0,0.1,9,0,0,4.89834,31,,60,46,,0,0,0,1
1602220235695,10,1010123456007,78,,1,0,6,1,1,,16.5,64,0,0.06368,24,0,11.6667,,0,0,0,0,0,0,0,0,0,,57,50,,0,0,0,0
1602220235945,10,1010123456007,78,,1,0,6,1,1,,8.54545,55,0,0.043872,25,0,8.5,,0,0,0,0,0,0,0,0,0,,94,80,,0,0,0,0
1602220236195,10,1010123456007,78,,1,0,6,1,1,,18,44,49,0.04784,17,0,11.75,,0,0,0,0,0,0,0,0,0,,53,38,,0,0,0,0
1602220236445,10,1010123456007,78,,1,0,6,1,1,,17.0714,28,0,0.037408,13,0,12.3333,,0.1,24,0,0.1,9,0,0,5.1975,31,,53,26,,0,0,0,1
1602220236695,10,1010123456007,78,,1,0,6,1,1,,16.6667,21,0,0.026496,10,0,11.3333,,0,0,0,0,0,0,0,0,0,,34,22,,0,0,0,0
1602220236945,10,1010123456007,78,,1,0,6,1,1,,18.4848,33,0,0.037024,13,0,11.5,,0,0,0,0,0,0,0,0,0,,40,26,,0,0,0,0
1602220237195,10,1010123456007,78,,1,0,6,1,1,,18.4,10,0,0.010752,4,0,11,,0,0,0,0,0,0,0,0,0,,8,8,,0,0,0,0
1602220237445,10,1010123456007,78,,1,0,6,1,1,,16.0784,51,0,0.05328,21,0,10.75,,0.5,24,0,0.1,10,0,0,5.02063,31,,58,48,,0,0,0,1
1602220237695,10,1010123456007,78,,1,0,6,1,1,,17.9762,42,0,0.043168,15,0,13,,0,0,0,0,0,0,0,0,0,,37,36,,0,0,0,0
1602220237945,10,1010123456007,78,,1,0,6,1,1,,16.35,40,0,0.047872,18,0,12,,0,0,0,0,0,0,0,0,0,,44,36,,0,0,0,0
1602220238195,10,1010123456007,78,,1,0,6,1,1,,16.7805,41,0,0.041376,15,0,12,,0,0,0,0,0,0,0,0,0,,41,34,,0,0,0,0
1602220238445,10,1010123456007,78,,1,0,6,1,1,,16.0667,30,0,0.033472,13,0,12,,0.1,21,0,0.1,9,0,0,3.30775,31,,31,28,,0,0,0,1.09524
1602220238695,10,1010123456007,78,,1,0,6,1,1,,5.04286,70,0,0.033888,28,0,7.66667,,0,0,0,0,0,0,0,0,0,,134,120,,0,0,0,0
1602220238945,10,1010123456007,78,,1,0,6,1,1,,6.46875,64,0,0.038592,26,0,9,,0,0,0,0,0,0,0,0,0,,110,104,,0,0,0,0
1602220239195,10,1010123456007,78,,1,0,6,1,1,,17.4,35,0,0.037376,14,0,9,,0,0,0,0,0,0,0,0,0,,31,30,,0,0,0,0
1602220239445,10,1010123456007,78,,1,0,6,1,1,,17.5,38,0,0.032128,12,0,12,,12.6512,86,0,0.1,35,80,0,4.05662,31,,35,34,,0,0,0,8.11628
1602220239695,10,1010123456007,78,,1,0,6,1,1,,17.4419,43,0,0.058656,21,0,11.3333,,0,0,0,0,0,0,0,0,0,,48,36,,0,0,0,0
1602220239945,10,1010123456007,78,,1,0,6,1,1,,17.2041,49,0,0.0424,15,0,12.4,,0,0,0,0,0,0,0,0,0,,46,40,,0,0,0,0
1602220240195,10,1010123456007,78,,1,0,6,1,1,,17.7241,29,0,0.042816,16,0,11.3333,,0,0,0,0,0,0,0,0,0,,28,24,,0,0,0,0
1602220240445,10,1010123456007,78,,1,0,6,1,1,,16.6875,16,0,0.015872,6,0,8.25,,0.1,22,0,0.1,9,0,0,5.76561,31,,17,14,,0,0,0,1
1602220240695,10,1010123456007,78,,1,0,6,1,1,,1.27419,62,0,0.013408,25,0,12,,0,0,0,0,0,0,0,0,0,,139,126,,0,0,0,0
1602220240945,10,1010123456007,78,,1,0,6,1,1,,17.1463,41,158,0.047648,17,0,12,,0,0,0,0,0,0,0,0,0,,43,36,,0,0,0,0
1602220241195,10,1010123456007,78,,1,0,6,1,1,,18.1111,45,0,0.047584,17,0,11.4,,0,0,0,0,0,0,0,0,0,,40,34,,0,0,0,0
1602220241445,10,1010123456007,78,,1,0,6,1,1,,17.3333,39,0,0.042688,16,0,12,,0.1,20,0,0.1,8,0,0,5.59921,31,,40,32,,0,0,0,1
1602220241695,10,1010123456007,78,,1,0,6,1,1,,4.06329,79,151,0.02928,31,0,3.66667,,0,0,0,0,0,0,0,0,0,,131,124,,0,0,0,0
1602220241945,10,1010123456007,78,,1,0,6,1,1,,9.62821,78,0,0.054816,33,0,11.6,,0,0,0,0,0,0,0,0,0,,161,114,,0,0,0,0
1602220242195,10,1010123456007,78,,1,0,6,1,1,,16.6296,27,0,0.03248,11,0,13,,0,0,0,0,0,0,0,0,0,,29,24,,0,0,0,0
1602220242445,10,1010123456007,78,,1,0,6,1,1,,21.2895,38,0,0.050976,13,0,11.6,,0.1,26,0,0.1,10,0,0,6.16602,31,,38,30,,0,0,0,1
1602220242695,10,1010123456007,78,,1,0,6,1,1,,15.825,40,0,0.048128,18,0,12,,0,0,0,0,0,0,0,0,0,,43,36,,0,0,0,0
1602220242945,10,1010123456007,78,,1,0,6,1,1,,16.8696,23,0,0.026496,9,0,12.75,,0,0,0,0,0,0,0,0,0,,31,22,,0,0,0,0
1602220243195,10,1010123456007,78,,1,0,6,1,1,,13.7333,30,0,0.016128,8,0,10.75,,0,0,0,0,0,0,0,0,0,,26,24,,0,0,0,0
1602220243445,10,1010123456007,78,,1,0,6,1,1,,16.8636,22,0,0.032064,12,0,11.6,,0.1,21,0,0.1,9,0,0,4.37054,31,,22,18,,0,0,0,1
1602220243695,10,1010123456007,78,,1,0,6,1,1,,17.0857,35,0,0.037216,14,0,11.4,,0,0,0,0,0,0,0,0,0,,44,30,,0,0,0,0
1602220243945,10,1010123456007,78,,1,0,6,1,1,,9.12903,62,0,0.038784,26,0,6,,0,0,0,0,0,0,0,0,0,,115,82,,0,0,0,0
1602220244195,10,1010123456007,78,,1,0,6,1,1,,17.2353,34,0,0.037152,13,0,11.6,,0,0,0,0,0,0,0,0,0,,37,28,,0,0,0,0
1602220244445,10,1010123456007,78,,1,0,6,1,1,,17.6875,16,0,0.015936,6,0,8,,0,0,0,0,0,0,0,0,0,,21,12,,0,0,0,0
1602220244695,10,1010123456007,78,,1,0,6,1,1,,16.8889,27,206,0.02656,10,0,11.4,,0.1,23,0,0.1,9,0,0,5.92999,31,,27,22,,0,0,0,1
1602220244945,10,1010123456007,78,,1,0,6,1,1,,15.4667,45,0,0.048096,19,0,11.6667,,0,0,0,0,0,0,0,0,0,,80,42,,0,0,0,0
1602220245195,10,1010123456007,78,,1,0,6,1,1,,10.122,82,0,0.049664,30,0,9,,0,0,0,0,0,0,0,0,0,,140,100,,0,0,0,0
1602220245445,10,1010123456007,78,,1,0,6,1,1,,17.1714,35,0,0.04256,16,0,10.75,,0.1,21,0,0.1,8,0,0,6.39694,31,,30,28,,0,0,0,1
1602220245695,10,1010123456007,78,,1,0,6,1,1,,15.9286,14,0,0.015808,6,0,11.3333,,0,0,0,0,0,0,0,0,0,,23,16,,0,0,0,0
1602220245945,10,1010123456007,78,,1,0,6,1,1,,18.1842,38,0,0.042464,15,0,11.75,,0,0,0,0,0,0,0,0,0,,36,30,,0,0,0,0
1602220246195,10,1010123456007,78,,1,0,6,1,1,,20.5172,29,0,0.039744,10,0,12.4,,0,0,0,0,0,0,0,0,0,,26,24,,0,0,0,0
1602220246445,10,1010123456007,78,,1,0,6,1,1,,16.3846,26,0,0.032064,12,0,11.2,,0.1,26,0,0.1,10,0,0,6.91898,31,,24,22,,0,0,0,1
1602220246695,10,1010123456007,78,,1,0,6,1,1,,17.0952,21,0,0.0264,9,0,11,,0,0,0,0,0,0,0,0,0,,27,20,,0,0,0,0
1602220246945,10,1010123456007,78,,1,0,6,1,1,,16.8049,41,0,0.042816,16,0,12,,0,0,0,0,0,0,0,0,0,,44,34,,0,0,0,0
1602220247195,10,1010123456007,78,,1,0,6,1,1,,10.8356,73,81,0.04992,24,0,8.75,,0,0,0,0,0,0,0,0,0,,104,90,,0,0,0,0
1602220247445,10,1010123456007,78,,1,0,6,1,1,,13.902,51,0,0.044768,25,0,9.25,,0.1,23,0,0.1,9,0,0,6.90281,31,,75,50,,0,0,0,1
1602220247695,10,1010123456007,78,,1,0,6,1,1,,14.7292,48,0,0.050432,20,0,9.2,,0,0,0,0,0,0,0,0,0,,58,50,,0,0,0,0
1602220247945,10,1010123456007,78,,1,0,6,1,1,,17.2333,30,0,0.031936,12,0,11.2,,0,0,0,0,0,0,0,0,0,,39,24,,0,0,0,0
1602220248195,10,1010123456007,78,,1,0,6,1,1,,15.7027,37,0,0.03728,15,0,11.5,,0,0,0,0,0,0,0,0,0,,33,30,,0,0,0,0
1602220248445,10,1010123456007,78,,1,0,6,1,1,,17.3939,66,0,0.058816,23,0,9,,0.1,24,0,0.1,10,0,0,6.60484,31,,70,56,,0,0,0,1
1602220248695,10,1010123456007,78,,1,0,6,1,1,,17.7419,31,158,0.042272,15,0,11.2,,0,0,0,0,0,0,0,0,0,,35,24,,0,0,0,0
1602220248945,10,1010123456007,78,,1,0,6,1,1,,17.6471,34,0,0.037312,14,0,11.6,,0,0,0,0,0,0,0,0,0,,47,28,,0,0,0,0
1602220249195,10,1010123456007,78,,1,0,6,1,1,,20.0741,27,0,0.0384,11,0,13,,0,0,0,0,0,0,0,0,0,,47,24,,0,0,0,0
1602220249445,10,1010123456007,78,,1,0,6,1,1,,17.4688,32,0,0.026624,10,0,11.6,,0.25,24,0,0.1,10,0,0,5.39635,31,,33,24,,0,0,0,1
1602220249695,10,1010123456007,78,,1,0,6,1,1,,15.9091,44,37,0.052832,19,0,12.2,,0,0,0,0,0,0,0,0,0,,55,42,,0,0,0,0
1602220249945,10,1010123456007,78,,1,0,6,1,1,,16.7091,55,0,0.063648,23,0,11.5,,0,0,0,0,0,0,0,0,0,,76,48,,0,0,0,0
1602220250195,10,1010123456007,78,,1,0,6,1,1,,17.619,42,0,0.047872,18,0,11.3333,,0,0,0,0,0,0,0,0,0,,75,38,,0,0,0,0
1602220250445,10,1010123456007,78,,1,0,6,1,1,,16.9474,19,0,0.021248,8,0,9.75,,0.1,26,0,0.1,10,0,0,6.20976,31,,43,16,,0,0,0,1
1602220250695,10,1010123456007,78,,1,0,6,1,1,,17.68,25,158,0.026592,10,0,11,,0,0,0,0,0,0,0,0,0,,25,22,,0,0,0,0
1602220250945,10,1010123456007,78,,1,0,6,1,1,,18.3902,41,0,0.04752,17,0,11.25,,0,0,0,0,0,0,0,0,0,,50,36,,0,0,0,0
1602220251195,10,1010123456007,78,,1,0,6,1,1,,16.3,20,0,0.021248,8,0,12,,0,0,0,0,0,0,0,0,0,,16,16,,0,0,0,0
1602220251445,10,1010123456007,78,,1,0,6,1,1,,15.4706,51,0,0.053184,20,0,11.3333,,0.521739,23,0,0.1,9,0,0,5.32813,31,,45,42,,0,0,0,1
1602220251695,10,1010123456007,78,,1,0,6,1,1,,17.3111,45,0,0.047808,18,0,11,,0,0,0,0,0,0,0,0,0,,54,36,,0,0,0,0
1602220251945,10,1010123456007,78,,1,0,6,1,1,,17.2308,39,0,0.037024,14,0,11,,0,0,0,0,0,0,0,0,0,,43,36,,0,0,0,0
1602220252195,10,1010123456007,78,,1,0,6,1,1,,16.1,40,0,0.048,18,0,11.75,,0,0,0,0,0,0,0,0,0,,42,38,,0,0,0,0
1602220252445,10,1010123456007,78,,1,0,6,1,1,,18.8824,17,0,0.0143614,5,0,11.6,,0.1,19,0,0.1,8,0,0,5.68917,31,,16,14,,0,0,0,1
1602220252695,10,1010123456007,78,,1,0,6,1,1,,17.5789,38,0,0.055008,17,0,12.5,,0,0,0,0,0,0,0,0,0,,36,30,,0,0,0,0
1602220252945,10,1010123456007,78,,1,0,6,1,1,,16.8421,38,0,0.04256,17,0,11,,0,0,0,0,0,0,0,0,0,,52,36,,0,0,0,0
1602220253195,10,1010123456007,78,,1,0,6,1,1,,17.3043,46,0,0.042752,16,0,11,,0,0,0,0,0,0,0,0,0,,43,38,,0,0,0,0
1602220253445,10,1010123456007,78,,1,0,6,1,1,,17.1389,36,0,0.0408353,15,0,11.3333,,0.1,22,0,0.1,9,0,0,5.97933,31,,34,28,,0,0,0,1
1602220253695,10,1010123456007,78,,1,0,6,1,1,,16.0303,33,0,0.028672,12,0,12.2,,0,0,0,0,0,0,0,0,0,,30,28,,0,0,0,0
1602220253945,10,1010123456007,78,,1,0,6,1,1,,18.2667,30,65,0.038528,13,0,11,,0,0,0,0,0,0,0,0,0,,30,26,,0,0,0,0
1602220254195,10,1010123456007,78,,1,0,6,1,1,,16.2821,39,0,0.047648,17,0,11.4,,0,0,0,0,0,0,0,0,0,,40,36,,0,0,0,0
1602220254445,10,1010123456007,78,,1,0,6,1,1,,15.3514,37,0,0.03728,15,0,11.5,,0.1,20,0,0.1,8,0,0,5.57695,31,,40,34,,0,0,0,1
1602220254695,10,1010123456007,78,,1,0,6,1,1,,16.1,40,0,0.042496,16,0,11.3333,,0,0,0,0,0,0,0,0,0,,50,38,,0,0,0,0
1602220254945,10,1010123456007,78,,1,0,6,1,1,,5.8254,63,0,0.028512,25,0,9,,0,0,0,0,0,0,0,0,0,,140,106,,0,0,0,0
1602220255195,10,1010123456007,78,,1,0,6,1,1,,16.08,25,0,0.026496,10,0,11.5,,0,0,0,0,0,0,0,0,0,,23,22,,0,0,0,0
1602220255445,10,1010123456007,78,,1,0,6,1,1,,17.4138,29,0,0.031872,12,0,11.1667,,0.1,24,0,0.1,9,0,0,5.87762,31,,33,24,,0,0,0,1.125
1602220255695,10,1010123456007,78,,1,0,6,1,1,,6.07143,84,0,0.039968,35,0,6,,0,0,0,0,0,0,0,0,0,,132,122,,0,0,0,0
1602220255945,10,1010123456007,78,,1,0,6,1,1,,16.4516,31,0,0.03232,12,0,11.6667,,0,0,0,0,0,0,0,0,0,,32,28,,0,0,0,0
1602220256195,10,1010123456007,78,,1,0,6,1,1,,17.04,50,0,0.05312,20,0,11.3333,,0,0,0,0,0,0,0,0,0,,66,42,,0,0,0,0
1602220256445,10,1010123456007,78,,1,0,6,1,1,,17.34,50,0,0.053152,20,0,11.4,,0.3,20,0,0.1,8,0,0,4.84737,31,,83,42,,0,0,0,1
1602220256695,10,1010123456007,78,,1,0,6,1,1,,16.9574,47,0,0.048064,18,0,11,,0,0,0,0,0,0,0,0,0,,61,40,,0,0,0,0
1602220256945,10,1010123456007,78,,1,0,6,1,1,,15.3636,22,0,0.02112,8,0,12.25,,0,0,0,0,0,0,0,0,0,,37,20,,0,0,0,0
1602220257195,10,1010123456007,78,,1,0,6,1,1,,16.2917,24,0,0.016,6,0,12,,0,0,0,0,0,0,0,0,0,,52,22,,0,0,0,0
1602220257445,10,1010123456007,78,,1,0,6,1,1,,16.8723,47,0,0.058368,22,0,11.3333,,0.1,24,0,0.1,10,0,0,6.47961,31,,41,40,,0,0,0,1
1602220257695,10,1010123456007,78,,1,0,6,1,1,,17.28,50,0,0.052992,20,0,11,,0,0,0,0,0,0,0,0,0,,51,44,,0,0,0,0
1602220257945,10,1010123456007,78,,1,0,6,1,1,,17.3056,36,0,0.0424,15,0,11.25,,0,0,0,0,0,0,0,0,0,,38,32,,0,0,0,0
1602220258195,10,1010123456007,78,,1,0,6,1,1,,16.8049,41,0,0.042432,16,0,9.25,,0,0,0,0,0,0,0,0,0,,39,34,,0,0,0,0
1602220258445,10,1010123456007,78,,1,0,6,1,1,,16.88,25,0,0.026624,10,0,11.4,,0.1,24,0,0.1,9,0,0,5.46606,31,,24,22,,0,0,0,1
1602220258695,10,1010123456007,78,,1,0,6,1,1,,17,7,0,0.00526908,2,0,11.5,,0,0,0,0,0,0,0,0,0,,11,10,,0,0,0,0
1602220258945,10,1010123456007,78,,1,0,6,1,1,,15.7286,70,0,0.0697189,29,0,10.5,,0,0,0,0,0,0,0,0,0,,60,54,,0,0,0,0
1602220259195,10,1010123456007,78,,1,0,6,1,1,,14.9487,39,0,0.037376,16,0,10.5,,0,0,0,0,0,0,0,0,0,,36,36,,0,0,0,0
1602220259445,10,1010123456007,78,,1,0,6,1,1,,16.65,40,0,0.042624,16,0,11.75,,0.1,23,0,0.1,10,0,0,4.9712,31,,47,36,,0,0,0,1
1602220259695,10,1010123456007,78,,1,0,6,1,1,,18.7358,53,0,0.064736,21,0,12.6667,,0,0,0,0,0,0,0,0,0,,67,44,,0,0,0,0
1602220259945,10,1010123456007,78,,1,0,6,1,1,,16.8222,45,0,0.04768,18,0,11,,0,0,0,0,0,0,0,0,0,,38,40,,0,0,0,0
1602220260195,10,1010123456007,78,,1,0,6,1,1,,17.25,40,0,0.042496,16,0,11.25,,0,0,0,0,0,0,0,0,0,,32,32,,0,0,0,0
1602220260445,10,1010123456007,78,,1,0,6,1,1,,16.9615,26,0,0.026496,10,0,11.4,,0.1,19,0,0.1,8,0,0,5.79629,31,,24,20,,0,0,0,1
1602220260695,10,1010123456007,78,,1,0,6,1,1,,17.0233,43,0,0.047936,18,0,11.5,,0,0,0,0,0,0,0,0,0,,59,38,,0,0,0,0
1602220260945,10,1010123456007,78,,1,0,6,1,1,,8.46032,63,0,0.028416,25,0,10.6,,0,2,0,0.1,1,0,0,0,31,,70,50,,0,0,0,0
1602220261195,10,1010123456007,78,,1,0,6,1,1,,16.7241,58,0,0.06368,24,0,11,,0,0,0,0,0,0,0,0,0,,63,54,,0,0,0,0
1602220261445,10,1010123456007,78,,1,0,6,1,1,,15.4242,33,0,0.032096,13,0,11.6,,0.1,21,0,0.1,9,0,0,4.24532,31,,45,28,,0,0,0,1.14286
1602220261695,10,1010123456007,78,,1,0,6,1,1,,16.7297,37,0,0.042464,15,0,12,,0,0,0,0,0,0,0,0,0,,38,34,,0,0,0,0
1602220261945,10,1010123456007,78,,1,0,6,1,1,,4.80328,122,0,0.0568996,49,0,7.66667,,0,0,0,0,0,0,0,0,0,,245,218,,0,0,0,0
1602220262195,10,1010123456007,78,,1,0,6,1,1,,17.5667,30,0,0.036992,12,0,12,,0.1,3,0,0.1,1,0,0,4.28963,31,,33,30,,0,0,0,1
1602220262445,10,1010123456007,78,,1,0,6,1,1,,17,29,0,0.03184,12,0,11,,0.173913,23,0,0.1,9,0,0,5.93567,31,,48,28,,0,0,0,1
1602220262695,10,1010123456007,78,,1,0,6,1,1,,16.5349,43,0,0.042592,17,0,8,,0,0,0,0,0,0,0,0,0,,43,38,,0,0,0,0
1602220262945,10,1010123456007,78,,1,0,6,1,1,,8.0411,73,57,0.039104,28,0,11.25,,0,0,0,0,0,0,0,0,0,,112,94,,0,0,0,0
1602220263195,10,1010123456007,78,,1,0,6,1,1,,15.7442,43,0,0.048032,19,0,11.25,,0,0,0,0,0,0,0,0,0,,59,40,,0,0,0,0
1602220263445,10,1010123456007,78,,1,0,6,1,1,,17.125,16,0,0.015936,6,0,11.6667,,0.32,25,0,0.1,10,0,0,5.57055,31,,18,12,,0,0,0,1
1602220263695,10,1010123456007,78,,1,0,6,1,1,,18.8158,38,0,0.0425703,15,0,11.4,,0,0,0,0,0,0,0,0,0,,32,30,,0,0,0,0
1602220263945,10,1010123456007,78,,1,0,6,1,1,,17.1905,63,0,0.06896,25,0,11.5,,0,0,0,0,0,0,0,0,0,,55,52,,0,0,0,0
1602220264195,10,1010123456007,78,,1,0,6,1,1,,16.9,40,0,0.04256,16,0,12.3333,,0,0,0,0,0,0,0,0,0,,40,36,,0,0,0,0
1602220264445,10,1010123456007,78,,1,0,6,1,1,,16.7949,39,0,0.042464,16,0,11.75,,0.1,21,0,0.1,8,0,0,4.24471,31,,45,36,,0,0,0,1.09524
1602220264695,10,1010123456007,78,,1,0,6,1,1,,12.7179,78,0,0.06096,25,0,10,,0,0,0,0,0,0,0,0,0,,93,76,,0,0,0,0
1602220264945,10,1010123456007,78,,1,0,6,1,1,,10.6548,84,0,0.059232,40,0,11.6667,,0,0,0,0,0,0,0,0,0,,95,80,,0,0,0,0
1602220265195,10,1010123456007,78,,1,0,6,1,1,,15.7838,37,0,0.037216,14,0,12.1667,,0,0,0,0,0,0,0,0,0,,48,34,,0,0,0,0
1602220265445,10,1010123456007,78,,1,0,6,1,1,,17.5938,32,0,0.037024,13,0,12,,0.1,26,0,0.1,10,0,0,5.76398,31,,27,28,,0,0,0,1
1602220265695,10,1010123456007,78,,1,0,6,1,1,,17.8636,44,0,0.047776,17,0,11.5,,0,0,0,0,0,0,0,0,0,,43,36,,0,0,0,0
1602220265945,10,1010123456007,78,,1,0,6,1,1,,17.125,40,0,0.042944,16,0,12,,0,0,0,0,0,0,0,0,0,,43,34,,0,0,0,0
1602220266195,10,1010123456007,78,,1,0,6,1,1,,16.2581,31,0,0.03184,12,0,12,,0,0,0,0,0,0,0,0,0,,27,26,,0,0,0,0
1602220266445,10,1010123456007,78,,1,0,6,1,1,,18.381,21,0,0.02624,8,0,12,,0.1,21,0,0.1,8,0,0,5.93353,31,,17,18,,0,0,0,1
1602220266695,10,1010123456007,78,,1,0,6,1,1,,17.8718,39,0,0.049088,16,0,13,,0,0,0,0,0,0,0,0,0,,32,32,,0,0,0,0
1602220266945,10,1010123456007,78,,1,0,6,1,1,,17.7429,35,0,0.032256,12,0,12,,0,0,0,0,0,0,0,0,0,,54,30,,0,0,0,0
1602220267195,10,1010123456007,78,,1,0,6,1,1,,16.1,30,0,0.037024,13,0,12.6667,,0,0,0,0,0,0,0,0,0,,47,28,,0,0,0,0
1602220267445,10,1010123456007,78,,1,0,6,1,1,,15.7179,39,158,0.043008,17,0,8,,0.1,23,0,0.1,9,0,0,6.372,31,,47,38,,0,0,0,1
1602220267695,10,1010123456007,78,,1,0,6,1,1,,4.18919,74,0,0.029248,30,0,11.5,,0,0,0,0,0,0,0,0,0,,152,124,,0,0,0,0
1602220267945,10,1010123456007,78,,1,0,6,1,1,,13.9231,26,0,0.021632,11,0,10.6667,,0,0,0,0,0,0,0,0,0,,26,22,,0,0,0,0
1602220268195,10,1010123456007,78,,1,0,6,1,1,,18.0488,41,158,0.047776,17,0,11.5,,0,0,0,0,0,0,0,0,0,,48,34,,0,0,0,0
1602220268445,10,1010123456007,78,,1,0,6,1,1,,11.8868,53,0,0.043424,21,0,8,,0.1,24,0,0.1,10,0,0,4.66569,31,,76,68,,0,0,0,1
1602220268695,10,1010123456007,78,,1,0,6,1,1,,18.5758,33,0,0.03728,13,0,12,,0,0,0,0,0,0,0,0,0,,26,26,,0,0,0,0
1602220268945,10,1010123456007,78,,1,0,6,1,1,,17.125,40,0,0.042336,15,0,11.75,,0,0,0,0,0,0,0,0,0,,52,32,,0,0,0,0
1602220269195,10,1010123456007,78,,1,0,6,1,1,,17.1373,51,0,0.058432,20,0,11.5,,0,0,0,0,0,0,0,0,0,,66,46,,0,0,0,0
1602220269445,10,1010123456007,78,,1,0,6,1,1,,15,33,0,0.037024,13,0,13,,0.1,24,0,0.1,9,0,0,5.94964,31,,42,30,,0,0,0,1
1602220269695,10,1010123456007,78,,1,0,6,1,1,,16.8611,36,0,0.042592,15,0,12,,0,0,0,0,0,0,0,0,0,,51,34,,0,0,0,0
1602220269945,10,1010123456007,78,,1,0,6,1,1,,18.087,23,0,0.026624,10,0,11,,0,0,0,0,0,0,0,0,0,,22,20,,0,0,0,0
1602220270195,10,1010123456007,78,,1,0,6,1,1,,16.52,25,0,0.026592,10,0,12.3333,,0,0,0,0,0,0,0,0,0,,20,20,,0,0,0,0
1602220270445,10,1010123456007,78,,1,0,6,1,1,,16.7778,18,0,0.02112,7,0,12,,0.25,24,0,0.1,10,0,0,6.03559,31,,29,16,,0,0,0,1
1602220270695,10,1010123456007,78,,1,0,6,1,1,,16.4103,39,0,0.042688,16,0,12,,0,0,0,0,0,0,0,0,0,,34,32,,0,0,0,0
1602220270945,10,1010123456007,78,,1,0,6,1,1,,16.4444,27,0,0.032128,12,0,12,,0,0,0,0,0,0,0,0,0,,36,26,,0,0,0,0
1602220271195,10,1010123456007,78,,1,0,6,1,1,,17.125,48,0,0.053184,20,0,11.75,,0,0,0,0,0,0,0,0,0,,46,42,,0,0,0,0
1602220271445,10,1010123456007,78,,1,0,6,1,1,,4.93976,83,0,0.034848,34,0,8.6,,0.1,24,0,0.1,10,0,0,5.71384,31,,160,130,,0,0,0,1
1602220271695,10,1010123456007,78,,1,0,6,1,1,,14.8421,57,49,0.048384,23,0,12,,0,0,0,0,0,0,0,0,0,,78,48,,0,0,0,0
1602220271945,10,1010123456007,78,,1,0,6,1,1,,17.7,20,37,0.021376,8,0,11.8,,0,0,0,0,0,0,0,0,0,,19,18,,0,0,0,0
1602220272195,10,1010123456007,78,,1,0,6,1,1,,17.4138,29,0,0.036928,12,0,12,,0,0,0,0,0,0,0,0,0,,49,28,,0,0,0,0
1602220272445,10,1010123456007,78,,1,0,6,1,1,,16.375,48,0,0.053184,20,0,11.5,,0.1,21,0,0.1,9,0,0,5.13008,31,,53,42,,0,0,0,1
1602220272695,10,1010123456007,78,,1,0,6,1,1,,18.5854,41,37,0.042592,15,0,11.6,,0,0,0,0,0,0,0,0,0,,48,32,,0,0,0,0
1602220272945,10,1010123456007,78,,1,0,6,1,1,,6.07955,88,37,0.045376,36,0,8.33333,,0,0,0,0,0,0,0,0,0,,142,128,,0,0,0,0
1602220273195,10,1010123456007,78,,1,0,6,1,1,,16.625,48,0,0.052928,18,0,13.5,,0,0,0,0,0,0,0,0,0,,53,40,,0,0,0,0
1602220273445,10,1010123456007,78,,1,0,6,1,1,,16.7,50,0,0.058656,22,0,12.4,,0.1,21,0,0.1,9,0,0,3.91781,31,,58,44,,0,0,0,1
1602220273695,10,1010123456007,78,,1,0,6,1,1,,18.9643,28,0,0.037792,13,0,12.5,,0,0,0,0,0,0,0,0,0,,22,22,,0,0,0,0
1602220273945,10,1010123456007,78,,1,0,6,1,1,,10.72,50,0,0.038272,21,0,9.25,,0,0,0,0,0,0,0,0,0,,63,56,,0,0,0,0
1602220274195,10,1010123456007,78,,1,0,6,1,1,,16.2927,41,0,0.047616,16,0,12.6667,,0,0,0,0,0,0,0,0,0,,83,34,,0,0,0,0
1602220274445,10,1010123456007,78,,1,0,6,1,1,,15.8163,49,0,0.058464,20,0,12,,0.1,23,0,0.1,9,0,0,7.57369,31,,73,44,,0,0,0,1
1602220274695,10,1010123456007,78,,1,0,6,1,1,,10.5657,99,0,0.07632,40,0,8.6,,0,0,0,0,0,0,0,0,0,,144,142,,0,0,0,0
1602220274945,10,1010123456007,78,,1,0,6,1,1,,13.5,48,0,0.043072,20,0,12,,0,0,0,0,0,0,0,0,0,,52,48,,0,0,0,0
1602220275195,10,1010123456007,78,,1,0,6,1,1,,17.2292,48,0,0.053216,20,0,11.8,,0,0,0,0,0,0,0,0,0,,45,42,,0,0,0,0
1602220275445,10,1010123456007,78,,1,0,6,1,1,,16.24,25,0,0.026496,10,0,11.3333,,0.1,22,0,0.1,9,0,0,5.8421,31,,23,22,,0,0,0,1
1602220275695,10,1010123456007,78,,1,0,6,1,1,,16.625,24,0,0.021376,8,0,12,,0,0,0,0,0,0,0,0,0,,35,20,,0,0,0,0
1602220275945,10,1010123456007,78,,1,0,6,1,1,,17.96,25,0,0.032064,12,0,10.2,,0,0,0,0,0,0,0,0,0,,23,20,,0,0,0,0
1602220276195,10,1010123456007,78,,1,0,6,1,1,,14.1212,33,0,0.027072,11,0,12.2,,0,0,0,0,0,0,0,0,0,,49,40,,0,0,0,0
1602220276445,10,1010123456007,78,,1,0,6,1,1,,6.69863,73,0,0.050048,32,0,9.25,,0.26087,23,0,0.1,9,0,0,5.61888,31,,141,108,,0,0,0,1
1602220276695,10,1010123456007,78,,1,0,6,1,1,,17.35,40,0,0.042528,16,0,10,,0,0,0,0,0,0,0,0,0,,52,32,,0,0,0,0
1602220276945,10,1010123456007,78,,1,0,6,1,1,,16.975,40,101,0.0373333,14,0,11.6,,0,0,0,0,0,0,0,0,0,,73,34,,0,0,0,0
1602220277195,10,1010123456007,78,,1,0,6,1,1,,8.53125,96,25,0.068064,35,0,8.2,,0,0,0,0,0,0,0,0,0,,167,144,,0,0,0,0
1602220277445,10,1010123456007,78,,1,0,6,1,1,,12.2045,44,0,0.030784,22,0,11.6667,,0.1,19,0,0.1,8,0,0,5.00122,31,,42,40,,0,0,0,1.10526
1602220277695,10,1010123456007,78,,1,0,6,1,1,,15.9048,21,0,0.026688,10,0,11.6667,,0,0,0,0,0,0,0,0,0,,36,22,,0,0,0,0
1602220277945,10,1010123456007,78,,1,0,6,1,1,,16.7692,39,0,0.0427952,16,0,12,,0,0,0,0,0,0,0,0,0,,46,34,,0,0,0,0
1602220278195,10,1010123456007,78,,1,0,6,1,1,,16.7692,39,0,0.042624,16,0,13.5,,0,0,0,0,0,0,0,0,0,,37,34,,0,0,0,0
1602220278445,10,1010123456007,78,,1,0,6,1,1,,14.6304,46,0,0.0429558,18,0,12.5,,0.1,24,0,0.1,9,0,0,6.73544,31,,52,42,,0,0,0,1
1602220278695,10,1010123456007,78,,1,0,6,1,1,,17.7727,22,0,0.0277269,7,0,11.5,,0,0,0,0,0,0,0,0,0,,30,22,,0,0,0,0
1602220278945,10,1010123456007,78,,1,0,6,1,1,,15.0465,43,0,0.0434056,20,0,11.75,,0,0,0,0,0,0,0,0,0,,43,38,,0,0,0,0
1602220279195,10,1010123456007,78,,1,0,6,1,1,,17.2857,42,0,0.037184,14,0,11.5,,0,0,0,0,0,0,0,0,0,,49,38,,0,0,0,0
1602220279445,10,1010123456007,78,,1,0,6,1,1,,18.1481,27,0,0.042176,14,0,0.1,,0.1,21,0,0.1,8,0,0,6.12516,31,,22,22,,0,0,0,1
1602220279695,10,1010123456007,78,,1,0,6,1,1,,12.0909,55,109,0.042592,15,0,9,,0,0,0,0,0,0,0,0,0,,66,66,,0,0,0,0
1602220279945,10,1010123456007,78,,1,0,6,1,1,,2.82692,52,0,0.018816,28,0,10.75,,0,0,0,0,0,0,0,0,0,,82,78,,0,0,0,0
1602220280195,10,1010123456007,78,,1,0,6,1,1,,16.6842,19,0,0.02144,8,0,12,,0,0,0,0,0,0,0,0,0,,19,16,,0,0,0,0
1602220280445,10,1010123456007,78,,1,0,6,1,1,,9.78571,56,0,0.048512,23,0,8.75,,0.1,21,0,0.1,8,0,0,4.87916,31,,99,96,,0,0,0,1
1602220280695,10,1010123456007,78,,1,0,6,1,1,,17.44,25,0,0.024928,9,0,12,,0,0,0,0,0,0,0,0,0,,20,20,,0,0,0,0
1602220280945,10,1010123456007,78,,1,0,6,1,1,,16.7273,22,0,0.023008,9,0,12,,0,0,0,0,0,0,0,0,0,,24,18,,0,0,0,0
1602220281195,10,1010123456007,78,,1,0,6,1,1,,16.0667,15,0,0.0163213,6,0,12,,0,0,0,0,0,0,0,0,0,,19,14,,0,0,0,0
1602220281445,10,1010123456007,78,,1,0,6,1,1,,16.6111,18,0,0.021376,8,0,11.75,,0.1,19,0,0.1,8,0,0,4.41589,31,,26,16,,0,0,0,1
1602220281695,10,1010123456007,78,,1,0,6,1,1,,15.6341,41,0,0.042464,17,0,11,,0,0,0,0,0,0,0,0,0,,49,40,,0,0,0,0
1602220281945,10,1010123456007,78,,1,0,6,1,1,,14.5,30,0,0.031936,13,0,12,,0,0,0,0,0,0,0,0,0,,46,32,,0,0,0,0
1602220282195,10,1010123456007,78,,1,0,6,1,1,,18.0952,21,0,0.02144,8,0,12,,0,0,0,0,0,0,0,0,0,,20,16,,0,0,0,0
1602220282445,10,1010123456007,78,,1,0,6,1,1,,5.56637,113,0,0.047712,43,0,9.75,,0.1,23,0,0.1,9,0,0,6.03829,31,,187,174,,0,0,0,1
1602220282695,10,1010123456007,78,,1,0,6,1,1,,8.4875,80,0,0.064064,35,0,8,,0,0,0,0,0,0,0,0,0,,142,120,,0,0,0,0
1602220282945,10,1010123456007,78,,1,0,6,1,1,,16.8936,47,0,0.053152,19,0,12.6667,,0,0,0,0,0,0,0,0,0,,72,44,,0,0,0,0
1602220283195,10,1010123456007,78,,1,0,6,1,1,,16.8077,26,0,0.03184,11,0,13,,0,0,0,0,0,0,0,0,0,,27,22,,0,0,0,0
1602220283445,10,1010123456007,78,,1,0,6,1,1,,16.6667,33,0,0.03728,14,0,8.75,,0.32,25,0,0.1,10,0,0,7.71402,31,,34,30,,0,0,0,1
1602220283695,10,1010123456007,78,,1,0,6,1,1,,13.871,31,0,0.031968,12,0,11.5,,0,0,0,0,0,0,0,0,0,,50,28,,0,0,0,0
1602220283945,10,1010123456007,78,,1,0,6,1,1,,18.1556,45,0,0.053152,19,0,12,,0,0,0,0,0,0,0,0,0,,38,38,,0,0,0,0
1602220284195,10,1010123456007,78,,1,0,6,1,1,,16.7742,31,0,0.032,12,0,11.5,,0,0,0,0,0,0,0,0,0,,33,26,,0,0,0,0
1602220284445,10,1010123456007,78,,1,0,6,1,1,,15.8966,29,0,0.026656,10,0,12.5,,0,8,0,0,4,100,0,0,0,,35,26,,0,0,0,0
1602220284695,10,1010123456007,78,,1,0,6,1,1,,17.3571,28,0,0.031936,12,0,11.5,,0,0,0,0,0,0,0,0,0,,28,26,,0,0,0,0
1602220284945,10,1010123456007,78,,1,0,6,1,1,,16.8824,17,0,0.026816,8,0,12,,0,0,0,0,0,0,0,0,0,,31,14,,0,0,0,0
1602220285195,10,1010123456007,78,,1,0,6,1,1,,4.68889,90,0,0.0504096,36,0,10,,0,0,0,0,0,0,0,0,0,,194,192,,0,0,0,0
1602220285445,10,1010123456007,78,,1,0,6,1,1,,9.46,100,0,0.065504,38,0,10.5,,0.1,18,0,0.1,8,0,0,5.13001,31,,163,132,,0,0,0,1
1602220285695,10,1010123456007,78,,1,0,6,1,1,,15.7273,44,0,0.04832,18,0,12,,0,0,0,0,0,0,0,0,0,,56,46,,0,0,0,0
1602220285945,10,1010123456007,78,,1,0,6,1,1,,16.9344,61,0,0.074272,27,0,12.75,,0,0,0,0,0,0,0,0,0,,73,56,,0,0,0,0
1602220286195,10,1010123456007,78,,1,0,6,1,1,,12.7705,61,0,0.04848,24,0,10.5,,0,0,0,0,0,0,0,0,0,,62,56,,0,0,0,0
1602220286445,10,1010123456007,78,,1,0,6,1,1,,17.3226,31,0,0.037344,13,0,11.8,,0.1,30,0,0.1,11,36.3636,0,4.5597,31,,50,28,,0,0,0,4.6
1602220286695,10,1010123456007,78,,1,0,6,1,1,,17.6316,38,49,0.031936,12,0,11.75,,0,0,0,0,0,0,0,0,0,,41,30,,0,0,0,0
1602220286945,10,1010123456007,78,,1,0,6,1,1,,15.6032,63,0,0.079648,28,0,12.2,,0,0,0,0,0,0,0,0,0,,69,54,,0,0,0,0
1602220287195,10,1010123456007,78,,1,0,6,1,1,,17.7179,39,0,0.053056,16,0,13,,0,0,0,0,0,0,0,0,0,,70,40,,0,0,0,0
1602220287445,10,1010123456007,78,,1,0,6,1,1,,16.92,50,0,0.053088,20,0,12.25,,0.173913,23,0,0.1,9,0,0,6.84287,31,,45,42,,0,0,0,1
1602220287695,10,1010123456007,78,,1,0,6,1,1,,16.0571,35,0,0.03728,14,0,12.25,,0,0,0,0,0,0,0,0,0,,30,28,,0,0,0,0
1602220287945,10,1010123456007,78,,1,0,6,1,1,,17.7447,47,0,0.053088,19,0,11.75,,0,0,0,0,0,0,0,0,0,,55,40,,0,0,0,0
1602220288195,10,1010123456007,78,,1,0,6,1,1,,15.4375,32,0,0.031872,11,0,12.5,,0,0,0,0,0,0,0,0,0,,31,28,,0,0,0,0
1602220288445,10,1010123456007,78,,1,0,6,1,1,,12.4889,45,0,0.048544,21,0,11,,0.230769,26,0,0.1,10,0,0,6.59267,31,,61,48,,0,0,0,1
1602220288695,10,1010123456007,78,,1,0,6,1,1,,15.6,50,0,0.048128,20,0,11.5,,0,0,0,0,0,0,0,0,0,,58,42,,0,0,0,0
1602220288945,10,1010123456007,78,,1,0,6,1,1,,16.8833,60,0,0.06928,25,0,12,,0,0,0,0,0,0,0,0,0,,70,58,,0,0,0,0
1602220289195,10,1010123456007,78,,1,0,6,1,1,,16.65,20,0,0.021376,8,0,12,,0,0,0,0,0,0,0,0,0,,16,16,,0,0,0,0
1602220289445,10,1010123456007,78,,1,0,6,1,1,,16.6176,34,0,0.04416,14,0,13.3333,,0.1,26,0,0.1,10,0,0,6.45739,31,,36,32,,0,0,0,1
1602220289695,10,1010123456007,78,,1,0,6,1,1,,16.2683,41,0,0.042816,16,0,12,,0,0,0,0,0,0,0,0,0,,58,42,,0,0,0,0
1602220289945,10,1010123456007,78,,1,0,6,1,1,,9.44286,70,0,0.049376,29,0,10.5,,0,0,0,0,0,0,0,0,0,,98,82,,0,0,0,0
1602220290195,10,1010123456007,78,,1,0,6,1,1,,18.027,37,0,0.054816,15,0,13.5,,0,0,0,0,0,0,0,0,0,,41,32,,0,0,0,0
1602220290445,10,1010123456007,78,,1,0,6,1,1,,17.0968,31,0,0.037984,13,0,12.3333,,0.482759,29,0,0.1,11,0,0,6.02945,31,,35,26,,0,0,0,1
1602220290695,10,1010123456007,78,,1,0,6,1,1,,16.0364,55,93,0.048032,18,0,11.25,,0,0,0,0,0,0,0,0,0,,68,46,,0,0,0,0
1602220290945,10,1010123456007,78,,1,0,6,1,1,,15.2903,62,0,0.069728,29,0,12.6667,,0,2,0,0.1,1,0,0,0,31,,54,54,,0,0,0,0
1602220291195,10,1010123456007,78,,1,0,6,1,1,,17.5926,27,0,0.0268273,10,0,12.5,,0,0,0,0,0,0,0,0,0,,29,24,,0,0,0,0
1602220291445,10,1010123456007,78,,1,0,6,1,1,,16.4186,43,0,0.053056,19,0,10.3333,,0.1,20,0,0.1,8,0,0,5.30202,31,,39,36,,0,0,0,1
1602220291695,10,1010123456007,78,,1,0,6,1,1,,10.04,50,0,0.027904,20,0,12,,0,0,0,0,0,0,0,0,0,,57,44,,0,0,0,0
1602220291945,10,1010123456007,78,,1,0,6,1,1,,17.7368,38,14,0.037494,14,0,13,,0,0,0,0,0,0,0,0,0,,41,34,,0,0,0,0
1602220292195,10,1010123456007,78,,1,0,6,1,1,,12.4286,14,0,0.0163534,7,0,11.3333,,0,0,0,0,0,0,0,0,0,,17,12,,0,0,0,0
1602220292445,10,1010123456007,78,,1,0,6,1,1,,17.2667,45,222,0.042624,16,0,12.2,,0.1,23,0,0.1,9,0,0,5.76627,31,,58,38,,0,0,0,1
1602220292695,10,1010123456007,78,,1,0,6,1,1,,5.22549,102,0,0.051104,41,0,9,,0,0,0,0,0,0,0,0,0,,297,164,,0,0,0,0
1602220292945,10,1010123456007,78,,1,0,6,1,1,,16.6735,49,0,0.05616,21,0,12.3333,,0,0,0,0,0,0,0,0,0,,52,40,,0,0,0,0
1602220293195,10,1010123456007,78,,1,0,6,1,1,,16.4878,41,0,0.044672,17,0,12.25,,0,0,0,0,0,0,0,0,0,,37,32,,0,0,0,0
1602220293445,10,1010123456007,78,,1,0,6,1,1,,17.3333,39,0,0.0424,15,0,12,,0.181818,22,0,0.1,9,0,0,5.16289,31,,33,32,,0,0,0,1
1602220293695,10,1010123456007,78,,1,0,6,1,1,,17.0484,62,0,0.06384,24,0,12.3333,,0,0,0,0,0,0,0,0,0,,56,48,,0,0,0,0
1602220293945,10,1010123456007,78,,1,0,6,1,1,,17.9583,24,0,0.026592,10,0,12.25,,0,0,0,0,0,0,0,0,0,,23,20,,0,0,0,0
1602220294195,10,1010123456007,78,,1,0,6,1,1,,2.96078,102,0,0.035776,42,0,4.33333,,0,0,0,0,0,0,0,0,0,,173,164,,0,0,0,0
1602220294445,10,1010123456007,78,,1,0,6,1,1,,18.069,58,0,0.063904,23,0,12.25,,0.1,26,0,0.1,10,0,0,6.30234,31,,50,46,,0,0,0,1
1602220294695,10,1010123456007,78,,1,0,6,1,1,,15.7812,32,0,0.032128,12,0,12.6667,,0,0,0,0,0,0,0,0,0,,32,26,,0,0,0,0
1602220294945,10,1010123456007,78,,1,0,6,1,1,,13.8421,57,0,0.041824,19,0,8.5,,0,0,0,0,0,0,0,0,0,,52,48,,0,0,0,0
1602220295195,10,1010123456007,78,,1,0,6,1,1,,15.4815,27,0,0.033472,15,0,9.6,,0,0,0,0,0,0,0,0,0,,22,22,,0,0,0,0
1602220295445,10,1010123456007,78,,1,0,6,1,1,,2.81928,83,0,0.02432,32,0,9,,0.1,24,0,0.1,9,0,0,6.12834,31,,182,144,,0,0,0,1.125
1602220295695,10,1010123456007,78,,1,0,6,1,1,,16.4737,19,0,0.026592,10,0,10,,0,0,0,0,0,0,0,0,0,,26,24,,0,0,0,0
1602220295945,10,1010123456007,78,,1,0,6,1,1,,16.0741,27,0,0.026592,10,0,13,,0,0,0,0,0,0,0,0,0,,32,20,,0,0,0,0
1602220296195,10,1010123456007,78,,1,0,6,1,1,,17.6,20,0,0.02112,8,0,12,,0,0,0,0,0,0,0,0,0,,16,16,,0,0,0,0
1602220296445,10,1010123456007,78,,1,0,6,1,1,,14.2791,43,0,0.04256,17,0,9,,0.1,22,0,0.1,9,0,0,6.33032,31,,54,42,,0,0,0,1
1602220296695,10,1010123456007,78,,1,0,6,1,1,,16.8333,30,0,0.031936,12,0,12,,0,0,0,0,0,0,0,0,0,,33,24,,0,0,0,0
1602220296945,10,1010123456007,78,,1,0,6,1,1,,6.29412,51,0,0.022848,20,0,9.75,,0,0,0,0,0,0,0,0,0,,84,70,,0,0,0,0
1602220297195,10,1010123456007,78,,1,0,6,1,1,,17.7059,51,0,0.058208,21,0,12.3333,,0,0,0,0,0,0,0,0,0,,58,44,,0,0,0,0
1602220297445,10,1010123456007,78,,1,0,6,1,1,,17.0732,41,0,0.037216,14,0,12.5,,0.230769,26,0,0.1,10,0,0,5.72081,31,,44,32,,0,0,0,1.11538
1602220297695,10,1010123456007,78,,1,0,6,1,1,,16.2,55,0,0.058496,22,0,12.5,,0,0,0,0,0,0,0,0,0,,53,46,,0,0,0,0
1602220297945,10,1010123456007,78,,1,0,6,1,1,,17.75,20,0,0.021312,8,0,9.6,,0,0,0,0,0,0,0,0,0,,22,16,,0,0,0,0
1602220298195,10,1010123456007,78,,1,0,6,1,1,,15.2333,30,0,0.037312,14,0,12.3333,,0,0,0,0,0,0,0,0,0,,32,28,,0,0,0,0
1602220298445,10,1010123456007,78,,1,0,6,1,1,,17.6909,55,0,0.0636466,22,0,12,,1.4,15,0,0.1,6,0,0,5.77432,31,,72,44,,0,0,0,1.2
1602220298695,10,1010123456007,78,,1,0,6,1,1,,17.2593,27,0,0.0267309,10,0,11.25,,0,0,0,0,0,0,0,0,0,,31,22,,0,0,0,0
1602220298945,10,1010123456007,78,,1,0,6,1,1,,17.7273,44,0,0.042624,16,0,11.3333,,0,0,0,0,0,0,0,0,0,,38,36,,0,0,0,0
1602220299195,10,1010123456007,78,,1,0,6,1,1,,18.7632,38,37,0.041088,14,0,12,,0,0,0,0,0,0,0,0,0,,51,32,,0,0,0,0
1602220299445,10,1010123456007,78,,1,0,6,1,1,,15.2292,48,0,0.059744,21,0,12.4,,0.210526,19,0,0.1,8,0,0,5.39885,31,,72,46,,0,0,0,1
1602220299695,10,1010123456007,78,,1,0,6,1,1,,15.8667,30,0,0.042368,15,0,12.4,,0,0,0,0,0,0,0,0,0,,57,32,,0,0,0,0
1602220299945,10,1010123456007,78,,1,0,6,1,1,,17.3846,39,0,0.042368,15,0,10.25,,0,0,0,0,0,0,0,0,0,,35,30,,0,0,0,0
1602220300195,10,1010123456007,78,,1,0,6,1,1,,17.2857,35,0,0.03728,14,0,12,,0,0,0,0,0,0,0,0,0,,40,28,,0,0,0,0
1602220300445,10,1010123456007,78,,1,0,6,1,1,,4.70253,158,0,0.063744,62,0,9.25,,0,18,0,0.1,9,0,0,0,31,,313,244,,0,0,0,0
1602220300695,10,1010123456007,78,,1,0,6,1,1,,14.0667,15,0,0.015904,6,0,13,,0,0,0,0,0,0,0,0,0,,12,12,,0,0,0,0
1602220300945,10,1010123456007,78,,1,0,6,1,1,,17.6744,43,0,0.047936,17,0,12.6667,,0,0,0,0,0,0,0,0,0,,54,40,,0,0,0,0
1602220301195,10,1010123456007,78,,1,0,6,1,1,,14.6,30,0,0.037152,13,0,12.3333,,0,0,0,0,0,0,0,0,0,,34,28,,0,0,0,0
1602220301445,10,1010123456007,78,,1,0,6,1,1,,13.9,10,0,0.010624,4,0,12.6667,,0.1,22,0,0.1,9,0,0,5.97449,31,,8,8,,0,0,0,1
1602220301695,10,1010123456007,78,,1,0,6,1,1,,17.4,10,0,0.010688,4,0,12,,0,0,0,0,0,0,0,0,0,,8,8,,0,0,0,0
1602220301945,10,1010123456007,78,,1,0,6,1,1,,17.0964,83,0,0.090016,33,0,12,,0,0,0,0,0,0,0,0,0,,115,72,,0,0,0,0
1602220302195,10,1010123456007,78,,1,0,6,1,1,,16.5,28,0,0.031744,11,0,12.6667,,0,0,0,0,0,0,0,0,0,,30,24,,0,0,0,0
1602220302445,10,1010123456007,78,,1,0,6,1,1,,16.3889,18,0,0.021536,8,0,12.1429,,0.1,22,0,0.1,9,0,0,6.00856,31,,23,20,,0,0,0,1
1602220302695,10,1010123456007,78,,1,0,6,1,1,,16.1333,30,0,0.026656,10,0,12.5,,0,0,0,0,0,0,0,0,0,,24,24,,0,0,0,0
1602220302945,10,1010123456007,78,,1,0,6,1,1,,16.2821,39,0,0.048128,18,0,12,,0,0,0,0,0,0,0,0,0,,47,38,,0,0,0,0
1602220303195,10,1010123456007,78,,1,0,6,1,1,,13.3214,28,0,0.02176,11,0,10.25,,0,0,0,0,0,0,0,0,0,,30,24,,0,0,0,0
1602220303445,10,1010123456007,78,,1,0,6,1,1,,15.4286,28,0,0.0267309,11,0,12,,0.1,24,0,0.1,10,0,0,5.85742,31,,22,22,,0,0,0,1
1602220303695,10,1010123456007,78,,1,0,6,1,1,,16.9667,30,0,0.036992,12,0,11.5,,0,0,0,0,0,0,0,0,0,,42,28,,0,0,0,0
1602220303945,10,1010123456007,78,,1,0,6,1,1,,17.5,20,0,0.021504,8,0,12,,0,0,0,0,0,0,0,0,0,,26,16,,0,0,0,0
1602220304195,10,1010123456007,78,,1,0,6,1,1,,17.48,50,0,0.053152,19,0,12,,0,0,0,0,0,0,0,0,0,,50,44,,0,0,0,0
1602220304445,10,1010123456007,78,,1,0,6,1,1,,15.9091,44,0,0.0485783,19,0,11.5,,0.153846,26,0,0.1,10,0,0,4.91098,31,,48,36,,0,0,0,1.07692
1602220304695,10,1010123456007,78,,1,0,6,1,1,,17.1111,27,0,0.037088,12,0,12.6667,,0,0,0,0,0,0,0,0,0,,68,28,,0,0,0,0
1602220304945,10,1010123456007,78,,1,0,6,1,1,,16.963,54,0,0.05856,22,0,12,,0,0,0,0,0,0,0,0,0,,51,44,,0,0,0,0
1602220305195,10,1010123456007,78,,1,0,6,1,1,,16.4681,47,0,0.0600803,20,0,12.75,,0,0,0,0,0,0,0,0,0,,63,44,,0,0,0,0
1602220305445,10,1010123456007,78,,1,0,6,1,1,,19.3953,43,0,0.0473574,14,0,12.25,,0.1,21,0,0.1,8,0,0,6.80904,31,,38,34,,0,0,0,1
1602220305695,10,1010123456007,78,,1,0,6,1,1,,19.7391,23,0,0.03936,12,0,12.5,,0,0,0,0,0,0,0,0,0,,40,24,,0,0,0,0
1602220305945,10,1010123456007,78,,1,0,6,1,1,,16.3611,36,0,0.042656,15,0,11.6667,,0,0,0,0,0,0,0,0,0,,34,32,,0,0,0,0
1602220306195,10,1010123456007,78,,1,0,6,1,1,,17.65,20,0,0.021312,8,0,12.25,,0,0,0,0,0,0,0,0,0,,16,16,,0,0,0,0
1602220306445,10,1010123456007,78,,1,0,6,1,1,,17.7812,32,0,0.031776,11,0,11,,0,0,0,0,0,0,0,0,0,,31,28,,0,0,0,0
1602220306695,10,1010123456007,78,,1,0,6,1,1,,17.5,24,0,0.037696,12,0,11,,0.521739,23,0,0.1,9,0,0,5.46975,31,,27,22,,0,0,0,1
1602220306945,10,1010123456007,78,,1,0,6,1,1,,15.1224,49,0,0.047712,19,0,12.6667,,0,0,0,0,0,0,0,0,0,,47,42,,0,0,0,0
1602220307195,10,1010123456007,78,,1,0,6,1,1,,16.2,65,0,0.064384,26,0,11,,0,0,0,0,0,0,0,0,0,,69,54,,0,0,0,0
1602220307445,10,1010123456007,78,,1,0,6,1,1,,16.7292,48,0,0.053504,19,0,12.4,,0.1,23,0,0.1,9,0,0,4.08286,31,,57,42,,0,0,0,1.13043
1602220307695,10,1010123456007,78,,1,0,6,1,1,,16.375,40,0,0.032,12,0,12,,0,0,0,0,0,0,0,0,0,,45,36,,0,0,0,0
1602220307945,10,1010123456007,78,,1,0,6,1,1,,14.7069,58,0,0.059008,25,0,11,,0,0,0,0,0,0,0,0,0,,61,52,,0,0,0,0
1602220308195,10,1010123456007,78,,1,0,6,1,1,,16.6429,56,0,0.058592,22,0,12.25,,0,0,0,0,0,0,0,0,0,,64,48,,0,0,0,0
1602220308445,10,1010123456007,78,,1,0,6,1,1,,17.4,25,0,0.032032,12,0,12.25,,0.1,26,0,0.1,10,0,0,5.84539,31,,20,20,,0,0,0,1
1602220308695,10,1010123456007,78,,1,0,6,1,1,,18,28,0,0.026624,9,0,12.3333,,0,0,0,0,0,0,0,0,0,,31,22,,0,0,0,0
1602220308945,10,1010123456007,78,,1,0,6,1,1,,18.2368,38,0,0.0482892,17,0,13,,0,0,0,0,0,0,0,0,0,,38,32,,0,0,0,0
1602220309195,10,1010123456007,78,,1,0,6,1,1,,14.2286,35,0,0.037312,14,0,12.5,,0,0,0,0,0,0,0,0,0,,39,32,,0,0,0,0
1602220309445,10,1010123456007,78,,1,0,6,1,1,,16.8182,55,0,0.063552,22,0,12.75,,0.4,25,0,0.1,10,0,0,5.28744,31,,61,48,,0,0,0,1
1602220309695,10,1010123456007,78,,1,0,6,1,1,,3.61446,83,37,0.029792,33,0,9.25,,0,0,0,0,0,0,0,0,0,,143,136,,0,0,0,0
1602220309945,10,1010123456007,78,,1,0,6,1,1,,15.3929,28,0,0.030747,11,0,12,,0,0,0,0,0,0,0,0,0,,28,24,,0,0,0,0
1602220310195,10,1010123456007,78,,1,0,6,1,1,,14.92,25,0,0.028288,11,0,11.6667,,0,0,0,0,0,0,0,0,0,,38,28,,0,0,0,0
1602220310445,10,1010123456007,78,,1,0,6,1,1,,5.89247,93,158,0.0490602,35,0,10.3333,,0.1,21,0,0.1,8,0,0,5.33551,31,,221,156,,0,0,0,1
1602220310695,10,1010123456007,78,,1,0,6,1,1,,5.67677,99,0,0.057472,42,0,9.6,,0,0,0,0,0,0,0,0,0,,198,150,,0,0,0,0
1602220310945,10,1010123456007,78,,1,0,6,1,1,,16.4783,46,0,0.04768,17,0,13,,0,0,0,0,0,0,0,0,0,,58,42,,0,0,0,0
1602220311195,10,1010123456007,78,,1,0,6,1,1,,4.69149,94,0,0.0458474,39,0,8.6,,0,0,0,0,0,0,0,0,0,,188,156,,0,0,0,0
1602220311445,10,1010123456007,78,,1,0,6,1,1,,14.9655,29,0,0.031872,12,0,12.4,,0.1,21,0,0.1,9,0,0,6.34356,31,,32,24,,0,0,0,1
1602220311695,10,1010123456007,78,,1,0,6,1,1,,18,15,0,0.0159679,6,0,13,,0,0,0,0,0,0,0,0,0,,12,12,,0,0,0,0
1602220311945,10,1010123456007,78,,1,0,6,1,1,,16.2857,35,0,0.031968,12,0,12.3333,,0,0,0,0,0,0,0,0,0,,36,30,,0,0,0,0
1602220312195,10,1010123456007,78,,1,0,6,1,1,,18.093,43,0,0.058208,20,0,12.6,,0,0,0,0,0,0,0,0,0,,54,38,,0,0,0,0
1602220312445,10,1010123456007,78,,1,0,6,1,1,,15.2,35,0,0.032128,14,0,11.4,,0.1,21,0,0.1,8,0,0,5.64995,31,,36,28,,0,0,0,1.14286
1602220312695,10,1010123456007,78,,1,0,6,1,1,,1.09412,85,0,0.020096,34,0,9.2,,0,0,0,0,0,0,0,0,0,,176,158,,0,0,0,0
1602220312945,10,1010123456007,78,,1,0,6,1,1,,16.9211,38,0,0.0424,15,0,12.6667,,0,0,0,0,0,0,0,0,0,,54,34,,0,0,0,0
1602220313195,10,1010123456007,78,,1,0,6,1,1,,18.7619,42,0,0.047424,16,0,12.6667,,0,0,0,0,0,0,0,0,0,,52,32,,0,0,0,0
1602220313445,10,1010123456007,78,,1,0,6,1,1,,15.8333,42,0,0.042624,16,0,10.25,,0.26087,23,0,0.1,10,0,0,5.42931,31,,43,34,,0,0,0,1
1602220313695,10,1010123456007,78,,1,0,6,1,1,,2.75,64,0,0.018656,26,0,12.5,,0,0,0,0,0,0,0,0,0,,104,102,,0,0,0,0
1602220313945,10,1010123456007,78,,1,0,6,1,1,,15.6552,29,0,0.032064,12,0,12,,0,0,0,0,0,0,0,0,0,,30,28,,0,0,0,0
1602220314195,10,1010123456007,78,,1,0,6,1,1,,16.8529,34,0,0.037184,13,0,12.6667,,0,0,0,0,0,0,0,0,0,,48,28,,0,0,0,0
1602220314445,10,1010123456007,78,,1,0,6,1,1,,17.5686,51,0,0.058624,20,0,12.6667,,0.363636,22,0,0.1,9,0,0,5.24896,31,,58,42,,0,0,0,1
1602220314695,10,1010123456007,78,,1,0,6,1,1,,15.7419,62,0,0.063872,24,0,12.8333,,0,0,0,0,0,0,0,0,0,,86,56,,0,0,0,0
1602220314945,10,1010123456007,78,,1,0,6,1,1,,15.2368,38,0,0.0373012,14,0,11,,0,0,0,0,0,0,0,0,0,,41,30,,0,0,0,0
1602220315195,10,1010123456007,78,,1,0,6,1,1,,14.1628,43,0,0.0483534,18,0,12.5,,0,0,0,0,0,0,0,0,0,,41,38,,0,0,0,0
1602220315445,10,1010123456007,78,,1,0,6,1,1,,17.6364,44,0,0.042304,15,0,12.3333,,0.24,25,0,0.1,10,0,0,5.13344,31,,41,34,,0,0,0,1
1602220315695,10,1010123456007,78,,1,0,6,1,1,,17.1702,47,0,0.053376,20,0,12.75,,0,0,0,0,0,0,0,0,0,,45,38,,0,0,0,0
1602220315945,10,1010123456007,78,,1,0,6,1,1,,16.5484,31,0,0.031968,12,0,12.5,,0,0,0,0,0,0,0,0,0,,27,26,,0,0,0,0
1602220316195,10,1010123456007,78,,1,0,6,1,1,,16.5854,41,0,0.047648,16,0,12.6,,0,0,0,0,0,0,0,0,0,,54,36,,0,0,0,0
1602220316445,10,1010123456007,78,,1,0,6,1,1,,15.3143,35,0,0.037024,14,0,12.75,,0.1,25,0,0.1,10,0,0,4.05808,31,,50,28,,0,0,0,1
1602220316695,10,1010123456007,78,,1,0,6,1,1,,7.17391,69,0,0.038496,27,0,9.2,,0,0,0,0,0,0,0,0,0,,119,98,,0,0,0,0
1602220316945,10,1010123456007,78,,1,0,6,1,1,,15.931,29,0,0.032544,13,0,13,,0,0,0,0,0,0,0,0,0,,30,26,,0,0,0,0
1602220317195,10,1010123456007,78,,1,0,6,1,1,,5.32143,112,0,0.051776,47,0,9.33333,,0,0,0,0,0,0,0,0,0,,150,136,,0,0,0,0
1602220317445,10,1010123456007,78,,1,0,6,1,1,,18.1481,27,0,0.021376,8,0,13,,0.1,23,0,0.1,9,0,0,5.73363,31,,28,24,,0,0,0,1
1602220317695,10,1010123456007,78,,1,0,6,1,1,,15.7727,22,0,0.032,12,0,12.3333,,0,0,0,0,0,0,0,0,0,,25,18,,0,0,0,0
1602220317945,10,1010123456007,78,,1,0,6,1,1,,16.9783,46,0,0.047744,18,0,13,,0,0,0,0,0,0,0,0,0,,47,36,,0,0,0,0
1602220318195,10,1010123456007,78,,1,0,6,1,1,,18.9677,31,0,0.0371084,12,0,13,,0,0,0,0,0,0,0,0,0,,32,24,,0,0,0,0
1602220318445,10,1010123456007,78,,1,0,6,1,1,,19.4651,43,0,0.057984,18,0,12.4,,0.8125,16,0,0.1,6,0,0,5.48114,31,,59,38,,0,0,0,1
1602220318695,10,1010123456007,78,,1,0,6,1,1,,16,38,0,0.03712,14,0,12.6667,,0,0,0,0,0,0,0,0,0,,42,30,,0,0,0,0
1602220318945,10,1010123456007,78,,1,0,6,1,1,,16.5333,15,0,0.015904,6,0,12.6667,,0,0,0,0,0,0,0,0,0,,14,12,,0,0,0,0
1602220319195,10,1010123456007,78,,1,0,6,1,1,,17.5,40,73,0.032,12,0,12,,0,0,0,0,0,0,0,0,0,,32,32,,0,0,0,0
1602220319445,10,1010123456007,78,,1,0,6,1,1,,14.1538,26,0,0.04224,15,0,12.6667,,0.181818,22,0,0.1,9,0,0,5.58965,31,,37,26,,0,0,0,1
1602220319695,10,1010123456007,78,,1,0,6,1,1,,18.963,27,0,0.03168,11,0,13,,0,0,0,0,0,0,0,0,0,,24,22,,0,0,0,0
1602220319945,10,1010123456007,78,,1,0,6,1,1,,16.2727,11,0,0.010656,4,0,12.3333,,0,0,0,0,0,0,0,0,0,,16,8,,0,0,0,0
1602220320195,10,1010123456007,78,,1,0,6,1,1,,14.8723,47,0,0.053056,19,0,13.25,,0,0,0,0,0,0,0,0,0,,44,38,,0,0,0,0
1602220320445,10,1010123456007,78,,1,0,6,1,1,,8.66129,62,0,0.034304,19,0,9,,0.1,26,0,0.1,10,0,0,5.59187,31,,117,78,,0,0,0,1
1602220320695,10,1010123456007,78,,1,0,6,1,1,,14.8,25,0,0.0312,16,0,13,,0,0,0,0,0,0,0,0,0,,26,22,,0,0,0,0
1602220320945,10,1010123456007,78,,1,0,6,1,1,,18.92,25,0,0.03152,10,0,12.3333,,0.1,3,0,0.1,1,0,0,2.22691,31,,31,22,,0,0,0,1
1602220321195,10,1010123456007,78,,1,0,6,1,1,,10.9167,72,0,0.048992,29,0,10.6667,,0,0,0,0,0,0,0,0,0,,106,64,,0,0,0,0
1602220321445,10,1010123456007,78,,1,0,6,1,1,,17.7742,31,0,0.031584,10,0,10,,0.1,19,0,0.1,7,0,0,6.02383,31,,63,26,,0,0,0,1
1602220321695,10,1010123456007,78,,1,0,6,1,1,,16.6176,34,0,0.042848,16,0,13,,0,0,0,0,0,0,0,0,0,,41,30,,0,0,0,0
1602220321945,10,1010123456007,78,,1,0,6,1,1,,18.0606,33,0,0.036928,12,0,11.3333,,0,0,0,0,0,0,0,0,0,,105,24,,0,0,0,0
1602220322195,10,1010123456007,78,,1,0,6,1,1,,17.2564,39,0,0.047616,16,0,13,,0,0,0,0,0,0,0,0,0,,47,34,,0,0,0,0
1602220322445,10,1010123456007,78,,1,0,6,1,1,,17.6098,41,0,0.047648,16,0,12.8333,,0.1,20,0,0.1,8,0,0,3.68321,31,,48,34,,0,0,0,1
1602220322695,10,1010123456007,78,,1,0,6,1,1,,15.129,31,0,0.031968,12,0,12,,0,0,0,0,0,0,0,0,0,,40,26,,0,0,0,0
1602220322945,10,1010123456007,78,,1,0,6,1,1,,6.62766,94,0,0.045248,38,0,10,,0,0,0,0,0,0,0,0,0,,118,100,,0,0,0,0
1602220323195,10,1010123456007,78,,1,0,6,1,1,,16.4571,35,0,0.0372369,14,0,13,,0,0,0,0,0,0,0,0,0,,39,28,,0,0,0,0
1602220323445,10,1010123456007,78,,1,0,6,1,1,,17.42,50,0,0.058432,20,0,13,,0.24,25,0,0.1,10,0,0,5.38582,31,,92,44,,0,0,0,1
1602220323695,10,1010123456007,78,,1,0,6,1,1,,15.1111,18,0,0.021312,8,0,13,,0,0,0,0,0,0,0,0,0,,26,18,,0,0,0,0
1602220323945,10,1010123456007,78,,1,0,6,1,1,,9.72727,66,0,0.043744,25,0,9.75,,0,0,0,0,0,0,0,0,0,,92,72,,0,0,0,0
1602220324195,10,1010123456007,78,,1,0,6,1,1,,3.04375,160,0,0.069728,66,0,10.2,,0,0,0,0,0,0,0,0,0,,354,266,,0,0,0,0
1602220324445,10,1010123456007,78,,1,0,6,1,1,,16.7368,38,0,0.042464,15,0,12.6667,,0.1,22,0,0.1,9,0,0,4.81894,31,,41,32,,0,0,0,1
1602220324695,10,1010123456007,78,,1,0,6,1,1,,17.8,20,0,0.0213655,8,0,13,,0,0,0,0,0,0,0,0,0,,31,16,,0,0,0,0
1602220324945,10,1010123456007,78,,1,0,6,1,1,,17.3667,30,0,0.0372691,12,0,13,,0,0,0,0,0,0,0,0,0,,28,24,,0,0,0,0
1602220325195,10,1010123456007,78,,1,0,6,1,1,,15.7391,46,0,0.04784,18,0,12.6667,,0,0,0,0,0,0,0,0,0,,42,38,,0,0,0,0
1602220325445,10,1010123456007,78,,1,0,6,1,1,,14.2609,69,0,0.059759,28,0,11.5,,0.153846,26,0,0.1,10,0,0,5.78621,31,,76,60,,0,0,0,1.07692
1602220325695,10,1010123456007,78,,1,0,6,1,1,,15.2857,21,0,0.021216,8,0,12.6667,,0,0,0,0,0,0,0,0,0,,29,20,,0,0,0,0
1602220325945,10,1010123456007,78,,1,0,6,1,1,,2.1194,134,233,0.032672,49,0,10.5,,0,0,0,0,0,0,0,0,0,,221,192,,0,0,0,0
1602220326195,10,1010123456007,78,,1,0,6,1,1,,9.15254,59,0,0.04288,28,0,11.6,,0,0,0,0,0,0,0,0,0,,86,66,,0,0,0,0
1602220326445,10,1010123456007,78,,1,0,6,1,1,,15.9524,21,0,0.016,6,0,12.5714,,0.333333,18,0,0.1,7,14.2857,0,4.37463,31,,27,18,,0,0,0,2
1602220326695,10,1010123456007,78,,1,0,6,1,1,,16.8056,36,0,0.052704,18,0,9.66667,,0,0,0,0,0,0,0,0,0,,66,38,,0,0,0,0
1602220326945,10,1010123456007,78,,1,0,6,1,1,,14.1765,51,0,0.048224,21,0,12,,0,0,0,0,0,0,0,0,0,,52,44,,0,0,0,0
1602220327195,10,1010123456007,78,,1,0,6,1,1,,16.2222,54,0,0.05808,20,0,13.3333,,0,0,0,0,0,0,0,0,0,,70,50,,0,0,0,0
1602220327445,10,1010123456007,78,,1,0,6,1,1,,15.5,30,0,0.037408,14,0,13,,0.1,24,0,0.1,9,0,0,6.34345,31,,28,24,,0,0,0,1
1602220327695,10,1010123456007,78,,1,0,6,1,1,,15.7,40,75,0.042528,15,0,11.5,,0,0,0,0,0,0,0,0,0,,40,34,,0,0,0,0
1602220327945,10,1010123456007,78,,1,0,6,1,1,,15.32,25,0,0.025504,10,0,12,,0,0,0,0,0,0,0,0,0,,28,20,,0,0,0,0
1602220328195,10,1010123456007,78,,1,0,6,1,1,,16.6512,43,0,0.049253,18,0,12.6667,,0,0,0,0,0,0,0,0,0,,41,36,,0,0,0,0
1602220328445,10,1010123456007,78,,1,0,6,1,1,,15.0667,30,0,0.02688,12,0,12.25,,0.181818,22,0,0.1,9,0,0,5.45998,31,,31,26,,0,0,0,1
1602220328695,10,1010123456007,78,,1,0,6,1,1,,14.4444,54,0,0.05328,22,0,13,,0,0,0,0,0,0,0,0,0,,52,44,,0,0,0,0
1602220328945,10,1010123456007,78,,1,0,6,1,1,,15.2381,21,0,0.021312,8,0,13,,0,0,0,0,0,0,0,0,0,,19,16,,0,0,0,0
1602220329195,10,1010123456007,78,,1,0,6,1,1,,16.2564,39,0,0.04752,16,0,12,,0,0,0,0,0,0,0,0,0,,67,40,,0,0,0,0
1602220329445,10,1010123456007,78,,1,0,6,1,1,,15.875,32,0,0.037024,13,0,13,,0.56,25,0,0.1,10,0,0,5.45186,31,,54,32,,0,0,0,1
1602220329695,10,1010123456007,78,,1,0,6,1,1,,16.6053,38,0,0.042656,15,0,13,,0,0,0,0,0,0,0,0,0,,42,36,,0,0,0,0
1602220329945,10,1010123456007,78,,1,0,6,1,1,,16.2778,36,0,0.037344,14,0,12.5,,0,0,0,0,0,0,0,0,0,,32,28,,0,0,0,0
1602220330195,10,1010123456007,78,,1,0,6,1,1,,12.5122,41,0,0.0325141,16,0,11.25,,0,0,0,0,0,0,0,0,0,,41,38,,0,0,0,0
1602220330445,10,1010123456007,78,,1,0,6,1,1,,15.4286,63,0,0.063872,24,0,10.25,,0.1,16,0,0.1,7,0,0,4.67143,31,,89,66,,0,0,0,1
1602220330695,10,1010123456007,78,,1,0,6,1,1,,16.0571,35,0,0.042624,16,0,13,,0,0,0,0,0,0,0,0,0,,31,30,,0,0,0,0
1602220330945,10,1010123456007,78,,1,0,6,1,1,,16.2973,37,0,0.0428594,15,0,12.6667,,0,0,0,0,0,0,0,0,0,,59,36,,0,0,0,0
1602220331195,10,1010123456007,78,,1,0,6,1,1,,14.8667,75,0,0.074592,28,0,12.6667,,0,0,0,0,0,0,0,0,0,,84,66,,0,0,0,0
1602220331445,10,1010123456007,78,,1,0,6,1,1,,6.8421,76,0,0.0497349,33,0,10,,0.16,25,0,0.1,10,0,0,5.56757,31,,120,104,,0,0,0,1
1602220331695,10,1010123456007,78,,1,0,6,1,1,,13.6667,15,0,0.016288,6,0,13,,0,0,0,0,0,0,0,0,0,,29,18,,0,0,0,0
1602220331945,10,1010123456007,78,,1,0,6,1,1,,18.3864,44,30,0.047616,17,0,12.75,,0,0,0,0,0,0,0,0,0,,72,38,,0,0,0,0
1602220332195,10,1010123456007,78,,1,0,6,1,1,,12.9231,26,0,0.02672,11,0,10.75,,0,0,0,0,0,0,0,0,0,,38,24,,0,0,0,0
1602220332445,10,1010123456007,78,,1,0,6,1,1,,16.7619,42,0,0.0425703,15,0,12.75,,0.1,23,0,0.1,9,0,0,3.85609,31,,95,36,,0,0,0,1
1602220332695,10,1010123456007,78,,1,0,6,1,1,,15.2903,31,0,0.037344,14,0,12.3333,,0,0,0,0,0,0,0,0,0,,27,26,,0,0,0,0
1602220332945,10,1010123456007,78,,1,0,6,1,1,,17.2368,38,0,0.047456,16,0,12.5,,0,0,0,0,0,0,0,0,0,,53,38,,0,0,0,0
1602220333195,10,1010123456007,78,,1,0,6,1,1,,11.8788,66,0,0.049856,22,0,10,,0,0,0,0,0,0,0,0,0,,71,66,,0,0,0,0
1602220333445,10,1010123456007,78,,1,0,6,1,1,,18.0769,39,0,0.052416,20,0,11.1667,,0.1,22,0,0.1,9,0,0,5.4995,31,,44,34,,0,0,0,1
1602220333695,10,1010123456007,78,,1,0,6,1,1,,17.3,30,0,0.026592,10,0,13,,0,0,0,0,0,0,0,0,0,,29,26,,0,0,0,0
1602220333945,10,1010123456007,78,,1,0,6,1,1,,17.4286,35,0,0.042592,16,0,12.6667,,0,0,0,0,0,0,0,0,0,,38,28,,0,0,0,0
1602220334195,10,1010123456007,78,,1,0,6,1,1,,16.5263,38,14,0.037248,14,0,12.6667,,0,0,0,0,0,0,0,0,0,,47,32,,0,0,0,0
1602220334445,10,1010123456007,78,,1,0,6,1,1,,18.0333,30,0,0.042272,13,0,13,,0.26087,23,0,0.1,9,0,0,6.43288,31,,26,24,,0,0,0,1
1602220334695,10,1010123456007,78,,1,0,6,1,1,,16,44,0,0.047712,17,0,13,,0,0,0,0,0,0,0,0,0,,58,38,,0,0,0,0
1602220334945,10,1010123456007,78,,1,0,6,1,1,,15.92,50,0,0.053344,20,0,13,,0,0,0,0,0,0,0,0,0,,42,40,,0,0,0,0
1602220335195,10,1010123456007,78,,1,0,6,1,1,,19.84,25,0,0.03184,10,0,11.6667,,0,0,0,0,0,0,0,0,0,,26,20,,0,0,0,0
1602220335445,10,1010123456007,78,,1,0,6,1,1,,13.9697,33,0,0.03216,14,0,13,,0.181818,22,0,0.1,9,0,0,5.4635,31,,45,32,,0,0,0,1
1602220335695,10,1010123456007,78,,1,0,6,1,1,,16.9333,30,0,0.042112,14,0,13,,0,0,0,0,0,0,0,0,0,,57,30,,0,0,0,0
1602220335945,10,1010123456007,78,,1,0,6,1,1,,16.4706,34,0,0.037248,13,0,12.75,,0,0,0,0,0,0,0,0,0,,40,30,,0,0,0,0
1602220336195,10,1010123456007,78,,1,0,6,1,1,,17.383,47,0,0.053216,19,0,12.5,,0,0,0,0,0,0,0,0,0,,71,42,,0,0,0,0
1602220336445,10,1010123456007,78,,1,0,6,1,1,,14.9683,63,0,0.0644819,25,0,11.3333,,0.521739,23,0,0.1,9,0,0,5.35201,31,,74,56,,0,0,0,1
1602220336695,10,1010123456007,78,,1,0,6,1,1,,7.57025,121,0,0.067456,48,0,9.25,,0,0,0,0,0,0,0,0,0,,185,166,,0,0,0,0
1602220336945,10,1010123456007,78,,1,0,6,1,1,,17.4167,36,0,0.0428594,15,0,12.8,,0,0,0,0,0,0,0,0,0,,32,30,,0,0,0,0
1602220337195,10,1010123456007,78,,1,0,6,1,1,,16.2979,47,0,0.047616,17,0,13,,0,0,0,0,0,0,0,0,0,,52,40,,0,0,0,0
1602220337445,10,1010123456007,78,,1,0,6,1,1,,15.7143,35,0,0.042528,16,0,13,,0.1,23,0,0.1,9,0,0,4.49686,31,,70,30,,0,0,0,1
1602220337695,10,1010123456007,78,,1,0,6,1,1,,15.6731,52,0,0.053312,20,0,13,,0,0,0,0,0,0,0,0,0,,48,40,,0,0,0,0
1602220337945,10,1010123456007,78,,1,0,6,1,1,,15.3548,31,0,0.031872,12,0,13,,0,0,0,0,0,0,0,0,0,,31,28,,0,0,0,0
1602220338195,10,1010123456007,78,,1,0,6,1,1,,6.80488,41,304,0.013696,8,0,8.5,,0,0,0,0,0,0,0,0,0,,44,36,,0,0,0,0
1602220338445,10,1010123456007,78,,1,0,6,1,1,,15.6818,66,0,0.072576,34,0,13,,0.153846,26,0,0.1,10,0,0,7.08009,31,,69,56,,0,0,0,1.07692
1602220338695,10,1010123456007,78,,1,0,6,1,1,,16.4286,28,0,0.031808,11,0,13,,0,0,0,0,0,0,0,0,0,,26,24,,0,0,0,0
1602220338945,10,1010123456007,78,,1,0,6,1,1,,16.2143,42,0,0.04784,17,0,13,,0,0,0,0,0,0,0,0,0,,38,34,,0,0,0,0
1602220339195,10,1010123456007,78,,1,0,6,1,1,,17.6,30,0,0.036832,11,0,12.75,,0,0,0,0,0,0,0,0,0,,56,26,,0,0,0,0
1602220339445,10,1010123456007,78,,1,0,6,1,1,,12.973,37,0,0.032128,15,0,9.66667,,0.1,20,0,0.1,8,0,0,4.96466,31,,42,30,,0,0,0,1.15
1602220339695,10,1010123456007,78,,1,0,6,1,1,,16.6842,38,0,0.042496,15,0,13,,0,0,0,0,0,0,0,0,0,,39,32,,0,0,0,0
1602220339945,10,1010123456007,78,,1,0,6,1,1,,13.4762,21,0,0.016128,8,0,11.3333,,0,0,0,0,0,0,0,0,0,,21,16,,0,0,0,0
1602220340195,10,1010123456007,78,,1,0,6,1,1,,15.8788,33,0,0.037152,13,0,12.6667,,0,0,0,0,0,0,0,0,0,,32,28,,0,0,0,0
1602220340445,10,1010123456007,78,,1,0,6,1,1,,14.9796,49,0,0.047168,19,0,11,,0.1,23,0,0.1,9,0,0,6.23371,31,,66,48,,0,0,0,1
1602220340695,10,1010123456007,78,,1,0,6,1,1,,16.68,50,0,0.054208,21,0,12.2,,0,0,0,0,0,0,0,0,0,,70,44,,0,0,0,0
1602220340945,10,1010123456007,78,,1,0,6,1,1,,19.4286,7,0,0.010656,3,0,13,,0,0,0,0,0,0,0,0,0,,11,8,,0,0,0,0
1602220341195,10,1010123456007,78,,1,0,6,1,1,,15.9286,14,0,0.015776,5,0,13,,0,0,0,0,0,0,0,0,0,,18,14,,0,0,0,0
1602220341445,10,1010123456007,78,,1,0,6,1,1,,15.75,20,0,0.016,6,0,13,,0.380952,21,0,0.1,9,0,0,5.74258,31,,20,16,,0,0,0,1
1602220341695,10,1010123456007,78,,1,0,6,1,1,,17.1622,37,0,0.042368,15,0,12.5,,0,0,0,0,0,0,0,0,0,,65,32,,0,0,0,0
1602220341945,10,1010123456007,78,,1,0,6,1,1,,17.6,5,0,0.010688,4,0,12.8,,0,0,0,0,0,0,0,0,0,,10,4,,0,0,0,0
1602220342195,10,1010123456007,78,,1,0,6,1,1,,16.4792,48,37,0.053088,19,0,12.75,,0,0,0,0,0,0,0,0,0,,95,46,,0,0,0,0
1602220342445,10,1010123456007,78,,1,0,6,1,1,,15.6452,31,0,0.037216,14,0,12.8,,0.1,22,0,0.1,9,0,0,5.73702,31,,48,26,,0,0,0,1
1602220342695,10,1010123456007,78,,1,0,6,1,1,,15.6296,27,0,0.031872,11,0,12.6667,,0,0,0,0,0,0,0,0,0,,37,26,,0,0,0,0
1602220342945,10,1010123456007,78,,1,0,6,1,1,,15.6852,54,0,0.0590522,21,0,12.6667,,0,0,0,0,0,0,0,0,0,,67,52,,0,0,0,0
1602220343195,10,1010123456007,78,,1,0,6,1,1,,16.6429,28,158,0.026624,10,0,12,,0,0,0,0,0,0,0,0,0,,29,24,,0,0,0,0
1602220343445,10,1010123456007,78,,1,0,6,1,1,,16.7447,47,0,0.0537831,19,0,13,,0.230769,26,0,0.1,10,0,0,6.11176,31,,59,38,,0,0,0,1
1602220343695,10,1010123456007,78,,1,0,6,1,1,,17.6,50,0,0.0640643,21,0,12,,0,0,0,0,0,0,0,0,0,,91,50,,0,0,0,0
1602220343945,10,1010123456007,78,,1,0,6,1,1,,12.9853,68,0,0.058976,27,0,11.75,,0,0,0,0,0,0,0,0,0,,76,60,,0,0,0,0
1602220344195,10,1010123456007,78,,1,0,6,1,1,,14.1,20,0,0.0213655,8,0,12.25,,0,0,0,0,0,0,0,0,0,,27,18,,0,0,0,0
1602220344445,10,1010123456007,78,,1,0,6,1,1,,15.5385,13,0,0.0107952,5,0,13,,0.1,22,0,0.1,9,0,0,4.27866,31,,12,10,,0,0,0,1
1602220344695,10,1010123456007,78,,1,0,6,1,1,,15.4857,35,0,0.03728,14,0,13,,0,0,0,0,0,0,0,0,0,,35,28,,0,0,0,0
1602220344945,10,1010123456007,78,,1,0,6,1,1,,19.08,25,0,0.037024,11,0,13,,0,0,0,0,0,0,0,0,0,,48,22,,0,0,0,0
1602220345195,10,1010123456007,78,,1,0,6,1,1,,15.0909,44,0,0.042496,16,0,13,,0,0,0,0,0,0,0,0,0,,76,38,,0,0,0,0
1602220345445,10,1010123456007,78,,1,0,6,1,1,,17,29,0,0.031872,12,0,10.6,,0.1,26,0,0.1,10,0,0,5.9261,31,,29,24,,0,0,0,1
1602220345695,10,1010123456007,78,,1,0,6,1,1,,16.7,20,0,0.026624,10,0,13,,0,0,0,0,0,0,0,0,0,,18,16,,0,0,0,0
1602220345945,10,1010123456007,78,,1,0,6,1,1,,11.9583,48,32,0.031808,11,0,9.66667,,0,0,0,0,0,0,0,0,0,,65,46,,0,0,0,0
1602220346195,10,1010123456007,78,,1,0,6,1,1,,14.1842,38,0,0.032864,19,0,12.75,,0,0,0,0,0,0,0,0,0,,37,30,,0,0,0,0
1602220346445,10,1010123456007,78,,1,0,6,1,1,,15.1905,42,0,0.047712,16,0,13.25,,0.1,27,0,0.1,11,0,0,4.6379,31,,63,36,,0,0,0,1.07407
1602220346695,10,1010123456007,78,,1,0,6,1,1,,16.55,20,0,0.026688,10,0,12.5,,0,0,0,0,0,0,0,0,0,,21,16,,0,0,0,0
1602220346945,10,1010123456007,78,,1,0,6,1,1,,9.3913,69,0,0.048992,28,0,10,,0,0,0,0,0,0,0,0,0,,92,86,,0,0,0,0
1602220347195,10,1010123456007,78,,1,0,6,1,1,,15.775,40,0,0.04256,16,0,13,,0,0,0,0,0,0,0,0,0,,51,34,,0,0,0,0
1602220347445,10,1010123456007,78,,1,0,6,1,1,,8.51899,79,0,0.0496,32,0,11.5,,0.1,24,0,0.1,9,0,0,4.55637,31,,82,78,,0,0,0,1
1602220347695,10,1010123456007,78,,1,0,6,1,1,,15.7297,37,0,0.042432,15,0,12.25,,0,0,0,0,0,0,0,0,0,,48,32,,0,0,0,0
1602220347945,10,1010123456007,78,,1,0,6,1,1,,8.46465,99,143,0.065152,34,0,9.33333,,0,0,0,0,0,0,0,0,0,,132,110,,0,0,0,0
1602220348195,10,1010123456007,78,,1,0,6,1,1,,7.5,50,0,0.033984,27,0,13,,0,0,0,0,0,0,0,0,0,,70,62,,0,0,0,0
1602220348445,10,1010123456007,78,,1,0,6,1,1,,16.36,25,0,0.0267309,10,0,12.6667,,0.26087,23,0,0.1,9,0,0,5.31684,31,,25,22,,0,0,0,1
1602220348695,10,1010123456007,78,,1,0,6,1,1,,16.8876,89,0,0.106176,36,0,13,,0,0,0,0,0,0,0,0,0,,82,72,,0,0,0,0
1602220348945,10,1010123456007,78,,1,0,6,1,1,,16.1951,41,0,0.0373976,14,0,12.75,,0,0,0,0,0,0,0,0,0,,40,34,,0,0,0,0
1602220349195,10,1010123456007,78,,1,0,6,1,1,,14.6889,45,0,0.048448,20,0,10.6667,,0,0,0,0,0,0,0,0,0,,53,38,,0,0,0,0
1602220349445,10,1010123456007,78,,1,0,6,1,1,,16.2,40,0,0.042336,15,0,13,,0.26087,23,0,0.1,9,0,0,6.09346,31,,54,38,,0,0,0,1
1602220349695,10,1010123456007,78,,1,0,6,1,1,,16.55,20,0,0.021216,8,0,12.6667,,0,0,0,0,0,0,0,0,0,,26,18,,0,0,0,0
1602220349945,10,1010123456007,78,,1,0,6,1,1,,16,46,0,0.05824,20,0,13,,0,0,0,0,0,0,0,0,0,,59,44,,0,0,0,0
1602220350195,10,1010123456007,78,,1,0,6,1,1,,17.6,10,0,0.0106024,4,0,13,,0,0,0,0,0,0,0,0,0,,10,8,,0,0,0,0
1602220350445,10,1010123456007,78,,1,0,6,1,1,,16.6512,43,0,0.0374618,14,0,12.5,,0.1,22,0,0.1,9,0,0,5.61447,31,,56,36,,0,0,0,1
1602220350695,10,1010123456007,78,,1,0,6,1,1,,17.8276,29,0,0.0424,13,0,12.5,,0,0,0,0,0,0,0,0,0,,40,24,,0,0,0,0
1602220350945,10,1010123456007,78,,1,0,6,1,1,,14.1034,29,0,0.0321285,12,0,13,,0,0,0,0,0,0,0,0,0,,51,30,,0,0,0,0
1602220351195,10,1010123456007,78,,1,0,6,1,1,,14.2143,14,0,0.015968,6,0,13,,0,0,0,0,0,0,0,0,0,,22,16,,0,0,0,0
1602220351445,10,1010123456007,78,,1,0,6,1,1,,15.9298,57,0,0.06352,22,0,13,,0.25,24,0,0.1,9,0,0,4.64541,31,,104,54,,0,0,0,1
1602220351695,10,1010123456007,78,,1,0,6,1,1,,17.1176,17,0,0.0212369,7,0,12.3333,,0,0,0,0,0,0,0,0,0,,21,14,,0,0,0,0
1602220351945,10,1010123456007,78,,1,0,6,1,1,,17.0714,14,0,0.015872,5,0,13,,0,0,0,0,0,0,0,0,0,,16,12,,0,0,0,0
1602220352195,10,1010123456007,78,,1,0,6,1,1,,17.1628,43,0,0.053152,17,0,13,,0,0,0,0,0,0,0,0,0,,64,38,,0,0,0,0
1602220352445,10,1010123456007,78,,1,0,6,1,1,,7.4321,81,0,0.0496707,31,0,10.5,,0,18,0,0.1,9,0,0,0,31,,123,94,,0,0,0,0
1602220352695,10,1010123456007,78,,1,0,6,1,1,,14.7143,7,0,0.010496,3,0,8.5,,0,0,0,0,0,0,0,0,0,,11,8,,0,0,0,0
1602220352945,10,1010123456007,78,,1,0,6,1,1,,14.7568,37,0,0.037312,15,0,12,,0,0,0,0,0,0,0,0,0,,35,30,,0,0,0,0
1602220353195,10,1010123456007,78,,1,0,6,1,1,,15.5686,51,0,0.053216,20,0,12.8,,0,0,0,0,0,0,0,0,0,,48,42,,0,0,0,0
1602220353445,10,1010123456007,78,,1,0,6,1,1,,11.7059,17,0,0.010752,5,0,11.6667,,0.210526,19,0,0.1,8,0,0,5.65341,31,,32,18,,0,0,0,1
1602220353695,10,1010123456007,78,,1,0,6,1,1,,17.9508,61,0,0.074464,26,0,12.6667,,0,0,0,0,0,0,0,0,0,,82,48,,0,0,0,0
1602220353945,10,1010123456007,78,,1,0,6,1,1,,19.6667,21,0,0.026432,8,0,13,,0,0,0,0,0,0,0,0,0,,20,16,,0,0,0,0
1602220354195,10,1010123456007,78,,1,0,6,1,1,,18,40,0,0.048992,16,0,12.75,,0,0,0,0,0,0,0,0,0,,48,32,,0,0,0,0
1602220354445,10,1010123456007,78,,1,0,6,1,1,,16.8182,33,0,0.0326426,11,0,13,,0.1,25,0,0.1,10,0,0,3.48769,31,,31,26,,0,0,0,1
1602220354695,10,1010123456007,78,,1,0,6,1,1,,15.32,25,0,0.0320643,12,0,13,,0,0,0,0,0,0,0,0,0,,30,24,,0,0,0,0
1602220354945,10,1010123456007,78,,1,0,6,1,1,,16.1667,36,0,0.037216,13,0,13,,0,0,0,0,0,0,0,0,0,,33,32,,0,0,0,0
1602220355195,10,1010123456007,78,,1,0,6,1,1,,16.5946,37,171,0.0375904,14,0,12.8,,0,0,0,0,0,0,0,0,0,,45,34,,0,0,0,0
1602220355445,10,1010123456007,78,,1,0,6,1,1,,15.1489,47,0,0.0638072,23,0,12.2,,0.181818,22,0,0.1,9,0,0,5.55147,31,,56,46,,0,0,0,1
1602220355695,10,1010123456007,78,,1,0,6,1,1,,16.35,20,0,0.02128,8,0,12.75,,0,0,0,0,0,0,0,0,0,,31,16,,0,0,0,0
1602220355945,10,1010123456007,78,,1,0,6,1,1,,16.5714,49,0,0.058176,20,0,13,,0,0,0,0,0,0,0,0,0,,68,44,,0,0,0,0
1602220356195,10,1010123456007,78,,1,0,6,1,1,,15.1923,26,0,0.021184,8,0,13,,0,0,0,0,0,0,0,0,0,,45,24,,0,0,0,0
1602220356445,10,1010123456007,78,,1,0,6,1,1,,12.3509,57,0,0.048704,25,0,10.5,,0.1,25,0,0.1,10,0,0,3.62251,31,,68,54,,0,0,0,1
1602220356695,10,1010123456007,78,,1,0,6,1,1,,14.36,25,0,0.0265703,10,0,12.75,,0,0,0,0,0,0,0,0,0,,23,22,,0,0,0,0
1602220356945,10,1010123456007,78,,1,0,6,1,1,,15.9722,36,0,0.0374618,14,0,12.75,,0,0,0,0,0,0,0,0,0,,39,30,,0,0,0,0
1602220357195,10,1010123456007,78,,1,0,6,1,1,,15.875,40,0,0.0426024,16,0,13,,0,0,0,0,0,0,0,0,0,,35,32,,0,0,0,0
1602220357445,10,1010123456007,78,,1,0,6,1,1,,14.5161,31,0,0.026528,10,0,13,,0.1,23,0,0.1,9,0,0,6.27894,31,,34,26,,0,0,0,1
1602220357695,10,1010123456007,78,,1,0,6,1,1,,8.95238,42,0,0.0330281,18,0,11,,0,0,0,0,0,0,0,0,0,,80,46,,0,0,0,0
1602220357945,10,1010123456007,78,,1,0,6,1,1,,15.9697,33,0,0.026464,10,0,13,,0,0,0,0,0,0,0,0,0,,37,32,,0,0,0,0
1602220358195,10,1010123456007,78,,1,0,6,1,1,,14.9118,34,0,0.047616,17,0,13,,0,0,0,0,0,0,0,0,0,,33,28,,0,0,0,0
1602220358445,10,1010123456007,78,,1,0,6,1,1,,8.08333,96,0,0.0571888,36,0,10.25,,0.1,26,0,0.1,10,0,0,5.87057,31,,158,128,,0,0,0,1
1602220358695,10,1010123456007,78,,1,0,6,1,1,,16.3191,47,0,0.0573173,22,0,13,,0,0,0,0,0,0,0,0,0,,47,42,,0,0,0,0
1602220358945,10,1010123456007,78,,1,0,6,1,1,,16.5484,31,0,0.031872,12,0,12,,0,0,0,0,0,0,0,0,0,,29,26,,0,0,0,0
1602220359195,10,1010123456007,78,,1,0,6,1,1,,7.48315,89,0,0.050048,36,0,10,,0,0,0,0,0,0,0,0,0,,114,92,,0,0,0,0
1602220359445,10,1010123456007,78,,1,0,6,1,1,,16,40,0,0.0424,16,0,12.5,,0.1,22,0,0.1,9,0,0,5.8959,31,,32,32,,0,0,0,1
1602220359695,10,1010123456007,78,,1,0,6,1,1,,15.5,46,0,0.047872,18,0,13,,0,0,0,0,0,0,0,0,0,,40,38,,0,0,0,0
1602220359945,10,1010123456007,78,,1,0,6,1,1,,15.4762,21,0,0.015904,6,0,10.75,,0,0,0,0,0,0,0,0,0,,29,16,,0,0,0,0
1602220360195,10,1010123456007,78,,1,0,6,1,1,,15,60,0,0.069184,25,0,13,,0,0,0,0,0,0,0,0,0,,54,50,,0,0,0,0
1602220360445,10,1010123456007,78,,1,0,6,1,1,,16.2581,31,0,0.031808,11,0,12.8,,0.1,24,0,0.1,10,0,0,5.88035,31,,36,30,,0,0,0,1
1602220360695,10,1010123456007,78,,1,0,6,1,1,,7.62121,66,0,0.049536,30,0,11.1667,,0,0,0,0,0,0,0,0,0,,82,78,,0,0,0,0
1602220360945,10,1010123456007,78,,1,0,6,1,1,,16.75,32,0,0.03696,13,0,12.8,,0,0,0,0,0,0,0,0,0,,34,26,,0,0,0,0
1602220361195,10,1010123456007,78,,1,0,6,1,1,,8.45455,33,0,0.022008,13,0,10.75,,0,0,0,0,0,0,0,0,0,,136,40,,0,0,0,0
1602220361445,10,1010123456007,78,,1,0,6,1,1,,0,4,0,0.005344,2,0,13,,0,0,0,0,0,0,0,0,0,,6,4,,0,0,0,0
1602220361695,10,1010123456007,78,,1,0,6,1,1,,18.0392,51,0,0.063712,21,0,11.25,,0.1,30,0,0.1,12,0,0,5.05006,31,,75,48,,0,0,0,1
1602220361945,10,1010123456007,78,,1,0,6,1,1,,13.4912,57,0,0.053632,23,0,11.8,,0,0,0,0,0,0,0,0,0,,104,58,,0,0,0,0
1602220362195,10,1010123456007,78,,1,0,6,1,1,,16.5577,52,0,0.0584,20,0,13,,0,0,0,0,0,0,0,0,0,,106,46,,0,0,0,0
1602220362445,10,1010123456007,78,,1,0,6,1,1,,16.5263,38,0,0.042432,15,0,13,,0.363636,22,0,0.1,9,0,0,5.46265,31,,53,32,,0,0,0,1
1602220362695,10,1010123456007,78,,1,0,6,1,1,,14.5,16,0,0.015968,6,0,13,,0,0,0,0,0,0,0,0,0,,14,12,,0,0,0,0
1602220362945,10,1010123456007,78,,1,0,6,1,1,,16.2308,39,0,0.042528,16,0,12.5,,0,0,0,0,0,0,0,0,0,,55,36,,0,0,0,0
1602220363195,10,1010123456007,78,,1,0,6,1,1,,17.6349,63,0,0.074176,25,0,13,,0,0,0,0,0,0,0,0,0,,72,56,,0,0,0,0
1602220363445,10,1010123456007,78,,1,0,6,1,1,,16.2759,29,0,0.0265703,10,0,13,,0.1,22,0,0.1,9,0,0,6.35124,31,,24,24,,0,0,0,1
1602220363695,10,1010123456007,78,,1,0,6,1,1,,14.7429,35,0,0.0428594,16,0,13,,0,0,0,0,0,0,0,0,0,,28,28,,0,0,0,0
1602220363945,10,1010123456007,78,,1,0,6,1,1,,17.2609,23,0,0.026656,10,0,13,,0,0,0,0,0,0,0,0,0,,30,24,,0,0,0,0
1602220364195,10,1010123456007,78,,1,0,6,1,1,,16.5227,44,0,0.047808,18,0,12.6,,0,0,0,0,0,0,0,0,0,,86,40,,0,0,0,0
1602220364445,10,1010123456007,78,,1,0,6,1,1,,16.8,20,0,0.02112,8,0,13,,0.173913,23,0,0.1,9,0,0,5.39693,31,,24,16,,0,0,0,1
1602220364695,10,1010123456007,78,,1,0,6,1,1,,16.2069,29,0,0.032,12,0,13,,0,0,0,0,0,0,0,0,0,,32,28,,0,0,0,0
1602220364945,10,1010123456007,78,,1,0,6,1,1,,16.1143,35,0,0.042336,14,0,11,,0,0,0,0,0,0,0,0,0,,49,34,,0,0,0,0
1602220365195,10,1010123456007,78,,1,0,6,1,1,,3.98551,69,0,0.022944,28,0,12.5,,0,0,0,0,0,0,0,0,0,,99,78,,0,0,0,0
1602220365445,10,1010123456007,78,,1,0,6,1,1,,16.5588,34,0,0.043104,15,0,13,,0.1,24,0,0.1,10,0,0,5.36879,31,,51,32,,0,0,0,1
1602220365695,10,1010123456007,78,,1,0,6,1,1,,16.0943,53,0,0.0532691,19,0,12,,0,0,0,0,0,0,0,0,0,,65,48,,0,0,0,0
1602220365945,10,1010123456007,78,,1,0,6,1,1,,0,4,0,0.010624,4,0,10.5,,0,0,0,0,0,0,0,0,0,,7,6,,0,0,0,0
1602220366195,10,1010123456007,78,,1,0,6,1,1,,16.381,21,0,0.02112,8,0,13,,0,0,0,0,0,0,0,0,0,,18,16,,0,0,0,0
1602220366445,10,1010123456007,78,,1,0,6,1,1,,8.67742,62,0,0.038592,24,0,11.5714,,0.1,23,0,0.1,9,0,0,6.45612,31,,86,76,,0,0,0,1
1602220366695,10,1010123456007,78,,1,0,6,1,1,,14.6207,29,0,0.031936,12,0,13,,0,0,0,0,0,0,0,0,0,,40,28,,0,0,0,0
1602220366945,10,1010123456007,78,,1,0,6,1,1,,14.6562,64,0,0.05904,24,0,11.4,,0,0,0,0,0,0,0,0,0,,73,58,,0,0,0,0
1602220367195,10,1010123456007,78,,1,0,6,1,1,,17,75,0,0.090144,32,0,13,,0,0,0,0,0,0,0,0,0,,76,60,,0,0,0,0
1602220367445,10,1010123456007,78,,1,0,6,1,1,,14.9286,42,0,0.0426988,16,0,13,,0.1,21,0,0.1,9,0,0,5.41028,31,,74,38,,0,0,0,1
1602220367695,10,1010123456007,78,,1,0,6,1,1,,16.6071,28,0,0.031808,11,0,13,,0,0,0,0,0,0,0,0,0,,35,26,,0,0,0,0
1602220367945,10,1010123456007,78,,1,0,6,1,1,,16.4688,32,0,0.03696,13,0,13,,0,0,0,0,0,0,0,0,0,,36,28,,0,0,0,0
1602220368195,10,1010123456007,78,,1,0,6,1,1,,17.3256,43,0,0.047808,17,0,12.75,,0,0,0,0,0,0,0,0,0,,70,36,,0,0,0,0
1602220368445,10,1010123456007,78,,1,0,6,1,1,,14.4231,26,0,0.0266988,10,0,13,,0.1,22,0,0.1,9,0,0,6.79085,31,,23,22,,0,0,0,1
1602220368695,10,1010123456007,78,,1,0,6,1,1,,14.1,30,0,0.0268273,10,0,13,,0,0,0,0,0,0,0,0,0,,26,24,,0,0,0,0
1602220368945,10,1010123456007,78,,1,0,6,1,1,,17.5455,55,0,0.0688,23,0,13,,0,0,0,0,0,0,0,0,0,,73,50,,0,0,0,0
1602220369195,10,1010123456007,78,,1,0,6,1,1,,16.2,15,0,0.021344,8,0,13,,0,0,0,0,0,0,0,0,0,,12,12,,0,0,0,0
1602220369445,10,1010123456007,78,,1,0,6,1,1,,16.3913,46,0,0.0530763,19,0,13,,0.1,22,0,0.1,9,0,0,6.04552,31,,57,42,,0,0,0,1
1602220369695,10,1010123456007,78,,1,0,6,1,1,,14.8947,57,0,0.0636145,22,0,13,,0,0,0,0,0,0,0,0,0,,92,54,,0,0,0,0
1602220369945,10,1010123456007,78,,1,0,6,1,1,,18.1463,41,0,0.047904,14,0,13,,0,0,0,0,0,0,0,0,0,,53,34,,0,0,0,0
1602220370195,10,1010123456007,78,,1,0,6,1,1,,16.4348,46,0,0.0584418,20,0,13,,0,0,0,0,0,0,0,0,0,,45,38,,0,0,0,0
1602220370445,10,1010123456007,78,,1,0,6,1,1,,15.2273,22,0,0.026368,9,0,13,,0.1,20,0,0.1,9,0,0,5.54596,31,,29,20,,0,0,0,1
1602220370695,10,1010123456007,78,,1,0,6,1,1,,14.5333,30,0,0.0319357,12,0,13,,0,0,0,0,0,0,0,0,0,,34,28,,0,0,0,0
1602220370945,10,1010123456007,78,,1,0,6,1,1,,14.76,25,0,0.026688,10,0,13,,0,0,0,0,0,0,0,0,0,,23,22,,0,0,0,0
1602220371195,10,1010123456007,78,,1,0,6,1,1,,15.8696,46,0,0.042528,16,0,13,,0,0,0,0,0,0,0,0,0,,42,36,,0,0,0,0
1602220371445,10,1010123456007,78,,1,0,6,1,1,,15.3281,64,0,0.07424,28,0,13,,0.1,21,0,0.1,9,0,0,5.1393,31,,71,56,,0,0,0,1
1602220371695,10,1010123456007,78,,1,0,6,1,1,,14.6923,26,0,0.02672,10,0,12,,0,0,0,0,0,0,0,0,0,,23,20,,0,0,0,0
1602220371945,10,1010123456007,78,,1,0,6,1,1,,15.7857,28,0,0.031712,11,0,13,,0,2,0,0.1,1,0,0,0,31,,71,28,,0,0,0,0
1602220372195,10,1010123456007,78,,1,0,6,1,1,,16.2,15,0,0.015904,6,0,13,,0,0,0,0,0,0,0,0,0,,12,12,,0,0,0,0
1602220372445,10,1010123456007,78,,1,0,6,1,1,,15.8,30,0,0.026592,10,0,13,,0.1,22,0,0.1,9,0,0,3.83314,31,,30,26,,0,0,0,1
1602220372695,10,1010123456007,78,,1,0,6,1,1,,15.1379,29,0,0.037344,14,0,11.5,,0,0,0,0,0,0,0,0,0,,49,24,,0,0,0,0
1602220372945,10,1010123456007,78,,1,0,6,1,1,,15.7069,58,0,0.063808,23,0,12.75,,0,0,0,0,0,0,0,0,0,,59,48,,0,0,0,0
1602220373195,10,1010123456007,78,,1,0,6,1,1,,15.5484,31,0,0.037088,13,0,13,,0,0,0,0,0,0,0,0,0,,32,28,,0,0,0,0
1602220373445,10,1010123456007,78,,1,0,6,1,1,,9.66667,36,0,0.021952,14,0,11.25,,0.1,18,0,0.1,8,0,0,5.05421,31,,37,32,,0,0,0,1
1602220373695,10,1010123456007,78,,1,0,6,1,1,,17.2812,32,0,0.042944,13,0,13.4,,0,0,0,0,0,0,0,0,0,,26,26,,0,0,0,0
1602220373945,10,1010123456007,78,,1,0,6,1,1,,3.46154,39,0,0.012064,15,0,8.5,,0,0,0,0,0,0,0,0,0,,63,58,,0,0,0,0
1602220374195,10,1010123456007,78,,1,0,6,1,1,,15.5,10,0,0.010624,4,0,12.75,,0,0,0,0,0,0,0,0,0,,8,8,,0,0,0,0
1602220374445,10,1010123456007,78,,1,0,6,1,1,,18.1951,41,0,0.0531406,17,0,13.6667,,0.521739,23,0,0.1,9,0,0,5.04511,31,,57,34,,0,0,0,1
1602220374695,10,1010123456007,78,,1,0,6,1,1,,15.5,10,0,0.010688,4,0,13,,0,0,0,0,0,0,0,0,0,,8,8,,0,0,0,0
1602220374945,10,1010123456007,78,,1,0,6,1,1,,17.2,45,0,0.0471968,15,0,13,,0,0,0,0,0,0,0,0,0,,78,44,,0,0,0,0
1602220375195,10,1010123456007,78,,1,0,6,1,1,,15.8421,57,0,0.0701365,26,0,12.8,,0,0,0,0,0,0,0,0,0,,50,46,,0,0,0,0
1602220375445,10,1010123456007,78,,1,0,6,1,1,,15.2105,19,0,0.021312,8,0,13,,0.272727,22,0,0.1,9,0,0,6.16814,31,,19,16,,0,0,0,1
1602220375695,10,1010123456007,78,,1,0,6,1,1,,16.7143,35,0,0.042144,14,0,13,,0,0,0,0,0,0,0,0,0,,60,32,,0,0,0,0
1602220375945,10,1010123456007,78,,1,0,6,1,1,,15.907,43,0,0.0532048,19,0,13,,0,0,0,0,0,0,0,0,0,,54,42,,0,0,0,0
1602220376195,10,1010123456007,78,,1,0,6,1,1,,14.9211,38,0,0.04256,16,0,13,,0,0,0,0,0,0,0,0,0,,43,34,,0,0,0,0
1602220376445,10,1010123456007,78,,1,0,6,1,1,,16.2679,56,0,0.058144,21,0,13,,0.1,25,0,0.1,10,0,0,4.91112,31,,60,46,,0,0,0,1
1602220376695,10,1010123456007,78,,1,0,6,1,1,,17.5926,27,0,0.0318072,11,0,12.75,,0,0,0,0,0,0,0,0,0,,43,22,,0,0,0,0
1602220376945,10,1010123456007,78,,1,0,6,1,1,,17.1509,53,0,0.0583775,21,0,12.8,,0,0,0,0,0,0,0,0,0,,52,42,,0,0,0,0
1602220377195,10,1010123456007,78,,1,0,6,1,1,,15.6154,26,0,0.0213976,8,0,13,,0,0,0,0,0,0,0,0,0,,23,20,,0,0,0,0
1602220377445,10,1010123456007,78,,1,0,6,1,1,,9.3913,46,0,0.0385221,22,0,9.75,,0.1,24,0,0.1,9,0,0,4.11773,31,,136,74,,0,0,0,1
1602220377695,10,1010123456007,78,,1,0,6,1,1,,0,4,0,0.00536546,2,0,13,,0,0,0,0,0,0,0,0,0,,6,4,,0,0,0,0
1602220377945,10,1010123456007,78,,1,0,6,1,1,,16.8,10,0,0.010784,4,0,13,,0,0,0,0,0,0,0,0,0,,30,10,,0,0,0,0
1602220378195,10,1010123456007,78,,1,0,6,1,1,,17.1579,19,0,0.021312,8,0,13,,0,0,0,0,0,0,0,0,0,,16,16,,0,0,0,0
1602220378445,10,1010123456007,78,,1,0,6,1,1,,13.5,30,0,0.031872,12,0,13,,0.272727,22,0,0.1,9,0,0,5.48591,31,,28,26,,0,0,0,1.09091
1602220378695,10,1010123456007,78,,1,0,6,1,1,,15.9118,34,0,0.037216,14,0,13,,0,0,0,0,0,0,0,0,0,,39,30,,0,0,0,0
1602220378945,10,1010123456007,78,,1,0,6,1,1,,16.7708,48,0,0.05312,19,0,13,,0,0,0,0,0,0,0,0,0,,48,42,,0,0,0,0
1602220379195,10,1010123456007,78,,1,0,6,1,1,,18,16,0,0.02112,7,0,13,,0,0,0,0,0,0,0,0,0,,19,16,,0,0,0,0
1602220379445,10,1010123456007,78,,1,0,6,1,1,,15.6596,47,0,0.052896,19,0,13,,0.173913,23,0,0.1,9,0,0,6.59329,31,,48,42,,0,0,0,1
1602220379695,10,1010123456007,78,,1,0,6,1,1,,16,56,0,0.063616,23,0,13,,0,0,0,0,0,0,0,0,0,,57,50,,0,0,0,0
1602220379945,10,1010123456007,78,,1,0,6,1,1,,16.7692,26,0,0.026336,9,0,13,,0,0,0,0,0,0,0,0,0,,30,24,,0,0,0,0
1602220380195,10,1010123456007,78,,1,0,6,1,1,,16.0385,52,0,0.058592,23,0,12,,0,0,0,0,0,0,0,0,0,,104,46,,0,0,0,0
1602220380445,10,1010123456007,78,,1,0,6,1,1,,15.28,25,0,0.026592,10,0,10,,0.1,24,0,0.1,9,0,0,4.71956,31,,22,20,,0,0,0,1
1602220380695,10,1010123456007,78,,1,0,6,1,1,,16.2955,44,14,0.042592,15,0,13,,0,0,0,0,0,0,0,0,0,,62,38,,0,0,0,0
1602220380945,10,1010123456007,78,,1,0,6,1,1,,16.2045,44,0,0.053376,20,0,12.8,,0,0,0,0,0,0,0,0,0,,36,34,,0,0,0,0
1602220381195,10,1010123456007,78,,1,0,6,1,1,,11.5102,49,0,0.037952,19,0,11.3333,,0,0,0,0,0,0,0,0,0,,47,50,,0,0,0,0
1602220381445,10,1010123456007,78,,1,0,6,1,1,,16.2647,34,0,0.037088,13,0,13,,3.18182,22,0,0.1,9,0,0,5.78558,31,,53,28,,0,0,0,1.54545
1602220381695,10,1010123456007,78,,1,0,6,1,1,,17.6667,12,0,0.01584,5,0,13,,0,0,0,0,0,0,0,0,0,,21,12,,0,0,0,0
1602220381945,10,1010123456007,78,,1,0,6,1,1,,18.32,25,0,0.031616,10,0,13,,0,0,0,0,0,0,0,0,0,,32,26,,0,0,0,0
1602220382195,10,1010123456007,78,,1,0,6,1,1,,16.5758,33,0,0.0371727,13,0,13,,0,0,0,0,0,0,0,0,0,,42,28,,0,0,0,0
1602220382445,10,1010123456007,78,,1,0,6,1,1,,16.9231,39,0,0.058368,17,0,13.6667,,0.48,25,0,0.1,10,0,0,5.08596,31,,61,38,,0,0,0,1
1602220382695,10,1010123456007,78,,1,0,6,1,1,,15.525,40,0,0.042624,16,0,11.75,,0,0,0,0,0,0,0,0,0,,37,34,,0,0,0,0
1602220382945,10,1010123456007,78,,1,0,6,1,1,,15.775,40,0,0.047648,17,0,13,,0,0,0,0,0,0,0,0,0,,61,40,,0,0,0,0
1602220383195,10,1010123456007,78,,1,0,6,1,1,,16.0333,30,158,0.0309398,11,0,12.75,,0,0,0,0,0,0,0,0,0,,40,24,,0,0,0,0
1602220383445,10,1010123456007,78,,1,0,6,1,1,,15.5714,42,0,0.0490924,18,0,13,,0.48,25,0,0.1,10,0,0,5.55826,31,,71,42,,0,0,0,1
1602220383695,10,1010123456007,78,,1,0,6,1,1,,8.8421,57,0,0.0386827,24,0,10.6667,,0,0,0,0,0,0,0,0,0,,88,70,,0,0,0,0
1602220383945,10,1010123456007,78,,1,0,6,1,1,,16.3333,15,158,0.0210763,6,0,12.6,,0,0,0,0,0,0,0,0,0,,15,14,,0,0,0,0
1602220384195,10,1010123456007,78,,1,0,6,1,1,,18.5,16,0,0.0210763,6,0,13,,0,0,0,0,0,0,0,0,0,,19,14,,0,0,0,0
1602220384445,10,1010123456007,78,,1,0,6,1,1,,18,25,0,0.031808,10,0,13,,0.1,25,0,0.1,10,0,0,5.2094,31,,29,22,,0,0,0,1
1602220384695,10,1010123456007,78,,1,0,6,1,1,,17.5833,24,0,0.026304,9,0,13,,0,0,0,0,0,0,0,0,0,,21,20,,0,0,0,0
1602220384945,10,1010123456007,78,,1,0,6,1,1,,16.1579,19,0,0.021184,8,0,13,,0,0,0,0,0,0,0,0,0,,26,16,,0,0,0,0
1602220385195,10,1010123456007,78,,1,0,6,1,1,,16.8214,28,0,0.031936,12,0,13,,0,0,0,0,0,0,0,0,0,,32,26,,0,0,0,0
1602220385445,10,1010123456007,78,,1,0,6,1,1,,16.7077,65,0,0.0693012,26,0,12,,0.1,23,0,0.1,10,0,0,4.76824,31,,65,52,,0,0,0,1
1602220385695,10,1010123456007,78,,1,0,6,1,1,,14.4483,29,0,0.0321928,12,0,13,,0,0,0,0,0,0,0,0,0,,42,28,,0,0,0,0
1602220385945,10,1010123456007,78,,1,0,6,1,1,,15.4,55,0,0.063584,23,0,13,,0,0,0,0,0,0,0,0,0,,60,52,,0,0,0,0
1602220386195,10,1010123456007,78,,1,0,6,1,1,,15.2727,44,0,0.048,18,0,13,,0,0,0,0,0,0,0,0,0,,44,40,,0,0,0,0
1602220386445,10,1010123456007,78,,1,0,6,1,1,,16.2,30,0,0.032096,12,0,13,,0.1,23,0,0.1,9,0,0,4.54427,31,,30,26,,0,0,0,1
1602220386695,10,1010123456007,78,,1,0,6,1,1,,13.9375,16,0,0.015904,6,0,13,,0,0,0,0,0,0,0,0,0,,26,14,,0,0,0,0
1602220386945,10,1010123456007,78,,1,0,6,1,1,,15.9429,35,0,0.031968,12,0,13,,0,0,0,0,0,0,0,0,0,,38,30,,0,0,0,0
1602220387195,10,1010123456007,78,,1,0,6,1,1,,16.4688,32,0,0.042432,16,0,13,,0,0,0,0,0,0,0,0,0,,87,32,,0,0,0,0
1602220387445,10,1010123456007,78,,1,0,6,1,1,,16.5,22,0,0.021248,8,0,13,,0.181818,22,0,0.1,9,0,0,5.51985,31,,25,20,,0,0,0,1
1602220387695,10,1010123456007,78,,1,0,6,1,1,,16.2,65,0,0.068864,25,0,13,,0,0,0,0,0,0,0,0,0,,75,58,,0,0,0,0
1602220387945,10,1010123456007,78,,1,0,6,1,1,,15.35,40,0,0.047776,18,0,13,,0,0,0,0,0,0,0,0,0,,32,32,,0,0,0,0
1602220388195,10,1010123456007,78,,1,0,6,1,1,,15.5,30,0,0.031936,12,0,13,,0,0,0,0,0,0,0,0,0,,24,24,,0,0,0,0
1602220388445,10,1010123456007,78,,1,0,6,1,1,,17.9167,12,0,0.0158715,5,0,13,,0.1,24,0,0.1,9,0,0,6.37854,31,,10,10,,0,0,0,1
1602220388695,10,1010123456007,78,,1,0,6,1,1,,15.3824,34,0,0.037504,15,0,10.5,,0,0,0,0,0,0,0,0,0,,37,32,,0,0,0,0
1602220388945,10,1010123456007,78,,1,0,6,1,1,,13.9677,31,0,0.032288,13,0,13,,0,0,0,0,0,0,0,0,0,,30,28,,0,0,0,0
1602220389195,10,1010123456007,78,,1,0,6,1,1,,16.1714,35,0,0.037376,14,0,13,,0,0,0,0,0,0,0,0,0,,31,30,,0,0,0,0
1602220389445,10,1010123456007,78,,1,0,6,1,1,,16.9167,24,30,0.02551,7,0,13,,0.1,21,0,0.1,8,0,0,6.71213,31,,50,24,,0,0,0,1
1602220389695,10,1010123456007,78,,1,0,6,1,1,,15.2542,59,158,0.069952,26,0,9.66667,,0,0,0,0,0,0,0,0,0,,72,52,,0,0,0,0
1602220389945,10,1010123456007,78,,1,0,6,1,1,,4.24528,106,0,0.0407711,42,0,13,,0,0,0,0,0,0,0,0,0,,183,154,,0,0,0,0
1602220390195,10,1010123456007,78,,1,0,6,1,1,,8.55102,98,0,0.0555823,37,0,11.2,,0,0,0,0,0,0,0,0,0,,114,100,,0,0,0,0
1602220390445,10,1010123456007,78,,1,0,6,1,1,,14.2955,44,0,0.0430522,18,0,11.75,,0.1,23,0,0.1,9,0,0,4.61488,31,,55,38,,0,0,0,1
1602220390695,10,1010123456007,78,,1,0,6,1,1,,14.6087,46,0,0.053664,21,0,11.75,,0,0,0,0,0,0,0,0,0,,75,46,,0,0,0,0
1602220390945,10,1010123456007,78,,1,0,6,1,1,,2.0303,33,0,0.011712,13,0,10.5,,0,0,0,0,0,0,0,0,0,,69,52,,0,0,0,0
1602220391195,10,1010123456007,78,,1,0,6,1,1,,17.0435,23,0,0.021184,8,0,13,,0,0,0,0,0,0,0,0,0,,39,20,,0,0,0,0
1602220391445,10,1010123456007,78,,1,0,6,1,1,,9.04477,67,158,0.044,27,0,10.2,,0.1,24,0,0.1,9,0,0,4.46342,31,,102,88,,0,0,0,1
1602220391695,10,1010123456007,78,,1,0,6,1,1,,15.5455,33,0,0.041952,13,0,13,,0,0,0,0,0,0,0,0,0,,30,30,,0,0,0,0
1602220391945,10,1010123456007,78,,1,0,6,1,1,,17.069,29,0,0.0377831,14,0,12.6667,,0,0,0,0,0,0,0,0,0,,34,24,,0,0,0,0
1602220392195,10,1010123456007,78,,1,0,6,1,1,,11.2766,47,0,0.038048,19,0,11.25,,0,0,0,0,0,0,0,0,0,,51,46,,0,0,0,0
1602220392445,10,1010123456007,78,,1,0,6,1,1,,15.8846,26,0,0.02656,10,0,11.8333,,0.1,24,0,0.1,10,0,0,5.97735,31,,33,20,,0,0,0,1
1602220392695,10,1010123456007,78,,1,0,6,1,1,,16.9565,23,0,0.026656,10,0,13,,0,0,0,0,0,0,0,0,0,,23,20,,0,0,0,0
1602220392945,10,1010123456007,78,,1,0,6,1,1,,17.24,50,0,0.058496,21,0,13,,0,0,0,0,0,0,0,0,0,,49,44,,0,0,0,0
1602220393195,10,1010123456007,78,,1,0,6,1,1,,15.9643,28,0,0.0319357,11,0,12.5,,0,0,0,0,0,0,0,0,0,,34,26,,0,0,0,0
1602220393445,10,1010123456007,78,,1,0,6,1,1,,14.925,40,0,0.042592,16,0,12.75,,0.1,24,0,0.1,9,0,0,6.97601,31,,39,34,,0,0,0,1
1602220393695,10,1010123456007,78,,1,0,6,1,1,,15.475,40,0,0.042688,16,0,12.3333,,0,0,0,0,0,0,0,0,0,,32,32,,0,0,0,0
1602220393945,10,1010123456007,78,,1,0,6,1,1,,4.0641,78,0,0.034592,32,0,6.66667,,0,0,0,0,0,0,0,0,0,,120,112,,0,0,0,0
1602220394195,10,1010123456007,78,,1,0,6,1,1,,9.57627,59,0,0.033056,21,0,8.5,,0,0,0,0,0,0,0,0,0,,55,54,,0,0,0,0
1602220394445,10,1010123456007,78,,1,0,6,1,1,,16.2857,56,0,0.058208,22,0,13,,0.1,23,0,0.1,9,0,0,5.22776,31,,50,46,,0,0,0,1
1602220394695,10,1010123456007,78,,1,0,6,1,1,,15.6667,27,0,0.026784,11,0,11.6667,,0,0,0,0,0,0,0,0,0,,22,22,,0,0,0,0
1602220394945,10,1010123456007,78,,1,0,6,1,1,,14.9767,43,0,0.0535261,20,0,13,,0,0,0,0,0,0,0,0,0,,55,40,,0,0,0,0
1602220395195,10,1010123456007,78,,1,0,6,1,1,,17.6,15,0,0.0106667,4,0,13,,0,0,0,0,0,0,0,0,0,,18,12,,0,0,0,0
1602220395445,10,1010123456007,78,,1,0,6,1,1,,15.6757,37,0,0.0426024,16,0,13,,0.1,19,0,0.1,8,0,0,6.28865,31,,40,32,,0,0,0,1
1602220395695,10,1010123456007,78,,1,0,6,1,1,,14.5147,68,0,0.0694297,26,0,10.5,,0,0,0,0,0,0,0,0,0,,78,58,,0,0,0,0
1602220395945,10,1010123456007,78,,1,0,6,1,1,,15.1034,29,0,0.032,12,0,13,,0,0,0,0,0,0,0,0,0,,27,26,,0,0,0,0
1602220396195,10,1010123456007,78,,1,0,6,1,1,,15.8611,36,0,0.0377189,14,0,13,,0,0,0,0,0,0,0,0,0,,59,30,,0,0,0,0
1602220396445,10,1010123456007,78,,1,0,6,1,1,,16.431,58,0,0.0587631,21,0,13,,0.1,21,0,0.1,8,0,0,6.28219,31,,57,50,,0,0,0,1
1602220396695,10,1010123456007,78,,1,0,6,1,1,,14.8333,30,0,0.0376546,14,0,11.3333,,0,0,0,0,0,0,0,0,0,,35,28,,0,0,0,0
1602220396945,10,1010123456007,78,,1,0,6,1,1,,17.0769,26,0,0.026506,9,0,13,,0,0,0,0,0,0,0,0,0,,56,26,,0,0,0,0
1602220397195,10,1010123456007,78,,1,0,6,1,1,,10.75,100,0,0.081568,42,0,9.66667,,0,0,0,0,0,0,0,0,0,,120,106,,0,0,0,0
1602220397445,10,1010123456007,78,,1,0,6,1,1,,15.1176,34,0,0.037184,14,0,12,,0.1,22,0,0.1,9,0,0,5.34491,31,,37,30,,0,0,0,1
1602220397695,10,1010123456007,78,,1,0,6,1,1,,12.7342,79,0,0.059392,31,0,11.6667,,0,0,0,0,0,0,0,0,0,,101,70,,0,0,0,0
1602220397945,10,1010123456007,78,,1,0,6,1,1,,15.68,25,0,0.026624,10,0,13,,0,0,0,0,0,0,0,0,0,,30,24,,0,0,0,0
1602220398195,10,1010123456007,78,,1,0,6,1,1,,15.3929,28,0,0.026816,12,0,11,,0,0,0,0,0,0,0,0,0,,25,24,,0,0,0,0
1602220398445,10,1010123456007,78,,1,0,6,1,1,,15.0375,80,0,0.074816,31,0,12.4,,0.1,20,0,0.1,8,0,0,5.91231,31,,84,72,,0,0,0,1
1602220398695,10,1010123456007,78,,1,0,6,1,1,,16.5,32,0,0.0424739,14,0,13,,0,0,0,0,0,0,0,0,0,,35,26,,0,0,0,0
1602220398945,10,1010123456007,78,,1,0,6,1,1,,5.21277,47,0,0.01232,17,0,10,,0,0,0,0,0,0,0,0,0,,152,64,,0,0,0,0
1602220399195,10,1010123456007,78,,1,0,6,1,1,,16.9737,38,0,0.042432,15,0,13,,0,0,0,0,0,0,0,0,0,,45,32,,0,0,0,0
1602220399445,10,1010123456007,78,,1,0,6,1,1,,15.5357,28,0,0.037056,13,0,13,,0.16,25,0,0.1,10,0,0,5.30687,31,,22,22,,0,0,0,1
1602220399695,10,1010123456007,78,,1,0,6,1,1,,17.2826,46,0,0.051968,18,0,13,,0,0,0,0,0,0,0,0,0,,51,42,,0,0,0,0
1602220399945,10,1010123456007,78,,1,0,6,1,1,,16.119,42,0,0.048736,18,0,13,,0,0,0,0,0,0,0,0,0,,62,40,,0,0,0,0
1602220400195,10,1010123456007,78,,1,0,6,1,1,,14.8,35,0,0.037216,14,0,13,,0,0,0,0,0,0,0,0,0,,44,30,,0,0,0,0
1602220400445,10,1010123456007,78,,1,0,6,1,1,,16.1034,29,0,0.031808,12,0,0.1,,0.181818,22,0,0.1,9,0,0,5.40194,31,,26,24,,0,0,0,1
1602220400695,10,1010123456007,78,,1,0,6,1,1,,16.6939,49,0,0.05824,20,0,13,,0,0,0,0,0,0,0,0,0,,51,46,,0,0,0,0
1602220400945,10,1010123456007,78,,1,0,6,1,1,,16.1333,30,0,0.0322249,12,0,12.6667,,0,0,0,0,0,0,0,0,0,,29,26,,0,0,0,0
1602220401195,10,1010123456007,78,,1,0,6,1,1,,17.7727,22,0,0.0264,9,0,13,,0,0,0,0,0,0,0,0,0,,18,18,,0,0,0,0
1602220401445,10,1010123456007,78,,1,0,6,1,1,,7.83908,87,0,0.050048,35,0,6,,0.1,23,0,0.1,9,0,0,7.09304,31,,108,104,,0,0,0,1
1602220401695,10,1010123456007,78,,1,0,6,1,1,,12.6757,37,0,0.032448,15,0,11.75,,0,0,0,0,0,0,0,0,0,,50,38,,0,0,0,0
1602220401945,10,1010123456007,78,,1,0,6,1,1,,14.4286,14,0,0.0159679,6,0,12.1667,,0,0,0,0,0,0,0,0,0,,18,14,,0,0,0,0
1602220402195,10,1010123456007,78,,1,0,6,1,1,,16.0625,16,0,0.0160964,6,0,11,,0,0,0,0,0,0,0,0,0,,27,14,,0,0,0,0
1602220402445,10,1010123456007,78,,1,0,6,1,1,,16.7222,54,0,0.063648,22,0,13,,0.1,22,0,0.1,9,0,0,6.43106,31,,44,44,,0,0,0,1
1602220402695,10,1010123456007,78,,1,0,6,1,1,,10.9118,34,0,0.0271807,14,0,9.5,,0,0,0,0,0,0,0,0,0,,36,34,,0,0,0,0
1602220402946,10,1010123456007,78,,1,0,6,1,1,,16.3667,30,0,0.031745,12,0,13,,0,0,0,0,0,0,0,0,0,,38,24,,0,0,0,0
1602220403195,10,1010123456007,78,,1,0,6,1,1,,15.3953,43,0,0.0426345,17,0,12.25,,0,0,0,0,0,0,0,0,0,,54,36,,0,0,0,0
1602220403445,10,1010123456007,78,,1,0,6,1,1,,16.7059,17,0,0.021056,7,0,13,,0.1,19,0,0.1,8,0,0,5.88693,31,,23,16,,0,0,0,1
1602220403695,10,1010123456007,78,,1,0,6,1,1,,17.9057,53,158,0.057992,20,0,12.75,,0,0,0,0,0,0,0,0,0,,58,44,,0,0,0,0
1602220403945,10,1010123456007,78,,1,0,6,1,1,,17,49,0,0.05936,21,0,13,,0,0,0,0,0,0,0,0,0,,40,38,,0,0,0,0
1602220404195,10,1010123456007,78,,1,0,6,1,1,,15.2286,35,0,0.037312,14,0,13,,0,0,0,0,0,0,0,0,0,,37,32,,0,0,0,0
1602220404445,10,1010123456007,78,,1,0,6,1,1,,5.18667,75,0,0.034016,30,0,9.66667,,0.25,24,0,0.1,10,0,0,5.78563,31,,94,88,,0,0,0,1
1602220404695,10,1010123456007,78,,1,0,6,1,1,,18.5556,27,0,0.027232,9,0,13.5,,0,0,0,0,0,0,0,0,0,,34,22,,0,0,0,0
1602220404945,10,1010123456007,78,,1,0,6,1,1,,5.34146,41,0,0.027168,19,0,7.66667,,0,0,0,0,0,0,0,0,0,,50,50,,0,0,0,0
1602220405195,10,1010123456007,78,,1,0,6,1,1,,16.1915,47,14,0.047936,18,0,13,,0,0,0,0,0,0,0,0,0,,49,42,,0,0,0,0
1602220405445,10,1010123456007,78,,1,0,6,1,1,,15.6452,31,0,0.037216,14,0,13,,0.2,20,0,0.1,8,0,0,5.7735,31,,30,30,,0,0,0,1
1602220405695,10,1010123456007,78,,1,0,6,1,1,,13.2045,44,0,0.037504,16,0,10.5,,0,0,0,0,0,0,0,0,0,,44,42,,0,0,0,0
1602220405945,10,1010123456007,78,,1,0,6,1,1,,17.7193,57,0,0.073824,25,0,13,,0,0,0,0,0,0,0,0,0,,78,50,,0,0,0,0
1602220406195,10,1010123456007,78,,1,0,6,1,1,,17.0294,34,0,0.042144,14,0,13,,0,0,0,0,0,0,0,0,0,,43,32,,0,0,0,0
1602220406445,10,1010123456007,78,,1,0,6,1,1,,15.5,30,0,0.0267631,10,0,13,,0.363636,22,0,0.1,9,0,0,5.79776,31,,24,24,,0,0,0,1
1602220406695,10,1010123456007,78,,1,0,6,1,1,,17.2857,49,0,0.0637108,21,0,13,,0,0,0,0,0,0,0,0,0,,43,40,,0,0,0,0
1602220406945,10,1010123456007,78,,1,0,6,1,1,,16.7963,54,0,0.057152,20,0,12.8,,0,0,0,0,0,0,0,0,0,,61,44,,0,0,0,0
1602220407195,10,1010123456007,78,,1,0,6,1,1,,15.0732,41,0,0.043584,17,0,13,,0,0,0,0,0,0,0,0,0,,35,34,,0,0,0,0
1602220407445,10,1010123456007,78,,1,0,6,1,1,,16.8136,59,151,0.06384,22,0,11.1667,,0.1,26,0,0.1,10,0,0,4.89634,31,,74,54,,0,0,0,1
1602220407695,10,1010123456007,78,,1,0,6,1,1,,5.18095,105,0,0.051584,44,0,13,,0,0,0,0,0,0,0,0,0,,188,162,,0,0,0,0
1602220407945,10,1010123456007,78,,1,0,6,1,1,,16,30,0,0.0319036,11,0,13,,0,0,0,0,0,0,0,0,0,,64,30,,0,0,0,0
1602220408195,10,1010123456007,78,,1,0,6,1,1,,16.7857,14,0,0.0213012,8,0,13,,0,0,0,0,0,0,0,0,0,,14,12,,0,0,0,0
1602220408445,10,1010123456007,78,,1,0,6,1,1,,13.88,50,0,0.0535582,20,0,13,,0.1,22,0,0.1,9,0,0,5.59182,31,,83,48,,0,0,0,1
1602220408695,10,1010123456007,78,,1,0,6,1,1,,16.5,44,0,0.0531084,18,0,13,,0,0,0,0,0,0,0,0,0,,54,42,,0,0,0,0
1602220408945,10,1010123456007,78,,1,0,6,1,1,,16.8,20,0,0.02128,8,0,12.25,,0,0,0,0,0,0,0,0,0,,20,16,,0,0,0,0
1602220409195,10,1010123456007,78,,1,0,6,1,1,,15.3571,28,0,0.0267631,11,0,13,,0,0,0,0,0,0,0,0,0,,26,24,,0,0,0,0
1602220409445,10,1010123456007,78,,1,0,6,1,1,,12.069,29,0,0.0269558,12,0,11.25,,0.1,14,0,0.1,6,0,0,3.75317,31,,99,30,,0,0,0,1
1602220409695,10,1010123456007,78,,1,0,6,1,1,,15.4667,30,0,0.0320643,12,0,13,,0,0,0,0,0,0,0,0,0,,42,26,,0,0,0,0
1602220409945,10,1010123456007,78,,1,0,6,1,1,,16.561,41,0,0.04784,18,0,13,,0,0,0,0,0,0,0,0,0,,85,40,,0,0,0,0
1602220410195,10,1010123456007,78,,1,0,6,1,1,,13.8056,36,0,0.032128,14,0,12,,0,0,0,0,0,0,0,0,0,,34,32,,0,0,0,0
1602220410445,10,1010123456007,78,,1,0,6,1,1,,16.2222,18,0,0.021216,7,0,13,,0.16,25,0,0.1,10,0,0,5.36313,31,,16,16,,0,0,0,1
1602220410695,10,1010123456007,78,,1,0,6,1,1,,15.08,25,0,0.021408,8,0,13,,0,0,0,0,0,0,0,0,0,,20,20,,0,0,0,0
1602220410945,10,1010123456007,78,,1,0,6,1,1,,15.5,28,0,0.03616,13,0,13,,0,0,0,0,0,0,0,0,0,,39,26,,0,0,0,0
1602220411195,10,1010123456007,78,,1,0,6,1,1,,14.1875,32,0,0.033312,14,0,12.25,,0,0,0,0,0,0,0,0,0,,88,32,,0,0,0,0
1602220411445,10,1010123456007,78,,1,0,6,1,1,,15.2759,29,0,0.0319357,12,0,13,,0.1,23,0,0.1,9,0,0,6.20961,31,,65,26,,0,0,0,1
1602220411695,10,1010123456007,78,,1,0,6,1,1,,5.67857,56,0,0.027968,23,0,11,,0,0,0,0,0,0,0,0,0,,81,70,,0,0,0,0
1602220411945,10,1010123456007,78,,1,0,6,1,1,,16.6364,22,14,0.02128,8,0,13,,0,0,0,0,0,0,0,0,0,,18,18,,0,0,0,0
1602220412195,10,1010123456007,78,,1,0,6,1,1,,14.4231,52,0,0.053824,22,0,11,,0,0,0,0,0,0,0,0,0,,74,52,,0,0,0,0
1602220412445,10,1010123456007,78,,1,0,6,1,1,,15.2222,36,0,0.037152,14,0,13,,0.25,24,0,0.1,10,0,0,4.75878,31,,37,28,,0,0,0,1
1602220412695,10,1010123456007,78,,1,0,6,1,1,,16.5652,23,0,0.026528,9,0,13,,0,0,0,0,0,0,0,0,0,,18,18,,0,0,0,0
1602220412945,10,1010123456007,78,,1,0,6,1,1,,15.8667,45,0,0.047712,18,0,11.75,,0,0,0,0,0,0,0,0,0,,47,40,,0,0,0,0
1602220413195,10,1010123456007,78,,1,0,6,1,1,,15.6786,28,0,0.0319679,12,0,12.4,,0,0,0,0,0,0,0,0,0,,49,30,,0,0,0,0
1602220413445,10,1010123456007,78,,1,0,6,1,1,,9.66667,69,14,0.043904,26,0,9,,0.1,21,0,0.1,9,0,0,4.91888,31,,105,78,,0,0,0,1
1602220413695,10,1010123456007,78,,1,0,6,1,1,,13.6667,27,0,0.031616,11,0,13,,0,0,0,0,0,0,0,0,0,,38,24,,0,0,0,0
1602220413945,10,1010123456007,78,,1,0,6,1,1,,16.8,20,0,0.021376,8,0,13,,0,0,0,0,0,0,0,0,0,,23,18,,0,0,0,0
1602220414195,10,1010123456007,78,,1,0,6,1,1,,14.4583,48,0,0.048288,19,0,11.75,,0,0,0,0,0,0,0,0,0,,47,42,,0,0,0,0
1602220414445,10,1010123456007,78,,1,0,6,1,1,,14.8333,18,0,0.01616,7,0,11.75,,0.1,25,0,0.1,10,0,0,5.19364,31,,31,16,,0,0,0,1
1602220414695,10,1010123456007,78,,1,0,6,1,1,,16.1429,28,0,0.026464,10,0,13,,0,0,0,0,0,0,0,0,0,,32,22,,0,0,0,0
1602220414945,10,1010123456007,78,,1,0,6,1,1,,16.3571,56,0,0.0587309,22,0,13,,0,0,0,0,0,0,0,0,0,,53,46,,0,0,0,0
1602220415195,10,1010123456007,78,,1,0,6,1,1,,15.1,40,0,0.0424739,16,0,13,,0,0,0,0,0,0,0,0,0,,47,36,,0,0,0,0
1602220415445,10,1010123456007,78,,1,0,6,1,1,,14.6471,51,0,0.0536546,20,0,13,,0.1,21,0,0.1,8,0,0,7.10728,31,,48,42,,0,0,0,1
1602220415695,10,1010123456007,78,,1,0,6,1,1,,14.7429,35,0,0.0425382,14,0,13,,0,0,0,0,0,0,0,0,0,,46,32,,0,0,0,0
1602220415945,10,1010123456007,78,,1,0,6,1,1,,16.0784,51,0,0.0480964,18,0,12.75,,0,0,0,0,0,0,0,0,0,,47,40,,0,0,0,0
1602220416195,10,1010123456007,78,,1,0,6,1,1,,15.5538,65,171,0.0750843,28,0,13,,0,0,0,0,0,0,0,0,0,,99,60,,0,0,0,0
1602220416445,10,1010123456007,78,,1,0,6,1,1,,17.1818,66,0,0.0800321,27,0,13,,0.1,24,0,0.1,10,0,0,6.41735,31,,66,50,,0,0,0,1
1602220416695,10,1010123456007,78,,1,0,6,1,1,,17.6,10,0,0.0106024,4,0,13,,0,0,0,0,0,0,0,0,0,,10,8,,0,0,0,0
1602220416945,10,1010123456007,78,,1,0,6,1,1,,15.75,40,0,0.042496,16,0,11.75,,0,0,0,0,0,0,0,0,0,,34,32,,0,0,0,0
1602220417195,10,1010123456007,78,,1,0,6,1,1,,9.2353,34,0,0.022144,14,0,11.25,,0,0,0,0,0,0,0,0,0,,41,38,,0,0,0,0
1602220417445,10,1010123456007,78,,1,0,6,1,1,,19.0769,13,0,0.015872,5,0,13,,0,0,0,0,0,0,0,0,0,,12,10,,0,0,0,0
1602220417695,10,1010123456007,78,,1,0,6,1,1,,8.06742,89,0,0.055328,36,0,9.66667,,0.16,25,0,0.1,10,0,0,5.11478,31,,128,106,,0,0,0,1
1602220417945,10,1010123456007,78,,1,0,6,1,1,,15.5,32,0,0.03696,13,0,13,,0,0,0,0,0,0,0,0,0,,48,30,,0,0,0,0
1602220418195,10,1010123456007,78,,1,0,6,1,1,,16.2826,46,0,0.04752,16,0,13,,0,0,0,0,0,0,0,0,0,,51,40,,0,0,0,0
1602220418445,10,1010123456007,78,,1,0,6,1,1,,15.42,50,0,0.0588273,22,0,13,,0.1,24,0,0.1,10,0,0,5.3222,31,,53,44,,0,0,0,1
1602220418695,10,1010123456007,78,,1,0,6,1,1,,17.1892,37,0,0.042496,15,0,13,,0,0,0,0,0,0,0,0,0,,69,32,,0,0,0,0
1602220418945,10,1010123456007,78,,1,0,6,1,1,,15.9556,45,0,0.04784,18,0,13,,0,0,0,0,0,0,0,0,0,,36,36,,0,0,0,0
1602220419195,10,1010123456007,78,,1,0,6,1,1,,16.88,25,0,0.026624,10,0,12,,0,0,0,0,0,0,0,0,0,,20,20,,0,0,0,0
1602220419445,10,1010123456007,78,,1,0,6,1,1,,15.2609,46,0,0.047904,18,0,13,,0.1,22,0,0.1,9,0,0,4.74375,31,,39,36,,0,0,0,1
1602220419695,10,1010123456007,78,,1,0,6,1,1,,14.9273,55,0,0.053056,20,0,13,,0,0,0,0,0,0,0,0,0,,62,50,,0,0,0,0
1602220419945,10,1010123456007,78,,1,0,6,1,1,,12.5227,44,0,0.0431807,20,0,11.75,,0,0,0,0,0,0,0,0,0,,45,38,,0,0,0,0
1602220420195,10,1010123456007,78,,1,0,6,1,1,,15.7273,33,0,0.037216,13,0,13,,0,0,0,0,0,0,0,0,0,,65,28,,0,0,0,0
1602220420445,10,1010123456007,78,,1,0,6,1,1,,16.44,50,0,0.0536225,20,0,13,,0.1,24,0,0.1,10,0,0,5.71139,31,,49,42,,0,0,0,1
1602220420695,10,1010123456007,78,,1,0,6,1,1,,18.1786,28,0,0.031808,11,0,13,,0,0,0,0,0,0,0,0,0,,44,22,,0,0,0,0
1602220420945,10,1010123456007,78,,1,0,6,1,1,,18.3889,36,0,0.042506,14,0,13,,0,0,0,0,0,0,0,0,0,,40,30,,0,0,0,0
1602220421195,10,1010123456007,78,,1,0,6,1,1,,15.2308,26,0,0.0213976,8,0,13,,0,0,0,0,0,0,0,0,0,,33,22,,0,0,0,0
1602220421445,10,1010123456007,78,,1,0,6,1,1,,17.6364,44,0,0.0581847,18,0,13,,0.153846,26,0,0.1,10,0,0,4.95886,31,,80,44,,0,0,0,1
1602220421695,10,1010123456007,78,,1,0,6,1,1,,16.1667,42,0,0.048,18,0,13,,0,0,0,0,0,0,0,0,0,,38,34,,0,0,0,0
1602220421945,10,1010123456007,78,,1,0,6,1,1,,16.7636,55,0,0.0585382,22,0,12,,0,0,0,0,0,0,0,0,0,,47,44,,0,0,0,0
1602220422195,10,1010123456007,78,,1,0,6,1,1,,17.913,23,0,0.0215582,7,0,13,,0,0,0,0,0,0,0,0,0,,24,20,,0,0,0,0
1602220422445,10,1010123456007,78,,1,0,6,1,1,,16.9706,34,0,0.0476466,16,0,13,,0.1,21,0,0.1,9,0,0,5.22408,31,,50,30,,0,0,0,1
1602220422695,10,1010123456007,78,,1,0,6,1,1,,15.4667,15,0,0.0106024,4,0,13,,0,0,0,0,0,0,0,0,0,,12,12,,0,0,0,0
1602220422945,10,1010123456007,78,,1,0,6,1,1,,16.6216,37,0,0.047712,17,0,13,,0,0,0,0,0,0,0,0,0,,40,32,,0,0,0,0
1602220423195,10,1010123456007,78,,1,0,6,1,1,,16.7679,56,0,0.064032,23,0,12.8,,0,0,0,0,0,0,0,0,0,,57,48,,0,0,0,0
1602220423445,10,1010123456007,78,,1,0,6,1,1,,13.9,10,0,0.010624,4,0,10,,0.190476,21,0,0.1,9,0,0,5.50849,31,,8,8,,0,0,0,1
1602220423695,10,1010123456007,78,,1,0,6,1,1,,14.3158,19,0,0.016064,7,0,12.2,,0,0,0,0,0,0,0,0,0,,21,14,,0,0,0,0
1602220423945,10,1010123456007,78,,1,0,6,1,1,,15.3333,12,0,0.015712,5,0,13,,0,0,0,0,0,0,0,0,0,,21,14,,0,0,0,0
1602220424195,10,1010123456007,78,,1,0,6,1,1,,16.1143,35,0,0.036992,13,0,13,,0,0,0,0,0,0,0,0,0,,48,28,,0,0,0,0
1602220424445,10,1010123456007,78,,1,0,6,1,1,,3.56463,147,0,0.040544,56,0,7,,9.95652,46,0,0.1,23,69.5652,0,6.1406,31,,319,192,,0,0,0,7.06522
1602220424695,10,1010123456007,78,,1,0,6,1,1,,16.3617,47,0,0.060384,22,0,13,,0,0,0,0,0,0,0,0,0,,64,40,,0,0,0,0
1602220424945,10,1010123456007,78,,1,0,6,1,1,,15.2105,19,0,0.021184,7,0,13,,0,0,0,0,0,0,0,0,0,,23,16,,0,0,0,0
1602220425195,10,1010123456007,78,,1,0,6,1,1,,15.5938,32,0,0.037248,13,0,13,,0,0,0,0,0,0,0,0,0,,38,30,,0,0,0,0
1602220425445,10,1010123456007,78,,1,0,6,1,1,,13.2826,46,0,0.042656,18,0,10.75,,14,12,0,0,4,100,0,3.87565,0,,65,52,,0,0,0,10
1602220425695,10,1010123456007,78,,1,0,6,1,1,,15.5,58,0,0.069312,25,0,11.25,,0,0,0,0,0,0,0,0,0,,61,52,,0,0,0,0
1602220425945,10,1010123456007,78,,1,0,6,1,1,,16.04,25,0,0.031776,11,0,13,,0,0,0,0,0,0,0,0,0,,36,22,,0,0,0,0
1602220426195,10,1010123456007,78,,1,0,6,1,1,,15.025,40,0,0.04256,16,0,13,,0,0,0,0,0,0,0,0,0,,35,34,,0,0,0,0
1602220426445,10,1010123456007,78,,1,0,6,1,1,,16.3617,47,0,0.047936,18,0,13,,0.1,24,0,0.1,9,0,0,5.03811,31,,41,36,,0,0,0,1.08333
1602220426695,10,1010123456007,78,,1,0,6,1,1,,15.9091,44,0,0.047904,18,0,13,,0,0,0,0,0,0,0,0,0,,44,38,,0,0,0,0
1602220426945,10,1010123456007,78,,1,0,6,1,1,,12.4318,44,0,0.0430843,18,0,11.8333,,0,0,0,0,0,0,0,0,0,,116,50,,0,0,0,0
1602220427195,10,1010123456007,78,,1,0,6,1,1,,15.6,35,0,0.037248,14,0,13,,0,0,0,0,0,0,0,0,0,,34,28,,0,0,0,0
1602220427445,10,1010123456007,78,,1,0,6,1,1,,12.125,32,0,0.0272771,13,0,7.33333,,0.1,19,0,0.1,8,0,0,4.83322,31,,34,32,,0,0,0,1
1602220427695,10,1010123456007,78,,1,0,6,1,1,,14.3,30,0,0.0318715,12,0,13,,0,0,0,0,0,0,0,0,0,,34,30,,0,0,0,0
1602220427945,10,1010123456007,78,,1,0,6,1,1,,10.2766,47,0,0.0330602,19,0,10.75,,0,0,0,0,0,0,0,0,0,,46,48,,0,0,0,0
1602220428195,10,1010123456007,78,,1,0,6,1,1,,16.4182,55,0,0.058368,22,0,10.6667,,0,0,0,0,0,0,0,0,0,,54,44,,0,0,0,0
1602220428445,10,1010123456007,78,,1,0,6,1,1,,12.6545,55,0,0.0535261,22,0,11.8,,0.1,23,0,0.1,9,0,0,6.33959,31,,71,56,,0,0,0,1
1602220428695,10,1010123456007,78,,1,0,6,1,1,,15.8478,46,0,0.0533012,19,0,13,,0,0,0,0,0,0,0,0,0,,81,46,,0,0,0,0
1602220428945,10,1010123456007,78,,1,0,6,1,1,,14.619,42,0,0.0428916,17,0,11.6667,,0,0,0,0,0,0,0,0,0,,72,42,,0,0,0,0
1602220429195,10,1010123456007,78,,1,0,6,1,1,,7.5,42,0,0.022208,16,0,10,,0,0,0,0,0,0,0,0,0,,46,42,,0,0,0,0
1602220429445,10,1010123456007,78,,1,0,6,1,1,,18.5472,53,0,0.0634217,20,0,12.8,,0.166667,24,0,0.1,10,0,0,4.8786,31,,131,48,,0,0,0,1
1602220429695,10,1010123456007,78,,1,0,6,1,1,,17.7619,42,0,0.053344,19,0,0.1,,0,0,0,0,0,0,0,0,0,,41,34,,0,0,0,0
1602220429945,10,1010123456007,78,,1,0,6,1,1,,15.9615,26,0,0.026496,10,0,13,,0,0,0,0,0,0,0,0,0,,29,24,,0,0,0,0
1602220430195,10,1010123456007,78,,1,0,6,1,1,,14.7429,35,0,0.037344,14,0,13,,0,0,0,0,0,0,0,0,0,,28,28,,0,0,0,0
1602220430445,10,1010123456007,78,,1,0,6,1,1,,8.27869,61,0,0.0438233,26,0,10.5,,0.1,26,0,0.1,10,0,0,6.04361,31,,94,84,,0,0,0,1
1602220430695,10,1010123456007,78,,1,0,6,1,1,,13.9,20,0,0.021248,8,0,13,,0,0,0,0,0,0,0,0,0,,19,16,,0,0,0,0
1602220430945,10,1010123456007,78,,1,0,6,1,1,,17.9474,19,0,0.0264,8,0,11,,0,0,0,0,0,0,0,0,0,,43,20,,0,0,0,0
1602220431195,10,1010123456007,78,,1,0,6,1,1,,16.3939,33,0,0.031904,12,0,13,,0,0,0,0,0,0,0,0,0,,32,28,,0,0,0,0
1602220431445,10,1010123456007,78,,1,0,6,1,1,,17.72,25,0,0.037056,12,0,13,,0.521739,23,0,0.1,9,0,0,5.22704,31,,31,24,,0,0,0,1
1602220431695,10,1010123456007,78,,1,0,6,1,1,,14.7143,14,0,0.015904,6,0,13,,0,0,0,0,0,0,0,0,0,,29,12,,0,0,0,0
1602220431945,10,1010123456007,78,,1,0,6,1,1,,13.5385,26,0,0.026528,10,0,11.75,,0,0,0,0,0,0,0,0,0,,66,24,,0,0,0,0
1602220432195,10,1010123456007,78,,1,0,6,1,1,,16.2414,29,0,0.03168,11,0,13,,0,0,0,0,0,0,0,0,0,,36,24,,0,0,0,0
1602220432445,10,1010123456007,78,,1,0,6,1,1,,15.875,16,0,0.020992,7,0,13,,0.26087,23,0,0.1,9,0,0,5.36345,31,,25,16,,0,0,0,1
1602220432695,10,1010123456007,78,,1,0,6,1,1,,16.54,50,0,0.052992,20,0,13,,0,0,0,0,0,0,0,0,0,,42,40,,0,0,0,0
1602220432945,10,1010123456007,78,,1,0,6,1,1,,15.8605,43,0,0.047808,18,0,13,,0,0,0,0,0,0,0,0,0,,45,38,,0,0,0,0
1602220433195,10,1010123456007,78,,1,0,6,1,1,,15.9844,64,0,0.069152,25,0,13,,0,0,0,0,0,0,0,0,0,,59,52,,0,0,0,0
1602220433445,10,1010123456007,78,,1,0,6,1,1,,17.1795,39,12,0.047616,15,0,12,,0.272727,22,0,0.1,9,0,0,6.22707,31,,72,36,,0,0,0,1
1602220433695,10,1010123456007,78,,1,0,6,1,1,,4.86517,89,0,0.0454618,36,0,8,,0,0,0,0,0,0,0,0,0,,177,166,,0,0,0,0
1602220433945,10,1010123456007,78,,1,0,6,1,1,,16.1538,26,0,0.0265703,10,0,13,,0,0,0,0,0,0,0,0,0,,24,22,,0,0,0,0
1602220434195,10,1010123456007,78,,1,0,6,1,1,,17.1765,34,0,0.037344,14,0,13,,0,0,0,0,0,0,0,0,0,,36,30,,0,0,0,0
1602220434445,10,1010123456007,78,,1,0,6,1,1,,15.8846,52,0,0.0533333,19,0,13,,0.1,23,0,0.1,9,0,0,5.55556,31,,62,48,,0,0,0,1.13043
1602220434695,10,1010123456007,78,,1,0,6,1,1,,15.7561,41,0,0.0481928,18,0,13,,0,0,0,0,0,0,0,0,0,,41,36,,0,0,0,0
1602220434945,10,1010123456007,78,,1,0,6,1,1,,14.537,54,0,0.064,24,0,13,,0,0,0,0,0,0,0,0,0,,60,48,,0,0,0,0
1602220435195,10,1010123456007,78,,1,0,6,1,1,,13.8214,28,0,0.0270843,12,0,10.75,,0,0,0,0,0,0,0,0,0,,39,24,,0,0,0,0
1602220435445,10,1010123456007,78,,1,0,6,1,1,,14.4,45,0,0.0479357,18,0,13,,0.1,22,0,0.1,9,0,0,4.90617,31,,50,40,,0,0,0,1
1602220435695,10,1010123456007,78,,1,0,6,1,1,,17.1905,21,0,0.021344,8,0,8.6,,0,0,0,0,0,0,0,0,0,,19,16,,0,0,0,0
1602220435945,10,1010123456007,78,,1,0,6,1,1,,17.1667,42,0,0.052896,17,0,13,,0,0,0,0,0,0,0,0,0,,46,38,,0,0,0,0
1602220436195,10,1010123456007,78,,1,0,6,1,1,,10.9048,63,0,0.048544,26,0,11.2,,0,0,0,0,0,0,0,0,0,,97,84,,0,0,0,0
1602220436445,10,1010123456007,78,,1,0,6,1,1,,7.59459,74,0,0.039392,30,0,11.25,,0.1,21,0,0.1,9,0,0,6.22708,31,,89,76,,0,0,0,1
1602220436695,10,1010123456007,78,,1,0,6,1,1,,16.6,35,0,0.037344,14,0,13,,0,0,0,0,0,0,0,0,0,,28,28,,0,0,0,0
1602220436945,10,1010123456007,78,,1,0,6,1,1,,16.6,35,0,0.036928,13,0,13,,0,0,0,0,0,0,0,0,0,,42,26,,0,0,0,0
1602220437195,10,1010123456007,78,,1,0,6,1,1,,9.61667,60,0,0.033312,23,0,11.2,,0,0,0,0,0,0,0,0,0,,60,52,,0,0,0,0
1602220437445,10,1010123456007,78,,1,0,6,1,1,,14.8333,24,0,0.026592,10,0,13,,0.1,21,0,0.1,9,0,0,3.88477,31,,22,20,,0,0,0,1
1602220437695,10,1010123456007,78,,1,0,6,1,1,,17.3529,51,0,0.06352,21,0,13,,0,0,0,0,0,0,0,0,0,,56,48,,0,0,0,0
1602220437945,10,1010123456007,78,,1,0,6,1,1,,17,27,0,0.031776,10,0,13,,0,0,0,0,0,0,0,0,0,,37,22,,0,0,0,0
1602220438195,10,1010123456007,78,,1,0,6,1,1,,16.5862,29,0,0.031968,12,0,12.8,,0,0,0,0,0,0,0,0,0,,26,24,,0,0,0,0
1602220438445,10,1010123456007,78,,1,0,6,1,1,,16.625,40,0,0.042624,15,0,13,,0.24,25,0,0.1,10,0,0,4.26549,31,,44,38,,0,0,0,1
1602220438695,10,1010123456007,78,,1,0,6,1,1,,15.4,20,0,0.026464,10,0,13,,0,0,0,0,0,0,0,0,0,,22,18,,0,0,0,0
1602220438945,10,1010123456007,78,,1,0,6,1,1,,15.2727,11,0,0.01056,4,0,13,,0,0,0,0,0,0,0,0,0,,10,8,,0,0,0,0
1602220439195,10,1010123456007,78,,1,0,6,1,1,,17.5641,39,0,0.05264,16,0,10.75,,0,0,0,0,0,0,0,0,0,,53,36,,0,0,0,0
1602220439445,10,1010123456007,78,,1,0,6,1,1,,9.96491,57,0,0.038368,23,0,10.3333,,0.1,25,0,0.1,10,0,0,6.44163,31,,86,58,,0,0,0,1
1602220439695,10,1010123456007,78,,1,0,6,1,1,,17.2963,27,0,0.031808,11,0,13,,0,0,0,0,0,0,0,0,0,,32,24,,0,0,0,0
1602220439945,10,1010123456007,78,,1,0,6,1,1,,16.0755,53,0,0.058432,22,0,13,,0,0,0,0,0,0,0,0,0,,62,46,,0,0,0,0
1602220440195,10,1010123456007,78,,1,0,6,1,1,,1.80663,181,0,0.054688,72,0,9,,0,0,0,0,0,0,0,0,0,,367,340,,0,0,0,0
1602220440445,10,1010123456007,78,,1,0,6,1,1,,15.0937,64,0,0.0641285,24,0,13,,0.1,24,0,0.1,10,0,0,6.0753,31,,75,56,,0,0,0,1
1602220440695,10,1010123456007,78,,1,0,6,1,1,,16.5357,28,0,0.037248,13,0,10,,0,0,0,0,0,0,0,0,0,,30,26,,0,0,0,0
1602220440945,10,1010123456007,78,,1,0,6,1,1,,15.1667,36,0,0.0376225,14,0,13,,0,0,0,0,0,0,0,0,0,,59,34,,0,0,0,0
1602220441195,10,1010123456007,78,,1,0,6,1,1,,17.2683,41,0,0.0424,16,0,13,,0,0,0,0,0,0,0,0,0,,45,34,,0,0,0,0
1602220441445,10,1010123456007,78,,1,0,6,1,1,,8.9434,53,0,0.0331245,21,0,11.2,,0.1,21,0,0.1,8,0,0,4.8533,31,,61,52,,0,0,0,1.14286
1602220441695,10,1010123456007,78,,1,0,6,1,1,,15.3158,38,158,0.0424096,15,0,13,,0,0,0,0,0,0,0,0,0,,48,32,,0,0,0,0
1602220441945,10,1010123456007,78,,1,0,6,1,1,,15.027,37,0,0.0426667,15,0,13,,0,0,0,0,0,0,0,0,0,,54,34,,0,0,0,0
1602220442195,10,1010123456007,78,,1,0,6,1,1,,15.125,48,0,0.058304,20,0,13,,0,0,0,0,0,0,0,0,0,,57,44,,0,0,0,0
1602220442445,10,1010123456007,78,,1,0,6,1,1,,14.7692,13,0,0.015712,5,0,12.2,,0.1,23,0,0.1,9,0,0,7.02663,31,,22,14,,0,0,0,1
1602220442695,10,1010123456007,78,,1,0,6,1,1,,14.8947,38,0,0.037376,15,0,10.5,,0,0,0,0,0,0,0,0,0,,44,34,,0,0,0,0
1602220442945,10,1010123456007,78,,1,0,6,1,1,,13.9667,30,0,0.026624,10,0,13,,0,0,0,0,0,0,0,0,0,,36,26,,0,0,0,0
1602220443195,10,1010123456007,78,,1,0,6,1,1,,16.775,40,0,0.052992,18,0,13,,0,0,0,0,0,0,0,0,0,,69,38,,0,0,0,0
1602220443445,10,1010123456007,78,,1,0,6,1,1,,16.9091,33,0,0.037056,13,0,13,,0.142857,28,0,0.1,11,0,0,4.4738,31,,33,26,,0,0,0,1
1602220443695,10,1010123456007,78,,1,0,6,1,1,,15.5143,35,0,0.03728,14,0,13,,0,0,0,0,0,0,0,0,0,,40,30,,0,0,0,0
1602220443945,10,1010123456007,78,,1,0,6,1,1,,15.4571,35,0,0.037312,14,0,13,,0,0,0,0,0,0,0,0,0,,31,30,,0,0,0,0
1602220444195,10,1010123456007,78,,1,0,6,1,1,,18.2414,29,0,0.035264,11,0,12.5,,0,0,0,0,0,0,0,0,0,,51,26,,0,0,0,0
1602220444445,10,1010123456007,78,,1,0,6,1,1,,16.1136,44,0,0.044416,18,0,11.8,,0.1,21,0,0.1,9,0,0,4.11269,31,,63,36,,0,0,0,1
1602220444695,10,1010123456007,78,,1,0,6,1,1,,8.70833,120,30,0.05664,45,0,8.5,,0,0,0,0,0,0,0,0,0,,138,112,,0,0,0,0
1602220444945,10,1010123456007,78,,1,0,6,1,1,,13.6818,22,14,0.031904,12,0,13,,0,0,0,0,0,0,0,0,0,,27,24,,0,0,0,0
1602220445195,10,1010123456007,78,,1,0,6,1,1,,16.6957,46,0,0.053248,18,0,13,,0,0,0,0,0,0,0,0,0,,50,40,,0,0,0,0
1602220445445,10,1010123456007,78,,1,0,6,1,1,,10.14,100,0,0.066144,42,0,8.5,,0.1,24,0,0.1,9,0,0,4.04195,31,,106,86,,0,0,0,1
1602220445695,10,1010123456007,78,,1,0,6,1,1,,9.58333,24,0,0.01632,10,0,11.25,,0,0,0,0,0,0,0,0,0,,35,28,,0,0,0,0
1602220445945,10,1010123456007,78,,1,0,6,1,1,,5.17647,68,0,0.02864,26,0,9.33333,,0,0,0,0,0,0,0,0,0,,158,108,,0,0,0,0
1602220446195,10,1010123456007,78,,1,0,6,1,1,,7.92453,53,0,0.0282088,21,0,11.2,,0,0,0,0,0,0,0,0,0,,60,60,,0,0,0,0
1602220446445,10,1010123456007,78,,1,0,6,1,1,,14.7317,41,0,0.037376,16,0,12.3333,,0.1,21,0,0.1,9,0,0,4.63298,31,,41,34,,0,0,0,1
1602220446695,10,1010123456007,78,,1,0,6,1,1,,15.1429,21,0,0.026336,8,0,12.5,,0,0,0,0,0,0,0,0,0,,32,22,,0,0,0,0
1602220446945,10,1010123456007,78,,1,0,6,1,1,,8.25532,47,0,0.022432,17,0,10,,0,0,0,0,0,0,0,0,0,,62,54,,0,0,0,0
1602220447195,10,1010123456007,78,,1,0,6,1,1,,15.6333,30,0,0.037248,14,0,13,,0,0,0,0,0,0,0,0,0,,29,28,,0,0,0,0
1602220447445,10,1010123456007,78,,1,0,6,1,1,,16.3,20,0,0.021312,8,0,12.75,,0.1,26,0,0.1,10,0,0,6.16866,31,,21,16,,0,0,0,1
1602220447695,10,1010123456007,78,,1,0,6,1,1,,13.4118,34,0,0.0323534,14,0,12,,0,0,0,0,0,0,0,0,0,,71,34,,0,0,0,0
1602220447945,10,1010123456007,78,,1,0,6,1,1,,15.6818,44,28,0.042624,16,0,13,,0,0,0,0,0,0,0,0,0,,56,42,,0,0,0,0
1602220448195,10,1010123456007,78,,1,0,6,1,1,,15.64,25,0,0.0319357,12,0,13,,0,0,0,0,0,0,0,0,0,,25,20,,0,0,0,0
1602220448445,10,1010123456007,78,,1,0,6,1,1,,17.6061,33,0,0.0373012,13,0,12.6667,,0.181818,22,0,0.1,9,0,0,5.11911,31,,43,30,,0,0,0,1
1602220448695,10,1010123456007,78,,1,0,6,1,1,,16.1429,21,0,0.02128,8,0,13,,0,0,0,0,0,0,0,0,0,,18,16,,0,0,0,0
1602220448945,10,1010123456007,78,,1,0,6,1,1,,13.9412,34,0,0.037344,14,0,10,,0,0,0,0,0,0,0,0,0,,38,32,,0,0,0,0
1602220449195,10,1010123456007,78,,1,0,6,1,1,,17.3235,34,0,0.037056,13,0,13,,0,0,0,0,0,0,0,0,0,,32,26,,0,0,0,0
1602220449445,10,1010123456007,78,,1,0,6,1,1,,16.7073,41,0,0.047648,17,0,12.3333,,0.1,22,0,0.1,9,0,0,5.45491,31,,50,36,,0,0,0,1
1602220449695,10,1010123456007,78,,1,0,6,1,1,,17.9,20,0,0.026592,9,0,13,,0,0,0,0,0,0,0,0,0,,32,18,,0,0,0,0
1602220449945,10,1010123456007,78,,1,0,6,1,1,,16.7812,32,0,0.03184,12,0,13,,0,0,0,0,0,0,0,0,0,,35,24,,0,0,0,0
1602220450195,10,1010123456007,78,,1,0,6,1,1,,17.0476,21,0,0.026368,8,0,13,,0,0,0,0,0,0,0,0,0,,39,20,,0,0,0,0
1602220450445,10,1010123456007,78,,1,0,6,1,1,,17.7174,46,0,0.052704,17,0,13,,0.1,22,0,0.1,9,0,0,5.43257,31,,46,38,,0,0,0,1
1602220450695,10,1010123456007,78,,1,0,6,1,1,,16.2,30,0,0.037312,14,0,13,,0,0,0,0,0,0,0,0,0,,26,24,,0,0,0,0
1602220450945,10,1010123456007,78,,1,0,6,1,1,,6.56,125,0,0.06704,49,0,10.5,,0,0,0,0,0,0,0,0,0,,204,174,,0,0,0,0
1602220451195,10,1010123456007,78,,1,0,6,1,1,,15.7111,45,0,0.0533333,20,0,13,,0,0,0,0,0,0,0,0,0,,46,36,,0,0,0,0
1602220451445,10,1010123456007,78,,1,0,6,1,1,,17.234,47,0,0.052896,19,0,13,,0.4,15,0,0.1,6,0,0,4.32288,31,,56,38,,0,0,0,1
1602220451695,10,1010123456007,78,,1,0,6,1,1,,17.0303,33,0,0.03696,13,0,13,,0,0,0,0,0,0,0,0,0,,29,28,,0,0,0,0
1602220451945,10,1010123456007,78,,1,0,6,1,1,,12.8824,34,136,0.031904,12,0,10,,0,0,0,0,0,0,0,0,0,,38,32,,0,0,0,0
1602220452195,10,1010123456007,78,,1,0,6,1,1,,8.2973,37,0,0.0273414,16,0,13,,0,0,0,0,0,0,0,0,0,,57,46,,0,0,0,0
1602220452445,10,1010123456007,78,,1,0,6,1,1,,16.6818,22,0,0.021184,7,0,12.5,,0.375,16,0,0.1,6,0,0,4.95662,31,,26,20,,0,0,0,1
1602220452695,10,1010123456007,78,,1,0,6,1,1,,13.2667,15,0,0.021184,8,0,13,,0,0,0,0,0,0,0,0,0,,18,14,,0,0,0,0
1602220452945,10,1010123456007,78,,1,0,6,1,1,,9.86842,38,0,0.016992,14,0,11.25,,0,0,0,0,0,0,0,0,0,,37,32,,0,0,0,0
1602220453195,10,1010123456007,78,,1,0,6,1,1,,5.35593,118,0,0.0522731,49,0,9.4,,0,0,0,0,0,0,0,0,0,,165,146,,0,0,0,0
1602220453445,10,1010123456007,78,,1,0,6,1,1,,15.08,50,0,0.053088,20,0,12.6667,,1.8,15,0,0.1,6,0,0,5.73064,31,,48,42,,0,0,0,1.2
1602220453695,10,1010123456007,78,,1,0,6,1,1,,17.9091,33,0,0.041984,13,0,12.25,,0,0,0,0,0,0,0,0,0,,46,32,,0,0,0,0
1602220453945,10,1010123456007,78,,1,0,6,1,1,,17.5357,28,0,0.031808,11,0,13,,0,0,0,0,0,0,0,0,0,,40,22,,0,0,0,0
1602220454195,10,1010123456007,78,,1,0,6,1,1,,15.5,24,0,0.0212048,8,0,13,,0,0,0,0,0,0,0,0,0,,31,22,,0,0,0,0
1602220454445,10,1010123456007,78,,1,0,6,1,1,,14.44,25,0,0.0321606,12,0,13,,0.210526,19,0,0.1,8,0,0,6.51793,31,,20,20,,0,0,0,1
1602220454695,10,1010123456007,78,,1,0,6,1,1,,14.8,15,0,0.016032,6,0,11.2,,0,0,0,0,0,0,0,0,0,,12,12,,0,0,0,0
1602220454945,10,1010123456007,78,,1,0,6,1,1,,16.7647,68,0,0.079584,28,0,13,,0,0,0,0,0,0,0,0,0,,65,58,,0,0,0,0
1602220455195,10,1010123456007,78,,1,0,6,1,1,,15.6,45,0,0.0424739,15,0,13,,0,0,0,0,0,0,0,0,0,,49,36,,0,0,0,0
1602220455445,10,1010123456007,78,,1,0,6,1,1,,15,31,0,0.037312,14,0,13,,0.1,23,0,0.1,9,0,0,7.08542,31,,37,26,,0,0,0,1
1602220455695,10,1010123456007,78,,1,0,6,1,1,,14.64,25,0,0.026528,10,0,13,,0,0,0,0,0,0,0,0,0,,40,20,,0,0,0,0
1602220455945,10,1010123456007,78,,1,0,6,1,1,,6.30612,49,0,0.017504,19,0,8.5,,0,0,0,0,0,0,0,0,0,,48,40,,0,0,0,0
1602220456195,10,1010123456007,78,,1,0,6,1,1,,12.88,25,0,0.021472,10,0,11.6,,0,0,0,0,0,0,0,0,0,,37,24,,0,0,0,0
1602220456445,10,1010123456007,78,,1,0,6,1,1,,17.0357,56,0,0.06384,22,0,13,,0.1,24,0,0.1,9,0,0,5.63963,31,,59,46,,0,0,0,1
1602220456695,10,1010123456007,78,,1,0,6,1,1,,17.6,5,0,0.00528,2,0,13,,0,0,0,0,0,0,0,0,0,,4,4,,0,0,0,0
1602220456945,10,1010123456007,78,,1,0,6,1,1,,16.2826,46,0,0.053024,19,0,13,,0,0,0,0,0,0,0,0,0,,47,44,,0,0,0,0
1602220457195,10,1010123456007,78,,1,0,6,1,1,,16.625,24,171,0.026368,9,0,13,,0,0,0,0,0,0,0,0,0,,51,22,,0,0,0,0
1602220457445,10,1010123456007,78,,1,0,6,1,1,,16.2222,45,0,0.05824,19,0,12,,0.1,24,0,0.1,10,0,0,5.86693,31,,57,38,,0,0,0,1
1602220457695,10,1010123456007,78,,1,0,6,1,1,,16.1667,36,0,0.042464,16,0,13,,0,0,0,0,0,0,0,0,0,,50,36,,0,0,0,0
1602220457945,10,1010123456007,78,,1,0,6,1,1,,16.2083,24,0,0.026624,10,0,13,,0,0,0,0,0,0,0,0,0,,27,22,,0,0,0,0
1602220458195,10,1010123456007,78,,1,0,6,1,1,,15.7761,67,0,0.0590522,24,0,11,,0,0,0,0,0,0,0,0,0,,75,58,,0,0,0,0
1602220458445,10,1010123456007,78,,1,0,6,1,1,,15.75,40,0,0.042656,16,0,13,,0.1,19,0,0.1,8,0,0,5.99268,31,,35,30,,0,0,0,1
1602220458695,10,1010123456007,78,,1,0,6,1,1,,14.9649,57,0,0.069152,25,0,12.8,,0,0,0,0,0,0,0,0,0,,64,52,,0,0,0,0
1602220458945,10,1010123456007,78,,1,0,6,1,1,,17.5122,41,0,0.042336,14,0,13,,0,0,0,0,0,0,0,0,0,,42,32,,0,0,0,0
1602220459195,10,1010123456007,78,,1,0,6,1,1,,12.3836,73,0,0.069984,30,0,11.25,,0,0,0,0,0,0,0,0,0,,86,70,,0,0,0,0
1602220459445,10,1010123456007,78,,1,0,6,1,1,,16.55,20,158,0.02128,8,0,13,,0.153846,26,0,0.1,10,0,0,5.2798,31,,20,16,,0,0,0,1
1602220459695,10,1010123456007,78,,1,0,6,1,1,,16.2542,59,0,0.063744,24,0,11.75,,0,0,0,0,0,0,0,0,0,,72,52,,0,0,0,0
1602220459945,10,1010123456007,78,,1,0,6,1,1,,16.1136,44,0,0.043072,18,0,12.8,,0,0,0,0,0,0,0,0,0,,46,38,,0,0,0,0
1602220460195,10,1010123456007,78,,1,0,6,1,1,,16.6944,36,158,0.042208,14,0,9.66667,,0,0,0,0,0,0,0,0,0,,67,38,,0,0,0,0
1602220460445,10,1010123456007,78,,1,0,6,1,1,,14.9365,63,0,0.069024,25,0,13,,0.1,23,0,0.1,9,0,0,7.08543,31,,66,56,,0,0,0,1
1602220460695,10,1010123456007,78,,1,0,6,1,1,,16.6923,39,0,0.048,17,0,13,,0,0,0,0,0,0,0,0,0,,35,30,,0,0,0,0
1602220460945,10,1010123456007,78,,1,0,6,1,1,,13.5,44,0,0.042988,18,0,11.3333,,0,0,0,0,0,0,0,0,0,,52,44,,0,0,0,0
1602220461195,10,1010123456007,78,,1,0,6,1,1,,13.2286,35,0,0.0321928,14,0,11.25,,0,0,0,0,0,0,0,0,0,,30,32,,0,0,0,0
1602220461445,10,1010123456007,78,,1,0,6,1,1,,16.6757,37,0,0.042432,15,0,13,,0.1,23,0,0.1,9,0,0,7.2963,31,,39,32,,0,0,0,1
1602220461695,10,1010123456007,78,,1,0,6,1,1,,9.41667,84,158,0.054912,34,0,9.66667,,0,0,0,0,0,0,0,0,0,,121,102,,0,0,0,0
1602220461945,10,1010123456007,78,,1,0,6,1,1,,16.1333,45,0,0.037184,14,0,13,,0,0,0,0,0,0,0,0,0,,52,38,,0,0,0,0
1602220462195,10,1010123456007,78,,1,0,6,1,1,,17.6154,26,0,0.04256,15,0,13,,0,0,0,0,0,0,0,0,0,,27,24,,0,0,0,0
1602220462445,10,1010123456007,78,,1,0,6,1,1,,8.8625,80,0,0.065056,33,0,10,,0.26087,23,0,0.1,9,0,0,5.40477,31,,151,142,,0,0,0,1
1602220462695,10,1010123456007,78,,1,0,6,1,1,,15.875,24,0,0.026336,9,0,13,,0,0,0,0,0,0,0,0,0,,45,24,,0,0,0,0
1602220462945,10,1010123456007,78,,1,0,6,1,1,,15.9773,44,0,0.051776,18,0,13,,0,0,0,0,0,0,0,0,0,,50,38,,0,0,0,0
1602220463195,10,1010123456007,78,,1,0,6,1,1,,16.2115,52,0,0.054048,19,0,13,,0,0,0,0,0,0,0,0,0,,60,46,,0,0,0,0
1602220463445,10,1010123456007,78,,1,0,6,1,1,,17.8214,28,0,0.037152,13,0,12.8,,0.1,22,0,0.1,9,0,0,6.0285,31,,24,22,,0,0,0,1
1602220463695,10,1010123456007,78,,1,0,6,1,1,,16.0208,48,0,0.047776,18,0,13,,0,0,0,0,0,0,0,0,0,,46,38,,0,0,0,0
1602220463945,10,1010123456007,78,,1,0,6,1,1,,17.8056,36,0,0.0424,15,0,13,,0,0,0,0,0,0,0,0,0,,41,30,,0,0,0,0
1602220464195,10,1010123456007,78,,1,0,6,1,1,,15.7442,43,0,0.042752,17,0,11.5,,0,0,0,0,0,0,0,0,0,,59,36,,0,0,0,0
1602220464445,10,1010123456007,78,,1,0,6,1,1,,16.5,32,0,0.03184,12,0,13,,0.1,23,0,0.1,9,0,0,4.54167,31,,31,24,,0,0,0,1
1602220464695,10,1010123456007,78,,1,0,6,1,1,,16.5161,31,0,0.037088,13,0,12.5,,0,0,0,0,0,0,0,0,0,,26,26,,0,0,0,0
1602220464945,10,1010123456007,78,,1,0,6,1,1,,15.1818,33,0,0.03184,11,0,13,,0,0,0,0,0,0,0,0,0,,36,30,,0,0,0,0
1602220465195,10,1010123456007,78,,1,0,6,1,1,,15.7381,42,43,0.042528,16,0,13,,0,0,0,0,0,0,0,0,0,,40,36,,0,0,0,0
1602220465445,10,1010123456007,78,,1,0,6,1,1,,15.5806,31,0,0.042432,15,0,13,,0.1,24,0,0.1,10,0,0,5.51603,31,,24,22,,0,0,0,1
1602220465695,10,1010123456007,78,,1,0,6,1,1,,16.125,48,0,0.047808,17,0,13,,0,0,0,0,0,0,0,0,0,,49,40,,0,0,0,0
1602220465945,10,1010123456007,78,,1,0,6,1,1,,15.4,20,0,0.026432,10,0,13,,0,0,0,0,0,0,0,0,0,,20,16,,0,0,0,0
1602220466195,10,1010123456007,78,,1,0,6,1,1,,17.2041,49,0,0.057984,20,0,12.6667,,0,0,0,0,0,0,0,0,0,,58,40,,0,0,0,0
1602220466445,10,1010123456007,78,,1,0,6,1,1,,14.5581,43,0,0.047648,17,0,13,,0.1,18,0,0.1,8,0,0,5.64473,31,,60,42,,0,0,0,1
1602220466695,10,1010123456007,78,,1,0,6,1,1,,16.5926,27,0,0.031808,11,0,13,,0,0,0,0,0,0,0,0,0,,25,24,,0,0,0,0
1602220466945,10,1010123456007,78,,1,0,6,1,1,,17.6545,55,0,0.051488,17,0,13,,0,0,0,0,0,0,0,0,0,,78,50,,0,0,0,0
1602220467195,10,1010123456007,78,,1,0,6,1,1,,16.4146,41,30,0.048928,17,0,13,,0,0,0,0,0,0,0,0,0,,58,34,,0,0,0,0
1602220467445,10,1010123456007,78,,1,0,6,1,1,,16.0943,53,0,0.063648,23,0,12.6667,,0.25,24,0,0.1,10,0,0,4.97456,31,,56,46,,0,0,0,1.20833
1602220467695,10,1010123456007,78,,1,0,6,1,1,,16.3043,46,0,0.052736,19,0,13,,0,0,0,0,0,0,0,0,0,,56,38,,0,0,0,0
1602220467945,10,1010123456007,78,,1,0,6,1,1,,16.3438,32,0,0.037696,14,0,13,,0,0,0,0,0,0,0,0,0,,32,28,,0,0,0,0
1602220468195,10,1010123456007,78,,1,0,6,1,1,,16.5676,37,0,0.04256,16,0,13,,0,0,0,0,0,0,0,0,0,,47,32,,0,0,0,0
1602220468445,10,1010123456007,78,,1,0,6,1,1,,15.1887,53,0,0.053312,20,0,13,,0.16,25,0,0.1,10,0,0,5.36729,31,,58,42,,0,0,0,1
1602220468695,10,1010123456007,78,,1,0,6,1,1,,14.5,32,0,0.031936,12,0,13,,0,0,0,0,0,0,0,0,0,,42,32,,0,0,0,0
1602220468945,10,1010123456007,78,,1,0,6,1,1,,12.1964,56,28,0.048384,22,0,10.75,,0,0,0,0,0,0,0,0,0,,74,58,,0,0,0,0
1602220469195,10,1010123456007,78,,1,0,6,1,1,,14.3333,24,0,0.02128,9,0,13,,0,0,0,0,0,0,0,0,0,,23,18,,0,0,0,0
1602220469445,10,1010123456007,78,,1,0,6,1,1,,11.7436,39,0,0.032352,16,0,11.5,,0.222222,27,0,0.1,9,0,0,4.41202,31,,67,46,,0,0,0,1
1602220469695,10,1010123456007,78,,1,0,6,1,1,,15.9429,35,0,0.042496,16,0,13,,0,0,0,0,0,0,0,0,0,,28,28,,0,0,0,0
1602220469945,10,1010123456007,78,,1,0,6,1,1,,14.4583,24,0,0.02656,10,0,13,,0,0,0,0,0,0,0,0,0,,39,20,,0,0,0,0
1602220470195,10,1010123456007,78,,1,0,6,1,1,,15.8947,19,0,0.021248,8,0,13,,0,0,0,0,0,0,0,0,0,,23,18,,0,0,0,0
1602220470445,10,1010123456007,78,,1,0,6,1,1,,16.0333,30,0,0.026752,10,0,13,,0.1,22,0,0.1,9,0,0,6.20633,31,,39,28,,0,0,0,1
1602220470695,10,1010123456007,78,,1,0,6,1,1,,15.6444,45,0,0.05312,20,0,13,,0,0,0,0,0,0,0,0,0,,47,40,,0,0,0,0
1602220470945,10,1010123456007,78,,1,0,6,1,1,,16.32,25,0,0.02656,10,0,13,,0,0,0,0,0,0,0,0,0,,20,20,,0,0,0,0
1602220471195,10,1010123456007,78,,1,0,6,1,1,,17.875,16,0,0.026048,7,0,10.6667,,0,0,0,0,0,0,0,0,0,,44,18,,0,0,0,0
1602220471445,10,1010123456007,78,,1,0,6,1,1,,16.9167,36,0,0.042304,15,0,13,,0.521739,23,0,0.1,9,0,0,4.96948,31,,58,32,,0,0,0,1
1602220471695,10,1010123456007,78,,1,0,6,1,1,,16.2069,29,0,0.031872,12,0,13,,0,0,0,0,0,0,0,0,0,,31,24,,0,0,0,0
1602220471945,10,1010123456007,78,,1,0,6,1,1,,16.3143,35,0,0.036064,13,0,13,,0,0,0,0,0,0,0,0,0,,31,30,,0,0,0,0
1602220472195,10,1010123456007,78,,1,0,6,1,1,,15.9091,22,0,0.027296,10,0,13,,0,0,0,0,0,0,0,0,0,,35,20,,0,0,0,0
1602220472445,10,1010123456007,78,,1,0,6,1,1,,10,58,0,0.03824,23,0,10.3333,,0.1,21,0,0.1,9,0,0,5.8722,31,,78,56,,0,0,0,1
1602220472695,10,1010123456007,78,,1,0,6,1,1,,17.3182,22,0,0.026432,9,0,12.75,,0,0,0,0,0,0,0,0,0,,20,18,,0,0,0,0
1602220472945,10,1010123456007,78,,1,0,6,1,1,,14.575,40,0,0.042496,16,0,13,,0,0,0,0,0,0,0,0,0,,46,38,,0,0,0,0
1602220473195,10,1010123456007,78,,1,0,6,1,1,,15.0465,43,0,0.0425382,15,0,13,,0,0,0,0,0,0,0,0,0,,47,40,,0,0,0,0
1602220473445,10,1010123456007,78,,1,0,6,1,1,,17.6,5,0,0.010656,4,0,13,,0.1,22,0,0.1,9,0,0,6.1502,31,,4,4,,0,0,0,1
1602220473695,10,1010123456007,78,,1,0,6,1,1,,16.8545,55,0,0.05328,20,0,13,,0,0,0,0,0,0,0,0,0,,47,46,,0,0,0,0
1602220473945,10,1010123456007,78,,1,0,6,1,1,,3.65079,63,0,0.0292048,29,0,10.5,,0,0,0,0,0,0,0,0,0,,139,98,,0,0,0,0
1602220474195,10,1010123456007,78,,1,0,6,1,1,,15.6552,29,0,0.032,12,0,13,,0,0,0,0,0,0,0,0,0,,27,26,,0,0,0,0
1602220474445,10,1010123456007,78,,1,0,6,1,1,,11.4583,24,0,0.016512,10,0,11.3333,,0.1,23,0,0.1,9,0,0,6.31211,31,,24,22,,0,0,0,1
1602220474695,10,1010123456007,78,,1,0,6,1,1,,17.4074,27,0,0.026464,9,0,13,,0,0,0,0,0,0,0,0,0,,37,24,,0,0,0,0
1602220474945,10,1010123456007,78,,1,0,6,1,1,,12.6739,46,0,0.042912,20,0,10.6667,,0,0,0,0,0,0,0,0,0,,58,40,,0,0,0,0
1602220475195,10,1010123456007,78,,1,0,6,1,1,,10.4444,36,0,0.02704,15,0,13,,0,0,0,0,0,0,0,0,0,,46,36,,0,0,0,0
1602220475445,10,1010123456007,78,,1,0,6,1,1,,13.6852,54,0,0.0512,20,0,11.8333,,0.25,24,0,0.1,10,0,0,6.3195,31,,78,54,,0,0,0,1
1602220475695,10,1010123456007,78,,1,0,6,1,1,,15.6842,38,0,0.038912,14,0,13,,0,0,0,0,0,0,0,0,0,,39,32,,0,0,0,0
1602220475945,10,1010123456007,78,,1,0,6,1,1,,15.5,24,0,0.031936,12,0,13,,0,0,0,0,0,0,0,0,0,,20,20,,0,0,0,0
1602220476195,10,1010123456007,78,,1,0,6,1,1,,9.71264,87,0,0.054912,34,0,9.5,,0,0,0,0,0,0,0,0,0,,123,84,,0,0,0,0
1602220476445,10,1010123456007,78,,1,0,6,1,1,,3.31343,67,0,0.023872,27,0,10.8571,,0.1,24,0,0.1,10,0,0,5.72369,31,,151,134,,0,0,0,1
1602220476695,10,1010123456007,78,,1,0,6,1,1,,14.8684,38,0,0.042496,15,0,13,,0,0,0,0,0,0,0,0,0,,40,36,,0,0,0,0
1602220476945,10,1010123456007,78,,1,0,6,1,1,,16.7576,33,0,0.047264,14,0,13,,0,0,0,0,0,0,0,0,0,,49,34,,0,0,0,0
1602220477195,10,1010123456007,78,,1,0,6,1,1,,10.9474,76,0,0.0544,30,0,10,,0,0,0,0,0,0,0,0,0,,95,70,,0,0,0,0
1602220477445,10,1010123456007,78,,1,0,6,1,1,,1.06542,107,0,0.020768,43,0,5.75,,0.1,26,0,0.1,9,0,0,4.27091,31,,231,162,,0,0,0,1
1602220477695,10,1010123456007,78,,1,0,6,1,1,,9.22,50,0,0.027936,20,0,13,,0,0,0,0,0,0,0,0,0,,57,42,,0,0,0,0
1602220477945,10,1010123456007,78,,1,0,6,1,1,,3.09655,145,0,0.052448,56,0,7.5,,0,0,0,0,0,0,0,0,0,,282,252,,0,0,0,0
1602220478195,10,1010123456007,78,,1,0,6,1,1,,15.5,44,0,0.047072,16,0,13,,0,0,0,0,0,0,0,0,0,,48,38,,0,0,0,0
1602220478445,10,1010123456007,78,,1,0,6,1,1,,18.7561,41,0,0.058592,19,0,13,,0.1,22,0,0.1,9,0,0,5.85616,31,,51,40,,0,0,0,1
1602220478695,10,1010123456007,78,,1,0,6,1,1,,15.8421,38,0,0.042272,15,0,13,,0,0,0,0,0,0,0,0,0,,52,38,,0,0,0,0
1602220478945,10,1010123456007,78,,1,0,6,1,1,,18.1111,18,0,0.026506,9,0,12.6667,,0,0,0,0,0,0,0,0,0,,16,14,,0,0,0,0
1602220479195,10,1010123456007,78,,1,0,6,1,1,,16.6061,33,0,0.032,11,0,13,,0,0,0,0,0,0,0,0,0,,34,28,,0,0,0,0
1602220479445,10,1010123456007,78,,1,0,6,1,1,,18.5,32,0,0.04784,15,0,13,,0.1,23,0,0.1,9,0,0,6.02651,31,,39,26,,0,0,0,1
1602220479695,10,1010123456007,78,,1,0,6,1,1,,16.6667,48,0,0.047904,18,0,13,,0,0,0,0,0,0,0,0,0,,44,42,,0,0,0,0
1602220479945,10,1010123456007,78,,1,0,6,1,1,,16.2679,56,0,0.068704,25,0,13,,0,0,0,0,0,0,0,0,0,,81,52,,0,0,0,0
1602220480195,10,1010123456007,78,,1,0,6,1,1,,15.5814,43,0,0.047776,17,0,12.6667,,0,0,0,0,0,0,0,0,0,,76,38,,0,0,0,0
1602220480445,10,1010123456007,78,,1,0,6,1,1,,15.6774,31,0,0.031808,12,0,13,,0.133333,30,0,0.1,12,0,0,3.42494,31,,42,32,,0,0,0,1
1602220480695,10,1010123456007,78,,1,0,6,1,1,,14.9697,33,0,0.037216,14,0,13,,0,0,0,0,0,0,0,0,0,,26,24,,0,0,0,0
1602220480945,10,1010123456007,78,,1,0,6,1,1,,15.2333,30,0,0.026528,10,0,13,,0,0,0,0,0,0,0,0,0,,32,24,,0,0,0,0
1602220481195,10,1010123456007,78,,1,0,6,1,1,,18.718,39,14,0.047808,16,0,13,,0,0,0,0,0,0,0,0,0,,48,34,,0,0,0,0
1602220481445,10,1010123456007,78,,1,0,6,1,1,,15.6154,65,0,0.074304,27,0,13,,0.1,21,0,0.1,8,0,0,5.52979,31,,76,54,,0,0,0,1.14286
1602220481695,10,1010123456007,78,,1,0,6,1,1,,15.3714,35,0,0.037344,14,0,13,,0,0,0,0,0,0,0,0,0,,39,32,,0,0,0,0
1602220481945,10,1010123456007,78,,1,0,6,1,1,,15.85,40,0,0.037216,14,0,13,,0,0,0,0,0,0,0,0,0,,38,34,,0,0,0,0
1602220482195,10,1010123456007,78,,1,0,6,1,1,,17.35,40,0,0.052768,18,0,13,,0,0,0,0,0,0,0,0,0,,50,36,,0,0,0,0
1602220482445,10,1010123456007,78,,1,0,6,1,1,,5.97351,151,0,0.058112,61,0,10.75,,0.1,24,0,0.1,9,0,0,4.63347,31,,189,140,,0,0,0,1
1602220482695,10,1010123456007,78,,1,0,6,1,1,,3.85606,132,0,0.05216,54,0,10,,0,0,0,0,0,0,0,0,0,,322,232,,0,0,0,0
1602220482945,10,1010123456007,78,,1,0,6,1,1,,15.6667,45,0,0.042592,17,0,10.6667,,0,0,0,0,0,0,0,0,0,,38,36,,0,0,0,0
1602220483195,10,1010123456007,78,,1,0,6,1,1,,15.1892,37,0,0.03696,13,0,13,,0,0,0,0,0,0,0,0,0,,44,32,,0,0,0,0
1602220483445,10,1010123456007,78,,1,0,6,1,1,,14.1905,21,0,0.026752,10,0,13.5,,0.181818,22,0,0.1,9,0,0,5.48263,31,,19,18,,0,0,0,1
1602220483695,10,1010123456007,78,,1,0,6,1,1,,21.0323,31,0,0.056512,12,0,13,,0,0,0,0,0,0,0,0,0,,70,30,,0,0,0,0
1602220483945,10,1010123456007,78,,1,0,6,1,1,,17.3067,75,0,0.084896,30,0,12.75,,0,0,0,0,0,0,0,0,0,,74,64,,0,0,0,0
1602220484195,10,1010123456007,78,,1,0,6,1,1,,16.7021,47,28,0.053056,19,0,13,,0,0,0,0,0,0,0,0,0,,43,42,,0,0,0,0
1602220484445,10,1010123456007,78,,1,0,6,1,1,,16.5476,42,30,0.042496,16,0,13,,0.16,25,0,0.1,10,0,0,5.36984,31,,47,36,,0,0,0,1
1602220484695,10,1010123456007,78,,1,0,6,1,1,,16.0185,54,0,0.05856,22,0,13,,0,0,0,0,0,0,0,0,0,,44,42,,0,0,0,0
1602220484945,10,1010123456007,78,,1,0,6,1,1,,5.37255,102,0,0.04048,39,0,7.5,,0,0,0,0,0,0,0,0,0,,147,112,,0,0,0,0
1602220485195,10,1010123456007,78,,1,0,6,1,1,,17.6,50,0,0.06384,22,0,13,,0,0,0,0,0,0,0,0,0,,46,40,,0,0,0,0
1602220485445,10,1010123456007,78,,1,0,6,1,1,,14.7353,34,0,0.031744,12,0,13,,0.1,22,0,0.1,9,0,0,6.17094,31,,46,28,,0,0,0,1
1602220485695,10,1010123456007,78,,1,0,6,1,1,,15.3529,34,0,0.0372369,13,0,13,,0,0,0,0,0,0,0,0,0,,43,30,,0,0,0,0
1602220485945,10,1010123456007,78,,1,0,6,1,1,,15.3714,35,0,0.03728,14,0,13,,0,0,0,0,0,0,0,0,0,,42,30,,0,0,0,0
1602220486195,10,1010123456007,78,,1,0,6,1,1,,15.1053,38,0,0.042432,15,0,12.6667,,0,0,0,0,0,0,0,0,0,,48,36,,0,0,0,0
1602220486445,10,1010123456007,78,,1,0,6,1,1,,14.68,25,0,0.026464,10,0,13,,0.1,22,0,0.1,9,0,0,6.60229,31,,27,24,,0,0,0,1
1602220486695,10,1010123456007,78,,1,0,6,1,1,,17.1154,26,0,0.02656,10,0,13,,0,0,0,0,0,0,0,0,0,,25,22,,0,0,0,0
1602220486945,10,1010123456007,78,,1,0,6,1,1,,15.3636,33,0,0.0372369,14,0,13,,0,0,0,0,0,0,0,0,0,,67,34,,0,0,0,0
1602220487195,10,1010123456007,78,,1,0,6,1,1,,15.2821,39,0,0.04256,16,0,13,,0,0,0,0,0,0,0,0,0,,41,34,,0,0,0,0
1602220487445,10,1010123456007,78,,1,0,6,1,1,,16.9286,28,0,0.03168,11,0,13,,0.3,20,0,0.1,8,0,0,6.29394,31,,38,22,,0,0,0,1
1602220487695,10,1010123456007,78,,1,0,6,1,1,,17.5172,29,0,0.03184,12,0,10.5,,0,0,0,0,0,0,0,0,0,,26,24,,0,0,0,0
1602220487945,10,1010123456007,78,,1,0,6,1,1,,6.55208,96,0,0.04512,36,0,13,,0,0,0,0,0,0,0,0,0,,184,116,,0,0,0,0
1602220488195,10,1010123456007,78,,1,0,6,1,1,,15.125,40,0,0.047936,18,0,13.25,,0,0,0,0,0,0,0,0,0,,44,36,,0,0,0,0
1602220488445,10,1010123456007,78,,1,0,6,1,1,,9.25,40,0,0.027456,17,0,10,,0.521739,23,0,0.1,9,0,0,5.24745,31,,68,44,,0,0,0,1.13043
1602220488695,10,1010123456007,78,,1,0,6,1,1,,14.98,50,0,0.052736,19,0,13,,0,0,0,0,0,0,0,0,0,,72,42,,0,0,0,0
1602220488945,10,1010123456007,78,,1,0,6,1,1,,14.8148,27,0,0.031552,11,0,13,,0,0,0,0,0,0,0,0,0,,44,26,,0,0,0,0
1602220489195,10,1010123456007,78,,1,0,6,1,1,,15.9487,39,0,0.042528,16,0,13,,0,0,0,0,0,0,0,0,0,,34,32,,0,0,0,0
1602220489445,10,1010123456007,78,,1,0,6,1,1,,8.72414,29,0,0.016992,12,0,12,,0.1,23,0,0.1,9,0,0,6.58601,31,,43,34,,0,0,0,1
1602220489695,10,1010123456007,78,,1,0,6,1,1,,16.5455,44,0,0.0528,17,0,13,,0,0,0,0,0,0,0,0,0,,56,40,,0,0,0,0
1602220489945,10,1010123456007,78,,1,0,6,1,1,,16.381,42,0,0.047552,17,0,13,,0,0,0,0,0,0,0,0,0,,50,38,,0,0,0,0
1602220490195,10,1010123456007,78,,1,0,6,1,1,,17.1282,39,0,0.03968,14,0,13,,0,0,0,0,0,0,0,0,0,,34,30,,0,0,0,0
1602220490445,10,1010123456007,78,,1,0,6,1,1,,0,0,0,0.002784,1,0,13,,0,0,0,0,0,0,0,0,0,,0,0,,0,0,0,0
1602220490695,10,1010123456007,78,,1,0,6,1,1,,3.45902,61,0,0.018432,25,0,11,,0.26087,23,0,0.1,9,0,0,5.29833,31,,67,72,,0,0,0,1
1602220490945,10,1010123456007,78,,1,0,6,1,1,,8.22059,68,0,0.03856,27,0,10.6667,,0,0,0,0,0,0,0,0,0,,88,70,,0,0,0,0
1602220491195,10,1010123456007,78,,1,0,6,1,1,,15.5179,56,0,0.058624,22,0,13,,0,0,0,0,0,0,0,0,0,,50,46,,0,0,0,0
1602220491445,10,1010123456007,78,,1,0,6,1,1,,17.25,72,0,0.074176,26,0,13,,0.1,21,0,0.1,8,0,0,6.31545,31,,67,60,,0,0,0,1
1602220491695,10,1010123456007,78,,1,0,6,1,1,,6.05102,98,0,0.055872,41,0,8.5,,0,0,0,0,0,0,0,0,0,,169,130,,0,0,0,0
1602220491945,10,1010123456007,78,,1,0,6,1,1,,15.4167,36,0,0.0424,15,0,13,,0,0,0,0,0,0,0,0,0,,69,38,,0,0,0,0
1602220492195,10,1010123456007,78,,1,0,6,1,1,,17.2381,42,0,0.04752,16,0,13,,0,0,0,0,0,0,0,0,0,,76,36,,0,0,0,0
1602220492445,10,1010123456007,78,,1,0,6,1,1,,16.7627,59,0,0.063776,23,0,12.5,,0.1,22,0,0.1,9,0,0,5.32013,31,,54,48,,0,0,0,1
1602220492695,10,1010123456007,78,,1,0,6,1,1,,14.6667,45,0,0.0479036,18,0,13,,0,0,0,0,0,0,0,0,0,,56,40,,0,0,0,0
1602220492945,10,1010123456007,78,,1,0,6,1,1,,16.3636,55,0,0.046688,17,0,13,,0,0,0,0,0,0,0,0,0,,58,44,,0,0,0,0
1602220493195,10,1010123456007,78,,1,0,6,1,1,,17.1053,38,0,0.0593092,20,0,13,,0,0,0,0,0,0,0,0,0,,35,32,,0,0,0,0
1602220493445,10,1010123456007,78,,1,0,6,1,1,,7.10256,78,0,0.0362731,29,0,7.6,,0.1,24,0,0.1,10,0,0,5.91114,31,,132,114,,0,0,0,1
1602220493695,10,1010123456007,78,,1,0,6,1,1,,12.2778,72,0,0.0679197,30,0,11,,0,0,0,0,0,0,0,0,0,,89,70,,0,0,0,0
1602220493945,10,1010123456007,78,,1,0,6,1,1,,15.2333,30,0,0.0267309,10,0,13,,0,0,0,0,0,0,0,0,0,,34,24,,0,0,0,0
1602220494195,10,1010123456007,78,,1,0,6,1,1,,16.2182,55,0,0.058272,20,0,13,,0,0,0,0,0,0,0,0,0,,75,46,,0,0,0,0
1602220494445,10,1010123456007,78,,1,0,6,1,1,,13.1667,66,0,0.069408,30,0,10.75,,0.173913,23,0,0.1,9,0,0,6.56376,31,,102,62,,0,0,0,1
1602220494695,10,1010123456007,78,,1,0,6,1,1,,12.32,50,0,0.04288,19,0,10,,0,0,0,0,0,0,0,0,0,,108,56,,0,0,0,0
1602220494945,10,1010123456007,78,,1,0,6,1,1,,15.9474,19,0,0.026336,8,0,12.6667,,0,0,0,0,0,0,0,0,0,,43,20,,0,0,0,0
1602220495195,10,1010123456007,78,,1,0,6,1,1,,15.7273,55,0,0.05856,22,0,13,,0,0,0,0,0,0,0,0,0,,57,46,,0,0,0,0
1602220495445,10,1010123456007,78,,1,0,6,1,1,,17,34,0,0.03184,11,0,13,,0.153846,26,0,0.1,10,0,0,4.75093,31,,35,30,,0,0,0,1
1602220495695,10,1010123456007,78,,1,0,6,1,1,,16.86,50,0,0.057568,21,0,13,,0,0,0,0,0,0,0,0,0,,46,40,,0,0,0,0
1602220495945,10,1010123456007,78,,1,0,6,1,1,,15.6977,43,0,0.049024,19,0,13,,0,0,0,0,0,0,0,0,0,,46,38,,0,0,0,0
1602220496195,10,1010123456007,78,,1,0,6,1,1,,14.8491,53,0,0.058496,21,0,13,,0,0,0,0,0,0,0,0,0,,66,48,,0,0,0,0
1602220496445,10,1010123456007,78,,1,0,6,1,1,,16.5,40,0,0.042624,16,0,12.75,,0.26087,23,0,0.1,9,0,0,5.27474,31,,49,38,,0,0,0,1
1602220496695,10,1010123456007,78,,1,0,6,1,1,,14.5,14,0,0.015904,6,0,13,,0,0,0,0,0,0,0,0,0,,20,12,,0,0,0,0
1602220496945,10,1010123456007,78,,1,0,6,1,1,,8.94681,94,0,0.055456,38,0,10.75,,0,0,0,0,0,0,0,0,0,,108,92,,0,0,0,0
1602220497195,10,1010123456007,78,,1,0,6,1,1,,13,12,0,0.0107952,5,0,12.25,,0,0,0,0,0,0,0,0,0,,15,12,,0,0,0,0
1602220497445,10,1010123456007,78,,1,0,6,1,1,,16.2,35,0,0.03712,14,0,13,,0.1,24,0,0.1,9,0,0,5.34374,31,,30,28,,0,0,0,1
1602220497695,10,1010123456007,78,,1,0,6,1,1,,9.68868,106,0,0.066368,41,0,10.75,,0,0,0,0,0,0,0,0,0,,116,98,,0,0,0,0
1602220497945,10,1010123456007,78,,1,0,6,1,1,,17.2727,22,0,0.031648,11,0,13,,0,0,0,0,0,0,0,0,0,,22,18,,0,0,0,0
1602220498195,10,1010123456007,78,,1,0,6,1,1,,16.5333,30,0,0.026464,10,0,13,,0,0,0,0,0,0,0,0,0,,26,24,,0,0,0,0
1602220498445,10,1010123456007,78,,1,0,6,1,1,,15.931,29,0,0.03728,14,0,13,,0.1,26,0,0.1,10,0,0,4.44524,31,,26,24,,0,0,0,1
1602220498695,10,1010123456007,78,,1,0,6,1,1,,15.8,25,0,0.026592,10,0,13,,0,0,0,0,0,0,0,0,0,,23,22,,0,0,0,0
1602220498945,10,1010123456007,78,,1,0,6,1,1,,14.8864,44,0,0.0481606,18,0,13,,0,0,0,0,0,0,0,0,0,,55,40,,0,0,0,0
1602220499195,10,1010123456007,78,,1,0,6,1,1,,15.6207,29,0,0.032032,12,0,13,,0,0,0,0,0,0,0,0,0,,28,28,,0,0,0,0
1602220499445,10,1010123456007,78,,1,0,6,1,1,,16.14,50,0,0.0479679,18,0,13,,0.1,22,0,0.1,9,0,0,4.7874,31,,68,46,,0,0,0,1
1602220499695,10,1010123456007,78,,1,0,6,1,1,,16.2778,18,0,0.0318715,10,0,13,,0,0,0,0,0,0,0,0,0,,98,16,,0,0,0,0
1602220499945,10,1010123456007,78,,1,0,6,1,1,,16,41,0,0.04784,17,0,13,,0,0,0,0,0,0,0,0,0,,47,40,,0,0,0,0
1602220500195,10,1010123456007,78,,1,0,6,1,1,,17.0426,47,0,0.058272,19,0,12.6667,,0,0,0,0,0,0,0,0,0,,98,42,,0,0,0,0
1602220500445,10,1010123456007,78,,1,0,6,1,1,,16,37,0,0.037216,14,0,13.25,,0.25,24,0,0.1,9,0,0,6.82812,31,,36,28,,0,0,0,1
1602220500695,10,1010123456007,78,,1,0,6,1,1,,16.55,20,0,0.021248,8,0,13,,0,0,0,0,0,0,0,0,0,,16,16,,0,0,0,0
1602220500945,10,1010123456007,78,,1,0,6,1,1,,14.8039,51,158,0.053184,21,0,12.5,,0.1,3,0,0.1,1,0,0,5.53663,31,,60,50,,0,0,0,1
1602220501195,10,1010123456007,78,,1,0,6,1,1,,15.4375,48,0,0.053056,19,0,9.33333,,0,0,0,0,0,0,0,0,0,,54,44,,0,0,0,0
1602220501445,10,1010123456007,78,,1,0,6,1,1,,15.1765,51,0,0.047872,18,0,13,,0.272727,22,0,0.1,9,0,0,5.7879,31,,54,40,,0,0,0,1
1602220501695,10,1010123456007,78,,1,0,6,1,1,,14.35,20,0,0.021344,8,0,12.25,,0,0,0,0,0,0,0,0,0,,19,18,,0,0,0,0
1602220501945,10,1010123456007,78,,1,0,6,1,1,,14.3704,27,0,0.03728,14,0,13,,0,0,0,0,0,0,0,0,0,,38,26,,0,0,0,0
1602220502195,10,1010123456007,78,,1,0,6,1,1,,14.55,20,0,0.02128,8,0,13,,0,0,0,0,0,0,0,0,0,,27,18,,0,0,0,0
1602220502445,10,1010123456007,78,,1,0,6,1,1,,14.3793,29,0,0.031904,12,0,13,,0.1,21,0,0.1,8,0,0,6.03812,31,,38,26,,0,0,0,1
1602220502695,10,1010123456007,78,,1,0,6,1,1,,17.3846,26,0,0.031872,11,0,13,,0,0,0,0,0,0,0,0,0,,24,22,,0,0,0,0
1602220502945,10,1010123456007,78,,1,0,6,1,1,,11.1829,82,0,0.064992,33,0,9.5,,0,0,0,0,0,0,0,0,0,,90,84,,0,0,0,0
1602220503195,10,1010123456007,78,,1,0,6,1,1,,14.5882,17,102,0.01584,6,0,10.6667,,0,0,0,0,0,0,0,0,0,,26,16,,0,0,0,0
1602220503445,10,1010123456007,78,,1,0,6,1,1,,16.2143,28,0,0.036768,12,0,13,,0.1,24,0,0.1,9,0,0,4.45012,31,,68,26,,0,0,0,1
1602220503695,10,1010123456007,78,,1,0,6,1,1,,15.725,40,0,0.042624,16,0,13,,0,0,0,0,0,0,0,0,0,,43,34,,0,0,0,0
1602220503945,10,1010123456007,78,,1,0,6,1,1,,16.5909,44,0,0.047808,17,0,13,,0,0,0,0,0,0,0,0,0,,42,34,,0,0,0,0
1602220504195,10,1010123456007,78,,1,0,6,1,1,,15.907,43,0,0.042272,15,0,13,,0,0,0,0,0,0,0,0,0,,56,38,,0,0,0,0
1602220504445,10,1010123456007,78,,1,0,6,1,1,,14.9286,28,0,0.03728,14,0,13,,0.1,26,0,0.1,10,0,0,6.67252,31,,30,28,,0,0,0,1
1602220504695,10,1010123456007,78,,1,0,6,1,1,,16.0294,34,0,0.037152,13,0,13,,0,0,0,0,0,0,0,0,0,,37,28,,0,0,0,0
1602220504945,10,1010123456007,78,,1,0,6,1,1,,16.375,40,0,0.047584,16,0,12.8,,0,0,0,0,0,0,0,0,0,,81,38,,0,0,0,0
1602220505195,10,1010123456007,78,,1,0,6,1,1,,15.8919,37,0,0.042272,15,0,13,,0,0,0,0,0,0,0,0,0,,40,32,,0,0,0,0
1602220505445,10,1010123456007,78,,1,0,6,1,1,,17.92,75,0,0.084896,30,0,13,,0.1,25,0,0.1,10,0,0,6.46157,31,,66,60,,0,0,0,1
1602220505695,10,1010123456007,78,,1,0,6,1,1,,16.2927,41,0,0.037408,14,0,13,,0,0,0,0,0,0,0,0,0,,41,34,,0,0,0,0
1602220505945,10,1010123456007,78,,1,0,6,1,1,,15.44,25,0,0.0321606,12,0,13,,0,0,0,0,0,0,0,0,0,,27,22,,0,0,0,0
1602220506195,10,1010123456007,78,,1,0,6,1,1,,14.7586,29,0,0.031744,12,0,13,,0,0,0,0,0,0,0,0,0,,36,30,,0,0,0,0
1602220506445,10,1010123456007,78,,1,0,6,1,1,,15.8431,51,0,0.05264,19,0,13,,0.1,26,0,0.1,10,0,0,6.79303,31,,42,40,,0,0,0,1
1602220506695,10,1010123456007,78,,1,0,6,1,1,,17.9375,32,0,0.037632,14,0,13,,0,0,0,0,0,0,0,0,0,,26,26,,0,0,0,0
1602220506945,10,1010123456007,78,,1,0,6,1,1,,11.25,28,0,0.016512,10,0,11.25,,0,0,0,0,0,0,0,0,0,,35,30,,0,0,0,0
1602220507195,10,1010123456007,78,,1,0,6,1,1,,15.7955,44,0,0.05824,21,0,13,,0,0,0,0,0,0,0,0,0,,46,42,,0,0,0,0
1602220507445,10,1010123456007,78,,1,0,6,1,1,,12.925,40,0,0.042592,17,0,11.6,,0.1,21,0,0.1,9,0,0,5.29295,31,,83,46,,0,0,0,1
1602220507695,10,1010123456007,78,,1,0,6,1,1,,13.0312,32,0,0.021824,11,0,10.6667,,0,0,0,0,0,0,0,0,0,,29,30,,0,0,0,0
1602220507945,10,1010123456007,78,,1,0,6,1,1,,16.0909,33,0,0.042304,16,0,13,,0,0,0,0,0,0,0,0,0,,34,28,,0,0,0,0
1602220508195,10,1010123456007,78,,1,0,6,1,1,,16.7805,41,0,0.047552,17,0,13,,0,0,0,0,0,0,0,0,0,,50,36,,0,0,0,0
1602220508445,10,1010123456007,78,,1,0,6,1,1,,15.7333,15,0,0.015936,6,0,13,,0.1,22,0,0.1,9,0,0,5.73682,31,,21,14,,0,0,0,1
1602220508695,10,1010123456007,78,,1,0,6,1,1,,15.4231,26,0,0.026592,10,0,13,,0,0,0,0,0,0,0,0,0,,26,22,,0,0,0,0
1602220508945,10,1010123456007,78,,1,0,6,1,1,,11.4667,30,0,0.021632,11,0,5.8,,0,0,0,0,0,0,0,0,0,,49,38,,0,0,0,0
1602220509195,10,1010123456007,78,,1,0,6,1,1,,17.6,10,0,0.010624,4,0,13,,0,0,0,0,0,0,0,0,0,,12,8,,0,0,0,0
1602220509445,10,1010123456007,78,,1,0,6,1,1,,15.8,35,0,0.037216,14,0,13,,0.1,26,0,0.1,10,0,0,6.82917,31,,28,28,,0,0,0,1
1602220509695,10,1010123456007,78,,1,0,6,1,1,,14.2,30,0,0.026592,10,0,13,,0,0,0,0,0,0,0,0,0,,35,26,,0,0,0,0
1602220509945,10,1010123456007,78,,1,0,6,1,1,,15.6591,44,0,0.053024,20,0,13,,0,0,0,0,0,0,0,0,0,,47,38,,0,0,0,0
1602220510195,10,1010123456007,78,,1,0,6,1,1,,16.2105,38,0,0.042528,15,0,13,,0,0,0,0,0,0,0,0,0,,35,30,,0,0,0,0
1602220510445,10,1010123456007,78,,1,0,6,1,1,,14.1923,26,0,0.026752,10,0,12.25,,0.1,25,0,0.1,10,0,0,5.05818,31,,35,24,,0,0,0,1
1602220510695,10,1010123456007,78,,1,0,6,1,1,,16.8,20,0,0.021184,8,0,13,,0,0,0,0,0,0,0,0,0,,19,16,,0,0,0,0
1602220510945,10,1010123456007,78,,1,0,6,1,1,,15.96,25,0,0.020704,7,0,13,,0,0,0,0,0,0,0,0,0,,26,22,,0,0,0,0
1602220511195,10,1010123456007,78,,1,0,6,1,1,,17.4872,39,0,0.043072,17,0,13,,0,0,0,0,0,0,0,0,0,,35,34,,0,0,0,0
1602220511445,10,1010123456007,78,,1,0,6,1,1,,12.6842,38,0,0.0377831,17,0,11.4,,0.1,22,0,0.1,9,0,0,5.94737,31,,42,34,,0,0,0,1
1602220511695,10,1010123456007,78,,1,0,6,1,1,,7.61798,89,130,0.044576,34,0,0.1,,0,0,0,0,0,0,0,0,0,,131,96,,0,0,0,0
1602220511945,10,1010123456007,78,,1,0,6,1,1,,12.3061,49,0,0.04288,20,0,13,,0,0,0,0,0,0,0,0,0,,69,52,,0,0,0,0
1602220512195,10,1010123456007,78,,1,0,6,1,1,,19.2353,17,0,0.021152,7,0,13,,0,0,0,0,0,0,0,0,0,,14,14,,0,0,0,0
1602220512445,10,1010123456007,78,,1,0,6,1,1,,15.8696,46,0,0.0480643,18,0,13,,0.1,19,0,0.1,7,0,0,5.70608,31,,50,42,,0,0,0,1
1602220512695,10,1010123456007,78,,1,0,6,1,1,,15.5,26,0,0.02672,10,0,13,,0,0,0,0,0,0,0,0,0,,23,20,,0,0,0,0
1602220512945,10,1010123456007,78,,1,0,6,1,1,,15.6667,66,0,0.07136,25,0,12.5,,0,0,0,0,0,0,0,0,0,,82,62,,0,0,0,0
1602220513195,10,1010123456007,78,,1,0,6,1,1,,15.28,25,158,0.029248,11,0,13,,0,0,0,0,0,0,0,0,0,,36,26,,0,0,0,0
1602220513445,10,1010123456007,78,,1,0,6,1,1,,15.3111,45,0,0.052864,18,0,13,,0.1,22,0,0.1,9,0,0,6.83359,31,,56,38,,0,0,0,1
1602220513695,10,1010123456007,78,,1,0,6,1,1,,16.3256,43,0,0.047936,18,0,13,,0,0,0,0,0,0,0,0,0,,48,36,,0,0,0,0
1602220513945,10,1010123456007,78,,1,0,6,1,1,,17.1667,24,0,0.026496,10,0,12.6667,,0,0,0,0,0,0,0,0,0,,32,22,,0,0,0,0
1602220514195,10,1010123456007,78,,1,0,6,1,1,,16.9677,31,0,0.03184,12,0,13,,0,0,0,0,0,0,0,0,0,,30,28,,0,0,0,0
1602220514445,10,1010123456007,78,,1,0,6,1,1,,16.2105,38,0,0.042272,15,0,13,,0.1,26,0,0.1,10,0,0,6.15413,31,,50,34,,0,0,0,1
1602220514695,10,1010123456007,78,,1,0,6,1,1,,17.383,47,0,0.053216,19,0,13,,0,0,0,0,0,0,0,0,0,,41,38,,0,0,0,0
1602220514945,10,1010123456007,78,,1,0,6,1,1,,16.9844,64,0,0.07888,26,0,13,,0,0,0,0,0,0,0,0,0,,86,56,,0,0,0,0
1602220515195,10,1010123456007,78,,1,0,6,1,1,,16.1842,38,0,0.042208,15,0,10.5,,0,0,0,0,0,0,0,0,0,,52,30,,0,0,0,0
1602220515445,10,1010123456007,78,,1,0,6,1,1,,16.1613,31,0,0.042048,13,0,13,,0.1,21,0,0.1,9,0,0,5.2182,31,,50,34,,0,0,0,1
1602220515695,10,1010123456007,78,,1,0,6,1,1,,17.2308,26,0,0.031904,11,0,13,,0,0,0,0,0,0,0,0,0,,31,22,,0,0,0,0
1602220515945,10,1010123456007,78,,1,0,6,1,1,,15.0227,44,0,0.047968,18,0,13.2,,0,0,0,0,0,0,0,0,0,,46,38,,0,0,0,0
1602220516195,10,1010123456007,78,,1,0,6,1,1,,15.931,58,14,0.053088,20,0,13,,0,0,0,0,0,0,0,0,0,,60,48,,0,0,0,0
1602220516445,10,1010123456007,78,,1,0,6,1,1,,16.2857,56,14,0.063776,23,0,11.75,,0.1,24,0,0.1,10,0,0,5.80891,31,,75,50,,0,0,0,1
1602220516695,10,1010123456007,78,,1,0,6,1,1,,14.0667,15,14,0.015904,6,0,13,,0,0,0,0,0,0,0,0,0,,14,12,,0,0,0,0
1602220516945,10,1010123456007,78,,1,0,6,1,1,,15.8378,37,0,0.042688,16,0,12.6667,,0,0,0,0,0,0,0,0,0,,72,34,,0,0,0,0
1602220517195,10,1010123456007,78,,1,0,6,1,1,,16.5278,36,0,0.042272,15,0,13,,0,0,0,0,0,0,0,0,0,,47,34,,0,0,0,0
1602220517445,10,1010123456007,78,,1,0,6,1,1,,16.5,30,0,0.031904,12,0,13,,0.1,20,0,0.1,8,0,0,4.17453,31,,32,24,,0,0,0,1
1602220517695,10,1010123456007,78,,1,0,6,1,1,,16,40,0,0.037344,14,0,13,,0,0,0,0,0,0,0,0,0,,39,34,,0,0,0,0
1602220517945,10,1010123456007,78,,1,0,6,1,1,,17,20,0,0.02656,10,0,13,,0,0,0,0,0,0,0,0,0,,20,16,,0,0,0,0
1602220518195,10,1010123456007,78,,1,0,6,1,1,,15.9811,53,0,0.05856,21,0,13,,0,0,0,0,0,0,0,0,0,,53,46,,0,0,0,0
1602220518445,10,1010123456007,78,,1,0,6,1,1,,15.0286,35,0,0.031872,12,0,12.5,,0.1,26,0,0.1,10,0,0,5.98419,31,,38,32,,0,0,0,1
1602220518695,10,1010123456007,78,,1,0,6,1,1,,14.1786,28,0,0.032128,14,0,11.75,,0,0,0,0,0,0,0,0,0,,32,26,,0,0,0,0
1602220518945,10,1010123456007,78,,1,0,6,1,1,,16.3158,19,0,0.021312,8,0,12,,0,0,0,0,0,0,0,0,0,,24,18,,0,0,0,0
1602220519195,10,1010123456007,78,,1,0,6,1,1,,15.4103,39,0,0.0420884,15,0,13,,0,0,0,0,0,0,0,0,0,,36,32,,0,0,0,0
1602220519445,10,1010123456007,78,,1,0,6,1,1,,8.69014,71,0,0.044128,29,0,11.4,,0.1,22,0,0.1,9,0,0,6.12838,31,,90,82,,0,0,0,1
1602220519695,10,1010123456007,78,,1,0,6,1,1,,15.766,47,0,0.058592,20,0,13,,0,0,0,0,0,0,0,0,0,,51,42,,0,0,0,0
1602220519945,10,1010123456007,78,,1,0,6,1,1,,15.814,43,0,0.042304,15,0,13,,0,0,0,0,0,0,0,0,0,,63,44,,0,0,0,0
1602220520195,10,1010123456007,78,,1,0,6,1,1,,15.4,50,0,0.058624,22,0,13,,0,0,0,0,0,0,0,0,0,,49,42,,0,0,0,0
1602220520445,10,1010123456007,78,,1,0,6,1,1,,17.0625,32,0,0.037088,13,0,13,,0.1,23,0,0.1,9,0,0,6.39559,31,,31,28,,0,0,0,1
1602220520695,10,1010123456007,78,,1,0,6,1,1,,16.8182,22,0,0.01584,6,0,13,,0,0,0,0,0,0,0,0,0,,30,18,,0,0,0,0
1602220520945,10,1010123456007,78,,1,0,6,1,1,,2.46269,134,0,0.047072,53,0,9.33333,,0,0,0,0,0,0,0,0,0,,281,254,,0,0,0,0
1602220521195,10,1010123456007,78,,1,0,6,1,1,,16.6,20,0,0.026624,10,0,13,,0,0,0,0,0,0,0,0,0,,30,18,,0,0,0,0
1602220521445,10,1010123456007,78,,1,0,6,1,1,,13.3478,46,0,0.037952,18,0,10.6667,,0.1,24,0,0.1,10,0,0,6.48517,31,,41,38,,0,0,0,1
1602220521695,10,1010123456007,78,,1,0,6,1,1,,14.7,20,0,0.021312,8,0,13,,0,0,0,0,0,0,0,0,0,,19,16,,0,0,0,0
1602220521945,10,1010123456007,78,,1,0,6,1,1,,11.3871,31,0,0.026944,13,0,11.75,,0,0,0,0,0,0,0,0,0,,34,30,,0,0,0,0
1602220522195,10,1010123456007,78,,1,0,6,1,1,,16.4286,42,0,0.047616,17,0,13,,0,0,0,0,0,0,0,0,0,,43,34,,0,0,0,0
1602220522445,10,1010123456007,78,,1,0,6,1,1,,15.5588,34,0,0.037216,14,0,13,,0.272727,22,0,0.1,9,0,0,5.42278,31,,71,30,,0,0,0,1
1602220522695,10,1010123456007,78,,1,0,6,1,1,,15.1538,39,0,0.042688,16,0,13,,0,0,0,0,0,0,0,0,0,,45,36,,0,0,0,0
1602220522945,10,1010123456007,78,,1,0,6,1,1,,14.9459,37,0,0.037312,14,0,13,,0,0,0,0,0,0,0,0,0,,58,34,,0,0,0,0
1602220523195,10,1010123456007,78,,1,0,6,1,1,,5.63725,102,0,0.040576,41,0,10,,0,0,0,0,0,0,0,0,0,,144,128,,0,0,0,0
1602220523445,10,1010123456007,78,,1,0,6,1,1,,6.9434,53,0,0.02832,22,0,10.8,,0.1,22,0,0.1,8,0,0,5.31875,31,,74,64,,0,0,0,1.13636
1602220523695,10,1010123456007,78,,1,0,6,1,1,,17.4118,17,0,0.021216,7,0,13,,0,0,0,0,0,0,0,0,0,,14,14,,0,0,0,0
1602220523945,10,1010123456007,78,,1,0,6,1,1,,16.625,24,0,0.02656,10,0,13,,0,0,0,0,0,0,0,0,0,,24,20,,0,0,0,0
1602220524195,10,1010123456007,78,,1,0,6,1,1,,14.2,30,0,0.031904,12,0,12,,0,0,0,0,0,0,0,0,0,,50,30,,0,0,0,0
1602220524445,10,1010123456007,78,,1,0,6,1,1,,14.8,30,0,0.032064,12,0,11.75,,0.1,23,0,0.1,10,0,0,5.78592,31,,24,24,,0,0,0,1
1602220524695,10,1010123456007,78,,1,0,6,1,1,,15.0909,44,0,0.047616,18,0,13,,0,0,0,0,0,0,0,0,0,,62,40,,0,0,0,0
1602220524945,10,1010123456007,78,,1,0,6,1,1,,17.35,20,0,0.0214297,8,0,13,,0,0,0,0,0,0,0,0,0,,16,16,,0,0,0,0
1602220525195,10,1010123456007,78,,1,0,6,1,1,,16.3667,30,28,0.032,12,0,13,,0,0,0,0,0,0,0,0,0,,30,26,,0,0,0,0
1602220525445,10,1010123456007,78,,1,0,6,1,1,,18.4359,39,0,0.047552,15,0,13,,0.1,22,0,0.1,9,0,0,5.94928,31,,60,30,,0,0,0,1
1602220525695,10,1010123456007,78,,1,0,6,1,1,,11.3571,42,0,0.03248,17,0,9.5,,0,0,0,0,0,0,0,0,0,,51,38,,0,0,0,0
1602220525945,10,1010123456007,78,,1,0,6,1,1,,14.7,50,158,0.0584,21,0,12.6667,,0,0,0,0,0,0,0,0,0,,94,52,,0,0,0,0
1602220526195,10,1010123456007,78,,1,0,6,1,1,,16.5833,24,0,0.02608,9,0,13,,0,0,0,0,0,0,0,0,0,,25,20,,0,0,0,0
1602220526445,10,1010123456007,78,,1,0,6,1,1,,15.5682,44,0,0.0486104,19,0,13,,0.1,22,0,0.1,9,0,0,5.95032,31,,54,40,,0,0,0,1
1602220526695,10,1010123456007,78,,1,0,6,1,1,,11.725,40,0,0.032192,15,0,11.25,,0,0,0,0,0,0,0,0,0,,80,38,,0,0,0,0
1602220526945,10,1010123456007,78,,1,0,6,1,1,,16.0333,30,0,0.031744,11,0,12.8,,0,0,0,0,0,0,0,0,0,,34,26,,0,0,0,0
1602220527195,10,1010123456007,78,,1,0,6,1,1,,16.25,24,0,0.0264,8,0,13,,0,0,0,0,0,0,0,0,0,,47,24,,0,0,0,0
1602220527445,10,1010123456007,78,,1,0,6,1,1,,17.7,40,0,0.052928,18,0,12.4,,0.1,18,0,0.1,7,0,0,6.09353,31,,50,38,,0,0,0,1
1602220527695,10,1010123456007,78,,1,0,6,1,1,,16.65,60,0,0.063936,24,0,13,,0,0,0,0,0,0,0,0,0,,64,50,,0,0,0,0
1602220527945,10,1010123456007,78,,1,0,6,1,1,,16.36,25,0,0.026592,10,0,11.5,,0,0,0,0,0,0,0,0,0,,20,20,,0,0,0,0
1602220528195,10,1010123456007,78,,1,0,6,1,1,,11.7021,47,0,0.037696,19,0,10.4,,0,0,0,0,0,0,0,0,0,,48,44,,0,0,0,0
1602220528445,10,1010123456007,78,,1,0,6,1,1,,17,20,0,0.02128,8,0,13,,0.26087,23,0,0.1,9,0,0,5.19375,31,,16,16,,0,0,0,1
1602220528695,10,1010123456007,78,,1,0,6,1,1,,16.725,40,158,0.037216,13,0,13,,0,0,0,0,0,0,0,0,0,,44,32,,0,0,0,0
1602220528945,10,1010123456007,78,,1,0,6,1,1,,15.5714,28,0,0.042144,14,0,10.2,,0,0,0,0,0,0,0,0,0,,27,24,,0,0,0,0
1602220529195,10,1010123456007,78,,1,0,6,1,1,,8.52174,23,0,0.0216,9,0,9.66667,,0,0,0,0,0,0,0,0,0,,47,40,,0,0,0,0
1602220529445,10,1010123456007,78,,1,0,6,1,1,,7.48718,39,0,0.017184,15,0,10,,0.24,25,0,0.1,10,0,0,5.22336,31,,76,36,,0,0,0,1
1602220529695,10,1010123456007,78,,1,0,6,1,1,,1.80723,83,0,0.024608,34,0,10.8,,0,0,0,0,0,0,0,0,0,,158,150,,0,0,0,0
1602220529945,10,1010123456007,78,,1,0,6,1,1,,15.1111,27,0,0.026752,10,0,13,,0,0,0,0,0,0,0,0,0,,46,26,,0,0,0,0
1602220530195,10,1010123456007,78,,1,0,6,1,1,,15.3125,32,0,0.037184,13,0,13,,0,0,0,0,0,0,0,0,0,,42,28,,0,0,0,0
1602220530445,10,1010123456007,78,,1,0,6,1,1,,14.0667,30,0,0.026912,12,0,11.5,,0.1,21,0,0.1,8,0,0,5.46884,31,,24,24,,0,0,0,1
1602220530695,10,1010123456007,78,,1,0,6,1,1,,16.3404,47,0,0.058432,20,0,13,,0,0,0,0,0,0,0,0,0,,74,48,,0,0,0,0
1602220530945,10,1010123456007,78,,1,0,6,1,1,,13.4925,67,0,0.058976,26,0,9.5,,0,0,0,0,0,0,0,0,0,,77,60,,0,0,0,0
1602220531195,10,1010123456007,78,,1,0,6,1,1,,16.6364,33,0,0.037024,14,0,13,,0,0,0,0,0,0,0,0,0,,42,28,,0,0,0,0
1602220531445,10,1010123456007,78,,1,0,6,1,1,,16.85,40,0,0.04272,16,0,13,,0.1,24,0,0.1,10,0,0,6.38123,31,,32,32,,0,0,0,1.08333
1602220531695,10,1010123456007,78,,1,0,6,1,1,,15.75,28,0,0.031776,11,0,13,,0,0,0,0,0,0,0,0,0,,28,24,,0,0,0,0
1602220531945,10,1010123456007,78,,1,0,6,1,1,,16.28,25,0,0.0266667,10,0,13,,0,0,0,0,0,0,0,0,0,,26,20,,0,0,0,0
1602220532195,10,1010123456007,78,,1,0,6,1,1,,15.9091,66,0,0.069248,26,0,13,,0,0,0,0,0,0,0,0,0,,75,56,,0,0,0,0
1602220532445,10,1010123456007,78,,1,0,6,1,1,,16,40,0,0.042688,16,0,12.6667,,0.16,25,0,0.1,10,0,0,5.34147,31,,48,36,,0,0,0,1
1602220532695,10,1010123456007,78,,1,0,6,1,1,,15.5,30,0,0.026656,10,0,13,,0,0,0,0,0,0,0,0,0,,24,24,,0,0,0,0
1602220532945,10,1010123456007,78,,1,0,6,1,1,,16.3158,57,0,0.063424,22,0,12.8,,0,0,0,0,0,0,0,0,0,,61,50,,0,0,0,0
1602220533195,10,1010123456007,78,,1,0,6,1,1,,15.7609,46,0,0.04768,17,0,13,,0,0,0,0,0,0,0,0,0,,51,40,,0,0,0,0
1602220533445,10,1010123456007,78,,1,0,6,1,1,,14.3636,22,0,0.031712,12,0,13,,0.1,26,0,0.1,10,0,0,6.16461,31,,36,22,,0,0,0,1
1602220533695,10,1010123456007,78,,1,0,6,1,1,,16.625,32,0,0.036992,13,0,11.3333,,0,0,0,0,0,0,0,0,0,,29,28,,0,0,0,0
1602220533945,10,1010123456007,78,,1,0,6,1,1,,15.475,40,0,0.042912,16,0,13,,0,0,0,0,0,0,0,0,0,,45,38,,0,0,0,0
1602220534195,10,1010123456007,78,,1,0,6,1,1,,15.32,25,0,0.026496,10,0,13,,0,0,0,0,0,0,0,0,0,,35,24,,0,0,0,0
1602220534445,10,1010123456007,78,,1,0,6,1,1,,16.6765,34,0,0.031712,11,0,10.3333,,0.1,24,0,0.1,9,0,0,5.284,31,,30,26,,0,0,0,1
1602220534695,10,1010123456007,78,,1,0,6,1,1,,9.45455,33,0,0.021888,13,0,13,,0,0,0,0,0,0,0,0,0,,47,38,,0,0,0,0
1602220534945,10,1010123456007,78,,1,0,6,1,1,,12.3148,54,0,0.0435341,24,0,11.75,,0,0,0,0,0,0,0,0,0,,65,46,,0,0,0,0
1602220535195,10,1010123456007,78,,1,0,6,1,1,,15.0286,35,0,0.037152,14,0,13,,0,0,0,0,0,0,0,0,0,,30,28,,0,0,0,0
1602220535445,10,1010123456007,78,,1,0,6,1,1,,16.9355,31,0,0.037248,12,0,13,,0.1,26,0,0.1,10,0,0,6.66225,31,,33,26,,0,0,0,1
1602220535695,10,1010123456007,78,,1,0,6,1,1,,19.1892,37,0,0.047488,15,0,13.2,,0,0,0,0,0,0,0,0,0,,35,30,,0,0,0,0
1602220535945,10,1010123456007,78,,1,0,6,1,1,,16.1765,34,0,0.037376,14,0,13,,0,0,0,0,0,0,0,0,0,,41,32,,0,0,0,0
1602220536195,10,1010123456007,78,,1,0,6,1,1,,9.52113,71,0,0.049344,29,0,10,,0,0,0,0,0,0,0,0,0,,102,90,,0,0,0,0
1602220536445,10,1010123456007,78,,1,0,6,1,1,,14.1429,28,0,0.0216546,8,0,7.66667,,0.434783,23,0,0.1,10,0,0,5.46796,31,,69,36,,0,0,0,1
1602220536695,10,1010123456007,78,,1,0,6,1,1,,14.5556,27,0,0.031936,14,0,11.75,,0,0,0,0,0,0,0,0,0,,42,26,,0,0,0,0
1602220536945,10,1010123456007,78,,1,0,6,1,1,,14.0606,33,0,0.032096,13,0,13,,0,0,0,0,0,0,0,0,0,,31,28,,0,0,0,0
1602220537195,10,1010123456007,78,,1,0,6,1,1,,15.2381,21,0,0.021152,8,0,13,,0,0,0,0,0,0,0,0,0,,22,18,,0,0,0,0
1602220537445,10,1010123456007,78,,1,0,6,1,1,,7.9434,53,0,0.027936,21,0,9,,0.190476,21,0,0.1,9,0,0,6.40255,31,,75,66,,0,0,0,1
1602220537695,10,1010123456007,78,,1,0,6,1,1,,17.6,10,0,0.010624,4,0,12.75,,0,0,0,0,0,0,0,0,0,,8,8,,0,0,0,0
1602220537945,10,1010123456007,78,,1,0,6,1,1,,14.2895,38,0,0.04256,15,0,11,,0,0,0,0,0,0,0,0,0,,72,38,,0,0,0,0
1602220538195,10,1010123456007,78,,1,0,6,1,1,,17.125,32,0,0.03184,12,0,13,,0,0,0,0,0,0,0,0,0,,32,26,,0,0,0,0
1602220538445,10,1010123456007,78,,1,0,6,1,1,,15.9556,45,12,0.047872,17,0,13,,0.1,23,0,0.1,9,0,0,7.18791,31,,60,38,,0,0,0,1
1602220538695,10,1010123456007,78,,1,0,6,1,1,,15.2432,37,0,0.0375904,15,0,12.2,,0,0,0,0,0,0,0,0,0,,33,30,,0,0,0,0
1602220538945,10,1010123456007,78,,1,0,6,1,1,,17.1774,62,216,0.064096,23,0,13,,0,0,0,0,0,0,0,0,0,,79,54,,0,0,0,0
1602220539195,10,1010123456007,78,,1,0,6,1,1,,16.3158,38,0,0.042272,14,0,13,,0,0,0,0,0,0,0,0,0,,37,30,,0,0,0,0
1602220539445,10,1010123456007,78,,1,0,6,1,1,,16.5,50,0,0.063776,23,0,12,,0.173913,23,0,0.1,9,0,0,6.95456,31,,49,40,,0,0,0,1
1602220539695,10,1010123456007,78,,1,0,6,1,1,,16.3667,30,0,0.026464,10,0,13,,0,0,0,0,0,0,0,0,0,,64,24,,0,0,0,0
1602220539945,10,1010123456007,78,,1,0,6,1,1,,16.8846,26,0,0.036992,13,0,13,,0,0,0,0,0,0,0,0,0,,41,22,,0,0,0,0
1602220540195,10,1010123456007,78,,1,0,6,1,1,,17.8,15,0,0.021056,6,0,13,,0,0,0,0,0,0,0,0,0,,17,14,,0,0,0,0
1602220540445,10,1010123456007,78,,1,0,6,1,1,,12.5733,75,0,0.064832,30,0,11.3333,,0.1,24,0,0.1,9,0,0,5.88063,31,,95,76,,0,0,0,1
1602220540695,10,1010123456007,78,,1,0,6,1,1,,15.7,20,0,0.02128,8,0,13,,0,0,0,0,0,0,0,0,0,,16,16,,0,0,0,0
1602220540945,10,1010123456007,78,,1,0,6,1,1,,15.2286,35,0,0.037056,14,0,13,,0,0,0,0,0,0,0,0,0,,40,34,,0,0,0,0
1602220541195,10,1010123456007,78,,1,0,6,1,1,,15.5,10,0,0.010624,4,0,13,,0,0,0,0,0,0,0,0,0,,8,8,,0,0,0,0
1602220541445,10,1010123456007,78,,1,0,6,1,1,,5.34694,196,0,0.075456,78,0,8.5,,0,14,0,0.1,7,0,0,0,31,,284,242,,0,0,0,0
1602220541695,10,1010123456007,78,,1,0,6,1,1,,8.0597,67,0,0.037632,26,0,8.5,,0,0,0,0,0,0,0,0,0,,100,84,,0,0,0,0
1602220541945,10,1010123456007,78,,1,0,6,1,1,,16.2041,49,0,0.053856,20,0,13,,0,0,0,0,0,0,0,0,0,,54,40,,0,0,0,0
1602220542195,10,1010123456007,78,,1,0,6,1,1,,1.91935,186,197,0.040064,68,0,8,,0,0,0,0,0,0,0,0,0,,361,262,,0,0,0,0
1602220542445,10,1010123456007,78,,1,0,6,1,1,,9,82,0,0.053376,39,0,11,,0.521739,23,0,0.1,9,0,0,5.00589,31,,103,92,,0,0,0,1
1602220542695,10,1010123456007,78,,1,0,6,1,1,,15.6735,49,0,0.054528,22,0,13,,0,0,0,0,0,0,0,0,0,,43,40,,0,0,0,0
1602220542945,10,1010123456007,78,,1,0,6,1,1,,16.68,25,30,0.026432,10,0,13,,0,0,0,0,0,0,0,0,0,,37,24,,0,0,0,0
1602220543195,10,1010123456007,78,,1,0,6,1,1,,15.5714,21,0,0.021312,8,0,13,,0,0,0,0,0,0,0,0,0,,17,16,,0,0,0,0
1602220543445,10,1010123456007,78,,1,0,6,1,1,,15.6,25,0,0.026592,10,0,13,,0.1,22,0,0.1,9,0,0,5.76403,31,,23,22,,0,0,0,1
1602220543695,10,1010123456007,78,,1,0,6,1,1,,16.3519,54,0,0.058368,21,0,13,,0,0,0,0,0,0,0,0,0,,92,46,,0,0,0,0
1602220543945,10,1010123456007,78,,1,0,6,1,1,,15.6429,70,0,0.074144,27,0,0.1,,0,0,0,0,0,0,0,0,0,,99,68,,0,0,0,0
1602220544195,10,1010123456007,78,,1,0,6,1,1,,15.8571,35,0,0.04256,16,0,13,,0,0,0,0,0,0,0,0,0,,40,34,,0,0,0,0
1602220544445,10,1010123456007,78,,1,0,6,1,1,,14.85,40,0,0.04272,16,0,13,,0.3,20,0,0.1,8,0,0,6.19911,31,,32,32,,0,0,0,1
1602220544695,10,1010123456007,78,,1,0,6,1,1,,17.0556,36,0,0.042432,14,0,13,,0,0,0,0,0,0,0,0,0,,40,30,,0,0,0,0
1602220544945,10,1010123456007,78,,1,0,6,1,1,,15.1333,30,0,0.0266345,10,0,12.8,,0,0,0,0,0,0,0,0,0,,33,28,,0,0,0,0
1602220545195,10,1010123456007,78,,1,0,6,1,1,,15.4615,52,0,0.053408,20,0,13,,0,0,0,0,0,0,0,0,0,,47,44,,0,0,0,0
1602220545445,10,1010123456007,78,,1,0,6,1,1,,15.4167,24,0,0.03184,12,0,12.75,,0.173913,23,0,0.1,9,0,0,6.02579,31,,22,20,,0,0,0,1
1602220545695,10,1010123456007,78,,1,0,6,1,1,,16,44,0,0.048,18,0,13,,0,0,0,0,0,0,0,0,0,,54,42,,0,0,0,0
1602220545945,10,1010123456007,78,,1,0,6,1,1,,16.9038,52,158,0.053216,19,0,13,,0,0,0,0,0,0,0,0,0,,53,46,,0,0,0,0
1602220546195,10,1010123456007,78,,1,0,6,1,1,,16.3333,30,0,0.042112,14,0,13,,0,0,0,0,0,0,0,0,0,,30,24,,0,0,0,0
1602220546445,10,1010123456007,78,,1,0,6,1,1,,15.28,25,0,0.021312,8,0,13,,0.1,22,0,0.1,9,0,0,5.78048,31,,20,20,,0,0,0,1
1602220546695,10,1010123456007,78,,1,0,6,1,1,,11.7778,27,1233,0.026656,10,0,1,,0,0,0,0,0,0,0,0,0,,189,182,,0,0,0,0
1602220546945,10,1010123456007,78,,1,0,6,1,1,,9.90244,82,0,0.080544,36,0,13,,0,0,0,0,0,0,0,0,0,,136,112,,0,0,0,0
1602220547195,10,1010123456007,78,,1,0,6,1,1,,11.2407,54,14,0.043136,21,0,10,,0,0,0,0,0,0,0,0,0,,70,66,,0,0,0,0
1602220547445,10,1010123456007,78,,1,0,6,1,1,,14.9688,32,0,0.03728,14,0,13,,0.1,21,0,0.1,8,0,0,5.75336,31,,33,26,,0,0,0,1
1602220547695,10,1010123456007,78,,1,0,6,1,1,,15.9184,49,0,0.05312,20,0,13,,0,0,0,0,0,0,0,0,0,,42,40,,0,0,0,0
1602220547945,10,1010123456007,78,,1,0,6,1,1,,15.44,25,0,0.026528,10,0,10.6667,,0,0,0,0,0,0,0,0,0,,32,22,,0,0,0,0
1602220548195,10,1010123456007,78,,1,0,6,1,1,,16.875,56,0,0.063776,23,0,12.5,,0,0,0,0,0,0,0,0,0,,76,50,,0,0,0,0
1602220548445,10,1010123456007,78,,1,0,6,1,1,,14.5143,35,0,0.03728,14,0,13,,0.1,19,0,0.1,8,0,0,5.04013,31,,35,30,,0,0,0,1
1602220548695,10,1010123456007,78,,1,0,6,1,1,,14.6389,36,0,0.037216,14,0,13,,0,0,0,0,0,0,0,0,0,,44,32,,0,0,0,0
1602220548945,10,1010123456007,78,,1,0,6,1,1,,12.1818,44,0,0.036512,17,0,10,,0,0,0,0,0,0,0,0,0,,61,44,,0,0,0,0
1602220549195,10,1010123456007,78,,1,0,6,1,1,,15.6842,38,0,0.043904,17,0,13,,0,0,0,0,0,0,0,0,0,,40,36,,0,0,0,0
1602220549445,10,1010123456007,78,,1,0,6,1,1,,14.6,45,0,0.042816,18,0,11.75,,0.1,21,0,0.1,9,0,0,6.48657,31,,43,40,,0,0,0,1
1602220549695,10,1010123456007,78,,1,0,6,1,1,,17.0656,61,0,0.069152,24,0,13,,0,0,0,0,0,0,0,0,0,,67,52,,0,0,0,0
1602220549945,10,1010123456007,78,,1,0,6,1,1,,14.4286,21,0,0.021376,8,0,13,,0,0,0,0,0,0,0,0,0,,19,18,,0,0,0,0
1602220550195,10,1010123456007,78,,1,0,6,1,1,,14.7436,39,0,0.042624,16,0,13,,0,0,0,0,0,0,0,0,0,,35,34,,0,0,0,0
1602220550445,10,1010123456007,78,,1,0,6,1,1,,17.4138,29,0,0.031872,12,0,12.5,,0.1,24,0,0.1,9,0,0,4.7846,31,,26,24,,0,0,0,1
1602220550695,10,1010123456007,78,,1,0,6,1,1,,16.6667,24,0,0.0266345,10,0,13,,0,0,0,0,0,0,0,0,0,,30,20,,0,0,0,0
1602220550945,10,1010123456007,78,,1,0,6,1,1,,17.9231,52,0,0.058272,19,0,13,,0,0,0,0,0,0,0,0,0,,66,46,,0,0,0,0
1602220551195,10,1010123456007,78,,1,0,6,1,1,,14.9762,42,0,0.042592,16,0,13,,0,0,0,0,0,0,0,0,0,,36,36,,0,0,0,0
1602220551445,10,1010123456007,78,,1,0,6,1,1,,15.1923,52,0,0.0639679,23,0,13,,0,0,0,0,0,0,0,0,0,,48,40,,0,0,0,0
1602220551695,10,1010123456007,78,,1,0,6,1,1,,15.7609,46,12,0.048,17,0,13,,0.1,24,0,0.1,9,0,0,4.88228,31,,75,44,,0,0,0,1
1602220551945,10,1010123456007,78,,1,0,6,1,1,,17.9231,26,0,0.0369478,11,0,10.4,,0,0,0,0,0,0,0,0,0,,35,24,,0,0,0,0
1602220552195,10,1010123456007,78,,1,0,6,1,1,,16.3529,51,0,0.058272,20,0,13,,0,0,0,0,0,0,0,0,0,,105,46,,0,0,0,0
1602220552445,10,1010123456007,78,,1,0,6,1,1,,16.2727,44,0,0.047808,17,0,13,,0.1,24,0,0.1,10,0,0,5.5818,31,,43,36,,0,0,0,1
1602220552695,10,1010123456007,78,,1,0,6,1,1,,15.1231,65,0,0.069152,25,0,13,,0,0,0,0,0,0,0,0,0,,78,60,,0,0,0,0
1602220552945,10,1010123456007,78,,1,0,6,1,1,,16.5909,22,0,0.026656,10,0,13,,0,0,0,0,0,0,0,0,0,,27,20,,0,0,0,0
1602220553195,10,1010123456007,78,,1,0,6,1,1,,15.4167,36,0,0.037312,14,0,13,,0,0,0,0,0,0,0,0,0,,31,30,,0,0,0,0
1602220553445,10,1010123456007,78,,1,0,6,1,1,,16.1509,53,0,0.05824,21,0,13,,0.1,25,0,0.1,10,0,0,6.08173,31,,54,42,,0,0,0,1
1602220553695,10,1010123456007,78,,1,0,6,1,1,,15.425,40,0,0.04256,16,0,13,,0,0,0,0,0,0,0,0,0,,37,34,,0,0,0,0
1602220553945,10,1010123456007,78,,1,0,6,1,1,,9.85507,69,0,0.048288,28,0,8.5,,0,0,0,0,0,0,0,0,0,,117,86,,0,0,0,0
1602220554195,10,1010123456007,78,,1,0,6,1,1,,16.7609,46,0,0.0488,18,0,12.75,,0,0,0,0,0,0,0,0,0,,50,40,,0,0,0,0
1602220554445,10,1010123456007,78,,1,0,6,1,1,,16.6061,33,0,0.0424,15,0,13,,0.1,22,0,0.1,9,0,0,6.33723,31,,31,26,,0,0,0,1
1602220554695,10,1010123456007,78,,1,0,6,1,1,,15.7,30,0,0.037024,13,0,13,,0,0,0,0,0,0,0,0,0,,77,28,,0,0,0,0
1602220554945,10,1010123456007,78,,1,0,6,1,1,,16,24,0,0.0264,10,0,13,,0,0,0,0,0,0,0,0,0,,32,20,,0,0,0,0
1602220555195,10,1010123456007,78,,1,0,6,1,1,,14.46,50,0,0.047712,18,0,11.25,,0,0,0,0,0,0,0,0,0,,100,46,,0,0,0,0
1602220555445,10,1010123456007,78,,1,0,6,1,1,,16.3265,49,0,0.053024,19,0,13,,0.1,22,0,0.1,9,0,0,5.16389,31,,57,40,,0,0,0,1
1602220555695,10,1010123456007,78,,1,0,6,1,1,,15.3462,26,0,0.0256,9,0,13,,0,0,0,0,0,0,0,0,0,,29,20,,0,0,0,0
1602220555945,10,1010123456007,78,,1,0,6,1,1,,14.9091,33,0,0.038048,15,0,13,,0,0,0,0,0,0,0,0,0,,39,30,,0,0,0,0
1602220556196,10,1010123456007,78,,1,0,6,1,1,,15.9355,31,0,0.0319044,12,0,13,,0,0,0,0,0,0,0,0,0,,27,24,,0,0,0,0
1602220556445,10,1010123456007,78,,1,0,6,1,1,,14.55,20,0,0.0160964,6,0,13,,0.1,22,0,0.1,9,0,0,6.21365,31,,22,20,,0,0,0,1
1602220556695,10,1010123456007,78,,1,0,6,1,1,,13.4706,17,0,0.021376,9,0,12,,0,0,0,0,0,0,0,0,0,,20,18,,0,0,0,0
1602220556945,10,1010123456007,78,,1,0,6,1,1,,16.0667,45,0,0.0481285,18,0,13,,0,0,0,0,0,0,0,0,0,,51,40,,0,0,0,0
1602220557195,10,1010123456007,78,,1,0,6,1,1,,17.814,43,0,0.053088,18,0,13,,0,0,0,0,0,0,0,0,0,,66,38,,0,0,0,0
1602220557445,10,1010123456007,78,,1,0,6,1,1,,15.6,20,0,0.021184,8,0,13,,0.1,24,0,0.1,10,0,0,5.57117,31,,30,18,,0,0,0,1
1602220557695,10,1010123456007,78,,1,0,6,1,1,,15.1739,23,0,0.021184,8,0,13,,0,0,0,0,0,0,0,0,0,,30,20,,0,0,0,0
1602220557945,10,1010123456007,78,,1,0,6,1,1,,15.6122,49,0,0.05312,20,0,13,,0,0,0,0,0,0,0,0,0,,60,42,,0,0,0,0
1602220558195,10,1010123456007,78,,1,0,6,1,1,,17.3333,30,0,0.031808,12,0,13,,0,0,0,0,0,0,0,0,0,,30,26,,0,0,0,0
1602220558445,10,1010123456007,78,,1,0,6,1,1,,16.4,35,0,0.037216,14,0,13,,0.3,20,0,0.1,8,0,0,7.22427,31,,31,28,,0,0,0,1.1
1602220558695,10,1010123456007,78,,1,0,6,1,1,,14.5897,39,0,0.037344,15,0,12,,0,0,0,0,0,0,0,0,0,,44,32,,0,0,0,0
1602220558945,10,1010123456007,78,,1,0,6,1,1,,16.1346,52,0,0.058528,21,0,13,,0,0,0,0,0,0,0,0,0,,50,44,,0,0,0,0
1602220559195,10,1010123456007,78,,1,0,6,1,1,,16.5333,15,0,0.01056,4,0,13,,0,0,0,0,0,0,0,0,0,,12,12,,0,0,0,0
1602220559445,10,1010123456007,78,,1,0,6,1,1,,15.3846,39,0,0.052832,18,0,13,,0.26087,23,0,0.1,9,0,0,4.87685,31,,45,38,,0,0,0,1
1602220559695,10,1010123456007,78,,1,0,6,1,1,,15.3556,45,0,0.047712,17,0,13,,0,0,0,0,0,0,0,0,0,,54,42,,0,0,0,0
1602220559945,10,1010123456007,78,,1,0,6,1,1,,16.5882,34,0,0.042368,15,0,13,,0,0,0,0,0,0,0,0,0,,45,28,,0,0,0,0
1602220560195,10,1010123456007,78,,1,0,6,1,1,,16.6,20,0,0.021216,8,0,12.75,,0,0,0,0,0,0,0,0,0,,45,18,,0,0,0,0
1602220560445,10,1010123456007,78,,1,0,6,1,1,,8.01724,58,0,0.033344,23,0,10.6,,0.380952,21,0,0.1,9,0,0,5.81826,31,,167,86,,0,0,0,1
1602220560695,10,1010123456007,78,,1,0,6,1,1,,16.2222,45,0,0.047712,18,0,12.8,,0,0,0,0,0,0,0,0,0,,74,38,,0,0,0,0
1602220560945,10,1010123456007,78,,1,0,6,1,1,,17.6,5,0,0.00528,2,0,10.6667,,0,0,0,0,0,0,0,0,0,,4,4,,0,0,0,0
1602220561195,10,1010123456007,78,,1,0,6,1,1,,6.53164,79,14,0.034272,30,0,8.5,,0,0,0,0,0,0,0,0,0,,157,106,,0,0,0,0
1602220561445,10,1010123456007,78,,1,0,6,1,1,,14.2973,37,0,0.04256,16,0,11.75,,0.1,20,0,0.1,8,0,0,5.37298,31,,40,36,,0,0,0,1
1602220561695,10,1010123456007,78,,1,0,6,1,1,,14.4839,31,0,0.031936,12,0,12.25,,0,0,0,0,0,0,0,0,0,,35,28,,0,0,0,0
1602220561945,10,1010123456007,78,,1,0,6,1,1,,17.6393,61,0,0.073888,24,0,12.8,,0,0,0,0,0,0,0,0,0,,100,50,,0,0,0,0
1602220562195,10,1010123456007,78,,1,0,6,1,1,,17.4348,23,28,0.026432,8,0,13,,0,0,0,0,0,0,0,0,0,,33,24,,0,0,0,0
1602220562445,10,1010123456007,78,,1,0,6,1,1,,17.7015,67,0,0.079296,28,0,13,,0.363636,22,0,0.1,9,0,0,4.76933,31,,67,50,,0,0,0,1.31818
1602220562695,10,1010123456007,78,,1,0,6,1,1,,12.4407,59,0,0.053632,24,0,11.25,,0,0,0,0,0,0,0,0,0,,72,58,,0,0,0,0
1602220562945,10,1010123456007,78,,1,0,6,1,1,,14.0678,59,0,0.053824,24,0,13,,0,0,0,0,0,0,0,0,0,,57,56,,0,0,0,0
1602220563195,10,1010123456007,78,,1,0,6,1,1,,16.8286,35,0,0.0372048,14,0,11.25,,0,0,0,0,0,0,0,0,0,,33,28,,0,0,0,0
1602220563445,10,1010123456007,78,,1,0,6,1,1,,15.48,25,0,0.026464,10,0,13,,0.1,16,0,0.1,7,0,0,6.45476,31,,20,20,,0,0,0,1
1602220563695,10,1010123456007,78,,1,0,6,1,1,,17.4561,57,0,0.06384,21,0,11,,0,0,0,0,0,0,0,0,0,,59,50,,0,0,0,0
1602220563945,10,1010123456007,78,,1,0,6,1,1,,14.1905,21,0,0.026592,10,0,10.75,,0,0,0,0,0,0,0,0,0,,29,18,,0,0,0,0
1602220564195,10,1010123456007,78,,1,0,6,1,1,,15.7647,34,27,0.0320643,12,0,13,,0,0,0,0,0,0,0,0,0,,65,32,,0,0,0,0
1602220564445,10,1010123456007,78,,1,0,6,1,1,,17.4681,47,0,0.063743,21,0,13,,0.1,21,0,0.1,8,0,0,6.2207,31,,48,40,,0,0,0,1
1602220564695,10,1010123456007,78,,1,0,6,1,1,,16.8049,41,0,0.0480321,18,0,11.6,,0,0,0,0,0,0,0,0,0,,53,42,,0,0,0,0
1602220564945,10,1010123456007,78,,1,0,6,1,1,,14.0513,39,0,0.037376,16,0,13,,0,0,0,0,0,0,0,0,0,,57,36,,0,0,0,0
1602220565195,10,1010123456007,78,,1,0,6,1,1,,16.8125,32,0,0.037184,13,0,13,,0,0,0,0,0,0,0,0,0,,33,26,,0,0,0,0
1602220565445,10,1010123456007,78,,1,0,6,1,1,,16.4444,27,0,0.031616,11,0,13,,0.1,21,0,0.1,9,0,0,5.26958,31,,31,24,,0,0,0,1
1602220565695,10,1010123456007,78,,1,0,6,1,1,,18.04,50,0,0.063584,20,0,12.8,,0,0,0,0,0,0,0,0,0,,58,44,,0,0,0,0
1602220565945,10,1010123456007,78,,1,0,6,1,1,,14.7308,26,0,0.031296,11,0,13,,0,0,0,0,0,0,0,0,0,,128,26,,0,0,0,0
1602220566195,10,1010123456007,78,,1,0,6,1,1,,16.322,59,0,0.064128,23,0,13,,0,0,0,0,0,0,0,0,0,,77,54,,0,0,0,0
1602220566445,10,1010123456007,78,,1,0,6,1,1,,15.5,20,0,0.026656,10,0,13,,0.307692,26,0,0.1,10,0,0,5.58586,31,,20,16,,0,0,0,1
1602220566695,10,1010123456007,78,,1,0,6,1,1,,16.7736,53,0,0.058368,21,0,13,,0,0,0,0,0,0,0,0,0,,51,42,,0,0,0,0
1602220566945,10,1010123456007,78,,1,0,6,1,1,,14.88,25,0,0.026272,8,0,13,,0,0,0,0,0,0,0,0,0,,40,26,,0,0,0,0
1602220567195,10,1010123456007,78,,1,0,6,1,1,,17.6,20,0,0.026656,10,0,13,,0,0,0,0,0,0,0,0,0,,18,16,,0,0,0,0
1602220567445,10,1010123456007,78,,1,0,6,1,1,,16.7273,11,0,0.01056,4,0,13,,0.1,23,0,0.1,9,0,0,5.86004,31,,11,8,,0,0,0,1
1602220567695,10,1010123456007,78,,1,0,6,1,1,,16.6667,9,0,0.010624,4,0,13,,0,0,0,0,0,0,0,0,0,,10,8,,0,0,0,0
1602220567945,10,1010123456007,78,,1,0,6,1,1,,6.42241,116,0,0.061376,46,0,8.25,,0,0,0,0,0,0,0,0,0,,193,160,,0,0,0,0
1602220568195,10,1010123456007,78,,1,0,6,1,1,,14.4,5,0,0.00528,2,0,13,,0,0,0,0,0,0,0,0,0,,4,4,,0,0,0,0
1602220568445,10,1010123456007,78,,1,0,6,1,1,,15.3019,53,0,0.053248,20,0,13,,0.1,19,0,0.1,8,0,0,5.87566,31,,57,46,,0,0,0,1
1602220568695,10,1010123456007,78,,1,0,6,1,1,,14.7674,43,0,0.05344,20,0,13,,0,0,0,0,0,0,0,0,0,,46,38,,0,0,0,0
1602220568945,10,1010123456007,78,,1,0,6,1,1,,17.3333,42,0,0.0424,15,0,13,,0,0,0,0,0,0,0,0,0,,48,34,,0,0,0,0
1602220569195,10,1010123456007,78,,1,0,6,1,1,,14.0227,44,0,0.03712,14,0,13,,0,0,0,0,0,0,0,0,0,,54,36,,0,0,0,0
1602220569445,10,1010123456007,78,,1,0,6,1,1,,16.375,32,0,0.047712,17,0,10.6667,,0.1,24,0,0.1,9,0,0,6.42932,31,,35,28,,0,0,0,1
1602220569695,10,1010123456007,78,,1,0,6,1,1,,12.7436,39,0,0.032352,16,0,13,,0,0,0,0,0,0,0,0,0,,47,38,,0,0,0,0
1602220569945,10,1010123456007,78,,1,0,6,1,1,,16.8824,17,0,0.021088,7,0,13,,0,0,0,0,0,0,0,0,0,,22,14,,0,0,0,0
1602220570195,10,1010123456007,78,,1,0,6,1,1,,6.0087,115,0,0.046016,45,0,10,,0,0,0,0,0,0,0,0,0,,184,158,,0,0,0,0
1602220570445,10,1010123456007,78,,1,0,6,1,1,,16.4615,39,0,0.047648,18,0,12.3333,,0.24,25,0,0.1,10,0,0,5.28401,31,,41,34,,0,0,0,1
1602220570695,10,1010123456007,78,,1,0,6,1,1,,14,6,0,0.00528,2,0,13,,0,0,0,0,0,0,0,0,0,,8,6,,0,0,0,0
1602220570945,10,1010123456007,78,,1,0,6,1,1,,14.68,25,0,0.026464,10,0,13,,0,0,0,0,0,0,0,0,0,,31,24,,0,0,0,0
1602220571195,10,1010123456007,78,,1,0,6,1,1,,2.7602,196,0,0.060128,77,0,10.5,,0,0,0,0,0,0,0,0,0,,324,282,,0,0,0,0
1602220571445,10,1010123456007,78,,1,0,6,1,1,,15.225,40,0,0.04256,16,0,13,,0.1,24,0,0.1,10,0,0,6.45206,31,,36,32,,0,0,0,1
1602220571695,10,1010123456007,78,,1,0,6,1,1,,16.1111,36,0,0.03728,14,0,13,,0,0,0,0,0,0,0,0,0,,38,32,,0,0,0,0
1602220571945,10,1010123456007,78,,1,0,6,1,1,,16.6346,52,0,0.05824,21,0,12.75,,0,0,0,0,0,0,0,0,0,,61,44,,0,0,0,0
1602220572195,10,1010123456007,78,,1,0,6,1,1,,16.2414,29,0,0.031904,12,0,13,,0,0,0,0,0,0,0,0,0,,28,24,,0,0,0,0
1602220572445,10,1010123456007,78,,1,0,6,1,1,,15.9231,39,0,0.042464,15,0,10.6667,,0.1,27,0,0.1,10,0,0,5.8474,31,,45,36,,0,0,0,1
1602220572695,10,1010123456007,78,,1,0,6,1,1,,7.18966,58,0,0.03328,23,0,10.8,,0,0,0,0,0,0,0,0,0,,108,80,,0,0,0,0
1602220572945,10,1010123456007,78,,1,0,6,1,1,,16.8333,60,0,0.069024,24,0,12.6667,,0,0,0,0,0,0,0,0,0,,66,50,,0,0,0,0
1602220573195,10,1010123456007,78,,1,0,6,1,1,,13.1087,46,0,0.0376,18,0,10.6667,,0,0,0,0,0,0,0,0,0,,45,42,,0,0,0,0
1602220573445,10,1010123456007,78,,1,0,6,1,1,,17.6818,22,0,0.026592,9,0,13,,0.1,21,0,0.1,9,0,0,6.25129,31,,18,18,,0,0,0,1
1602220573695,10,1010123456007,78,,1,0,6,1,1,,14.902,51,0,0.053152,20,0,13,,0,0,0,0,0,0,0,0,0,,48,44,,0,0,0,0
1602220573945,10,1010123456007,78,,1,0,6,1,1,,16.8529,34,0,0.03728,13,0,13,,0,0,0,0,0,0,0,0,0,,29,26,,0,0,0,0
1602220574195,10,1010123456007,78,,1,0,6,1,1,,15.48,25,0,0.026528,10,0,12.75,,0,0,0,0,0,0,0,0,0,,20,20,,0,0,0,0
1602220574445,10,1010123456007,78,,1,0,6,1,1,,16.9583,24,0,0.026528,10,0,12.6667,,0.1,24,0,0.1,10,0,0,5.67893,31,,22,20,,0,0,0,1
1602220574695,10,1010123456007,78,,1,0,6,1,1,,15.7105,38,0,0.042368,15,0,13,,0,0,0,0,0,0,0,0,0,,37,32,,0,0,0,0
1602220574945,10,1010123456007,78,,1,0,6,1,1,,16.2895,38,0,0.042208,15,0,12.75,,0,0,0,0,0,0,0,0,0,,64,34,,0,0,0,0
1602220575195,10,1010123456007,78,,1,0,6,1,1,,14.4375,32,0,0.031808,11,0,13,,0,0,0,0,0,0,0,0,0,,57,30,,0,0,0,0
1602220575445,10,1010123456007,78,,1,0,6,1,1,,16.8696,23,0,0.037184,12,0,13,,0.1,21,0,0.1,8,0,0,6.80032,31,,56,24,,0,0,0,1
1602220575695,10,1010123456007,78,,1,0,6,1,1,,9.2549,51,0,0.033152,21,0,9.5,,0,0,0,0,0,0,0,0,0,,80,54,,0,0,0,0
1602220575945,10,1010123456007,78,,1,0,6,1,1,,16,22,0,0.026112,8,0,13,,0,0,0,0,0,0,0,0,0,,29,22,,0,0,0,0
1602220576195,10,1010123456007,78,,1,0,6,1,1,,16.8537,41,0,0.042368,16,0,13,,0,0,0,0,0,0,0,0,0,,37,32,,0,0,0,0
1602220576445,10,1010123456007,78,,1,0,6,1,1,,16.2344,64,0,0.061696,22,0,13,,0.1,21,0,0.1,9,0,0,5.90484,31,,71,54,,0,0,0,1
1602220576695,10,1010123456007,78,,1,0,6,1,1,,15.55,40,0,0.0500562,19,0,13,,0,0,0,0,0,0,0,0,0,,45,32,,0,0,0,0
1602220576945,10,1010123456007,78,,1,0,6,1,1,,15.8,35,151,0.042656,14,0,7.5,,0,0,0,0,0,0,0,0,0,,59,40,,0,0,0,0
1602220577195,10,1010123456007,78,,1,0,6,1,1,,8.38461,52,0,0.0384,23,0,12.8,,0,0,0,0,0,0,0,0,0,,84,76,,0,0,0,0
1602220577445,10,1010123456007,78,,1,0,6,1,1,,16.9762,42,0,0.0480643,17,0,13,,0.1,21,0,0.1,9,0,0,4.51014,31,,60,34,,0,0,0,1
1602220577695,10,1010123456007,78,,1,0,6,1,1,,17.75,32,0,0.03712,13,0,13,,0,0,0,0,0,0,0,0,0,,32,28,,0,0,0,0
1602220577945,10,1010123456007,78,,1,0,6,1,1,,15.25,20,0,0.021408,8,0,13,,0,0,0,0,0,0,0,0,0,,16,16,,0,0,0,0
1602220578195,10,1010123456007,78,,1,0,6,1,1,,17.2,40,0,0.047648,17,0,12.4,,0,0,0,0,0,0,0,0,0,,44,34,,0,0,0,0
1602220578445,10,1010123456007,78,,1,0,6,1,1,,15.5,28,0,0.032,12,0,10.8333,,0.1,24,0,0.1,9,0,0,6.27821,31,,102,72,,0,0,0,1
1602220578695,10,1010123456007,78,,1,0,6,1,1,,16.0417,24,158,0.026656,10,0,13,,0,0,0,0,0,0,0,0,0,,32,26,,0,0,0,0
1602220578945,10,1010123456007,78,,1,0,6,1,1,,15.4571,35,0,0.037248,14,0,13,,0,0,0,0,0,0,0,0,0,,30,26,,0,0,0,0
1602220579195,10,1010123456007,78,,1,0,6,1,1,,16.3111,45,0,0.048032,18,0,13,,0,0,0,0,0,0,0,0,0,,39,36,,0,0,0,0
1602220579445,10,1010123456007,78,,1,0,6,1,1,,15.7805,41,0,0.037152,14,0,13,,0.1,24,0,0.1,9,0,0,6.37494,31,,45,38,,0,0,0,1
1602220579695,10,1010123456007,78,,1,0,6,1,1,,16.7857,28,0,0.037216,14,0,13,,0,0,0,0,0,0,0,0,0,,27,26,,0,0,0,0
1602220579945,10,1010123456007,78,,1,0,6,1,1,,16.9565,23,0,0.0264,9,0,13,,0,0,0,0,0,0,0,0,0,,36,20,,0,0,0,0
1602220580195,10,1010123456007,78,,1,0,6,1,1,,16.55,20,158,0.021184,8,0,13,,0,0,0,0,0,0,0,0,0,,16,16,,0,0,0,0
1602220580445,10,1010123456007,78,,1,0,6,1,1,,15.2564,39,0,0.042368,16,0,0.1,,0.1,24,0,0.1,10,0,0,5.02718,31,,36,30,,0,0,0,1
1602220580695,10,1010123456007,78,,1,0,6,1,1,,14.4909,55,0,0.058752,22,0,13,,0,0,0,0,0,0,0,0,0,,63,52,,0,0,0,0
1602220580945,10,1010123456007,78,,1,0,6,1,1,,17.55,40,0,0.042368,15,0,13,,0,0,0,0,0,0,0,0,0,,40,34,,0,0,0,0
1602220581195,10,1010123456007,78,,1,0,6,1,1,,15.8913,46,0,0.047776,18,0,13,,0,0,0,0,0,0,0,0,0,,40,36,,0,0,0,0
1602220581445,10,1010123456007,78,,1,0,6,1,1,,16.32,25,0,0.031808,12,0,13,,0.666667,27,0,0.1,11,0,0,5.20222,31,,27,20,,0,0,0,1
1602220581695,10,1010123456007,78,,1,0,6,1,1,,15.9057,53,0,0.058688,22,0,13,,0,0,0,0,0,0,0,0,0,,124,46,,0,0,0,0
1602220581945,10,1010123456007,78,,1,0,6,1,1,,16.7111,45,0,0.047744,17,0,13,,0,0,0,0,0,0,0,0,0,,41,34,,0,0,0,0
1602220582195,10,1010123456007,78,,1,0,6,1,1,,17.6522,69,0,0.07968,28,0,12.75,,0,0,0,0,0,0,0,0,0,,62,56,,0,0,0,0
1602220582445,10,1010123456007,78,,1,0,6,1,1,,16.3077,39,0,0.042464,15,0,13,,0.1,22,0,0.1,10,0,0,4.37172,31,,64,30,,0,0,0,1
1602220582695,10,1010123456007,78,,1,0,6,1,1,,15.1471,34,0,0.032064,12,0,13,,0,0,0,0,0,0,0,0,0,,39,30,,0,0,0,0
1602220582945,10,1010123456007,78,,1,0,6,1,1,,15.9167,36,0,0.047616,16,0,13,,0,0,0,0,0,0,0,0,0,,55,32,,0,0,0,0
1602220583195,10,1010123456007,78,,1,0,6,1,1,,17.1892,37,0,0.042464,15,0,10.6667,,0,0,0,0,0,0,0,0,0,,36,30,,0,0,0,0
1602220583445,10,1010123456007,78,,1,0,6,1,1,,8.48039,102,0,0.06608,43,0,10.75,,0.1,21,0,0.1,8,0,0,5.6608,31,,134,110,,0,0,0,1
1602220583695,10,1010123456007,78,,1,0,6,1,1,,13.8636,44,0,0.04288,18,0,11.4,,0,0,0,0,0,0,0,0,0,,49,44,,0,0,0,0
1602220583945,10,1010123456007,78,,1,0,6,1,1,,18.037,27,0,0.031872,11,0,13,,0,0,0,0,0,0,0,0,0,,31,22,,0,0,0,0
1602220584195,10,1010123456007,78,,1,0,6,1,1,,14.7917,48,0,0.053248,20,0,13,,0,0,0,0,0,0,0,0,0,,48,44,,0,0,0,0
1602220584445,10,1010123456007,78,,1,0,6,1,1,,15.5333,30,158,0.021568,9,0,12,,0.1,24,0,0.1,9,0,0,5.88246,31,,37,30,,0,0,0,1
1602220584695,10,1010123456007,78,,1,0,6,1,1,,15.95,20,0,0.031776,11,0,10.5,,0,0,0,0,0,0,0,0,0,,18,14,,0,0,0,0
1602220584945,10,1010123456007,78,,1,0,6,1,1,,18.0278,36,0,0.047648,16,0,13,,0,0,0,0,0,0,0,0,0,,36,32,,0,0,0,0
1602220585195,10,1010123456007,78,,1,0,6,1,1,,16.0789,38,0,0.042656,16,0,13,,0,0,0,0,0,0,0,0,0,,42,34,,0,0,0,0
1602220585445,10,1010123456007,78,,1,0,6,1,1,,18.4,30,0,0.031904,11,0,10.75,,0.25,24,0,0.1,9,0,0,6.41982,31,,41,22,,0,0,0,1
1602220585695,10,1010123456007,78,,1,0,6,1,1,,13.5152,33,0,0.026976,13,0,10.75,,0,0,0,0,0,0,0,0,0,,35,28,,0,0,0,0
1602220585945,10,1010123456007,78,,1,0,6,1,1,,17.2632,19,0,0.021248,8,0,13,,0,0,0,0,0,0,0,0,0,,18,16,,0,0,0,0
1602220586195,10,1010123456007,78,,1,0,6,1,1,,11.7424,66,0,0.054208,26,0,11.25,,0,0,0,0,0,0,0,0,0,,74,62,,0,0,0,0
1602220586445,10,1010123456007,78,,1,0,6,1,1,,10.4,65,0,0.04864,25,0,13,,0.153846,26,0,0.1,10,0,0,6.00717,31,,104,68,,0,0,0,1
1602220586695,10,1010123456007,78,,1,0,6,1,1,,15.7692,26,0,0.024032,9,0,13,,0,0,0,0,0,0,0,0,0,,22,20,,0,0,0,0
1602220586945,10,1010123456007,78,,1,0,6,1,1,,16.5102,49,14,0.054528,19,0,13,,0,0,0,0,0,0,0,0,0,,61,42,,0,0,0,0
1602220587195,10,1010123456007,78,,1,0,6,1,1,,13.2273,22,0,0.027616,11,0,10.25,,0,0,0,0,0,0,0,0,0,,35,24,,0,0,0,0
1602220587445,10,1010123456007,78,,1,0,6,1,1,,16.6786,28,0,0.0264,9,0,13,,0.375,16,0,0.1,7,0,0,3.65377,31,,39,28,,0,0,0,1
1602220587695,10,1010123456007,78,,1,0,6,1,1,,15.3455,55,0,0.058112,20,0,11.5,,0,0,0,0,0,0,0,0,0,,77,48,,0,0,0,0
1602220587945,10,1010123456007,78,,1,0,6,1,1,,15.8983,59,0,0.073152,27,0,13,,0,0,0,0,0,0,0,0,0,,88,54,,0,0,0,0
1602220588195,10,1010123456007,78,,1,0,6,1,1,,15.7391,46,0,0.048832,19,0,13,,0,0,0,0,0,0,0,0,0,,51,38,,0,0,0,0
1602220588445,10,1010123456007,78,,1,0,6,1,1,,16.6,5,0,0.005376,2,0,11,,0.1,21,0,0.1,9,0,0,5.8585,31,,4,4,,0,0,0,1
1602220588695,10,1010123456007,78,,1,0,6,1,1,,4.4898,98,0,0.034752,37,0,10,,0,0,0,0,0,0,0,0,0,,244,156,,0,0,0,0
1602220588945,10,1010123456007,78,,1,0,6,1,1,,16.6944,36,0,0.042272,15,0,13,,0,0,0,0,0,0,0,0,0,,53,30,,0,0,0,0
1602220589195,10,1010123456007,78,,1,0,6,1,1,,16.9375,32,0,0.0371727,13,0,13,,0,0,0,0,0,0,0,0,0,,37,28,,0,0,0,0
1602220589445,10,1010123456007,78,,1,0,6,1,1,,15.85,60,0,0.063616,24,0,13,,0.1,23,0,0.1,9,0,0,6.32855,31,,56,50,,0,0,0,1
1602220589695,10,1010123456007,78,,1,0,6,1,1,,16.4,45,0,0.047936,18,0,13,,0,0,0,0,0,0,0,0,0,,53,40,,0,0,0,0
1602220589945,10,1010123456007,78,,1,0,6,1,1,,14.8333,24,0,0.026592,10,0,13,,0,0,0,0,0,0,0,0,0,,23,20,,0,0,0,0
1602220590195,10,1010123456007,78,,1,0,6,1,1,,16.7627,59,0,0.068736,24,0,13,,0,0,0,0,0,0,0,0,0,,64,50,,0,0,0,0
1602220590445,10,1010123456007,78,,1,0,6,1,1,,16.931,29,0,0.02656,10,0,13,,1.89286,28,0,0.1,11,0,0,5.64443,31,,33,26,,0,0,0,1
1602220590695,10,1010123456007,78,,1,0,6,1,1,,16.9767,43,0,0.05296,19,0,13,,0,0,0,0,0,0,0,0,0,,42,38,,0,0,0,0
1602220590945,10,1010123456007,78,,1,0,6,1,1,,5.4386,57,0,0.03328,22,0,10.4,,0,0,0,0,0,0,0,0,0,,141,92,,0,0,0,0
1602220591195,10,1010123456007,78,,1,0,6,1,1,,14.8406,69,0,0.074464,28,0,13,,0,0,0,0,0,0,0,0,0,,89,62,,0,0,0,0
1602220591445,10,1010123456007,78,,1,0,6,1,1,,14.6275,51,0,0.048224,21,0,11,,0.1,22,0,0.1,9,0,0,6.27806,31,,66,44,,0,0,0,1
1602220591695,10,1010123456007,78,,1,0,6,1,1,,12.9268,41,0,0.037728,16,0,13,,0,0,0,0,0,0,0,0,0,,55,40,,0,0,0,0
1602220591945,10,1010123456007,78,,1,0,6,1,1,,10.1273,55,0,0.04336,23,0,10.6667,,0,0,0,0,0,0,0,0,0,,67,62,,0,0,0,0
1602220592195,10,1010123456007,78,,1,0,6,1,1,,14.375,16,0,0.016032,6,0,13,,0,0,0,0,0,0,0,0,0,,20,16,,0,0,0,0
1602220592445,10,1010123456007,78,,1,0,6,1,1,,16.3571,42,0,0.047968,17,0,13,,0.1,20,0,0.1,8,0,0,6.62267,31,,47,38,,0,0,0,1
1602220592695,10,1010123456007,78,,1,0,6,1,1,,17.1569,51,0,0.04784,18,0,13,,0,0,0,0,0,0,0,0,0,,57,42,,0,0,0,0
1602220592945,10,1010123456007,78,,1,0,6,1,1,,16.4815,27,0,0.03728,13,0,13,,0,0,0,0,0,0,0,0,0,,28,26,,0,0,0,0
1602220593195,10,1010123456007,78,,1,0,6,1,1,,5.22727,88,0,0.04016,36,0,10.8,,0,0,0,0,0,0,0,0,0,,129,116,,0,0,0,0
1602220593445,10,1010123456007,78,,1,0,6,1,1,,15.7,30,0,0.031936,12,0,13,,0.1,20,0,0.1,8,0,0,5.45901,31,,44,28,,0,0,0,1
1602220593695,10,1010123456007,78,,1,0,6,1,1,,16.697,33,0,0.037216,14,0,13,,0,0,0,0,0,0,0,0,0,,28,28,,0,0,0,0
1602220593945,10,1010123456007,78,,1,0,6,1,1,,16.0882,34,0,0.03728,14,0,13,,0,0,0,0,0,0,0,0,0,,34,28,,0,0,0,0
1602220594195,10,1010123456007,78,,1,0,6,1,1,,18.02,50,0,0.058144,19,0,13,,0,0,0,0,0,0,0,0,0,,51,40,,0,0,0,0
1602220594445,10,1010123456007,78,,1,0,6,1,1,,16.1842,38,0,0.042752,16,0,13,,0.1,23,0,0.1,9,0,0,6.15447,31,,41,34,,0,0,0,1
1602220594695,10,1010123456007,78,,1,0,6,1,1,,16.3333,9,0,0.010496,3,0,13,,0,0,0,0,0,0,0,0,0,,13,8,,0,0,0,0
1602220594945,10,1010123456007,78,,1,0,6,1,1,,14.6286,35,0,0.042176,14,0,13,,0,0,0,0,0,0,0,0,0,,61,36,,0,0,0,0
1602220595195,10,1010123456007,78,,1,0,6,1,1,,17.0244,41,0,0.048,17,0,13.2,,0,0,0,0,0,0,0,0,0,,49,36,,0,0,0,0
1602220595445,10,1010123456007,78,,1,0,6,1,1,,16.5814,43,0,0.046528,16,0,13,,0.1,22,0,0.1,9,0,0,5.64448,31,,49,38,,0,0,0,1
1602220595695,10,1010123456007,78,,1,0,6,1,1,,16.6047,43,0,0.043502,16,0,13,,0,0,0,0,0,0,0,0,0,,61,44,,0,0,0,0
1602220595945,10,1010123456007,78,,1,0,6,1,1,,15.4255,47,0,0.0534297,19,0,11.3333,,0,0,0,0,0,0,0,0,0,,61,36,,0,0,0,0
1602220596195,10,1010123456007,78,,1,0,6,1,1,,13.2533,75,0,0.0744,31,0,10.75,,0,0,0,0,0,0,0,0,0,,88,74,,0,0,0,0
1602220596445,10,1010123456007,78,,1,0,6,1,1,,16.2424,33,28,0.037792,15,0,13,,0.1,19,0,0.1,8,0,0,6.32779,31,,50,34,,0,0,0,1
1602220596695,10,1010123456007,78,,1,0,6,1,1,,15.9394,33,0,0.0371406,13,0,12,,0,0,0,0,0,0,0,0,0,,34,28,,0,0,0,0
1602220596945,10,1010123456007,78,,1,0,6,1,1,,16,10,0,0.0106667,4,0,13,,0,0,0,0,0,0,0,0,0,,8,8,,0,0,0,0
1602220597195,10,1010123456007,78,,1,0,6,1,1,,17.5556,27,0,0.031712,11,0,13,,0,0,0,0,0,0,0,0,0,,27,22,,0,0,0,0
1602220597445,10,1010123456007,78,,1,0,6,1,1,,14.4,35,0,0.03728,14,0,13,,0.1,16,0,0.1,7,0,0,2.79456,31,,34,30,,0,0,0,1.1875
1602220597695,10,1010123456007,78,,1,0,6,1,1,,17.087,46,0,0.047968,17,0,13,,0,0,0,0,0,0,0,0,0,,44,42,,0,0,0,0
1602220597945,10,1010123456007,78,,1,0,6,1,1,,15.6757,37,0,0.04784,17,0,13.2,,0,0,0,0,0,0,0,0,0,,49,32,,0,0,0,0
1602220598195,10,1010123456007,78,,1,0,6,1,1,,17.6522,23,0,0.02656,9,0,13,,0,0,0,0,0,0,0,0,0,,19,18,,0,0,0,0
1602220598445,10,1010123456007,78,,1,0,6,1,1,,16.8889,36,0,0.037312,14,0,13,,0.1,22,0,0.1,9,0,0,6.44421,31,,41,32,,0,0,0,1
1602220598695,10,1010123456007,78,,1,0,6,1,1,,12.2,30,0,0.021568,10,0,11.25,,0,0,0,0,0,0,0,0,0,,67,28,,0,0,0,0
1602220598945,10,1010123456007,78,,1,0,6,1,1,,16.5385,65,0,0.07984,29,0,13,,0,0,0,0,0,0,0,0,0,,72,58,,0,0,0,0
1602220599195,10,1010123456007,78,,1,0,6,1,1,,15.2381,21,0,0.021312,8,0,13,,0,0,0,0,0,0,0,0,0,,22,16,,0,0,0,0
1602220599445,10,1010123456007,78,,1,0,6,1,1,,15.9,10,0,0.01072,4,0,13,,0.1,24,0,0.1,9,0,0,6.53472,31,,10,8,,0,0,0,1
1602220599695,10,1010123456007,78,,1,0,6,1,1,,14.6038,53,0,0.048064,19,0,11.75,,0,0,0,0,0,0,0,0,0,,46,44,,0,0,0,0
1602220599945,10,1010123456007,78,,1,0,6,1,1,,15.575,40,0,0.0479679,18,0,12.6667,,0,0,0,0,0,0,0,0,0,,46,38,,0,0,0,0
1602220600195,10,1010123456007,78,,1,0,6,1,1,,15.625,48,0,0.053216,20,0,11.6,,0,0,0,0,0,0,0,0,0,,54,42,,0,0,0,0
1602220600445,10,1010123456007,78,,1,0,6,1,1,,7.27381,84,0,0.044544,32,0,13,,0,18,0,0.1,9,0,0,0,31,,153,108,,0,0,0,0
1602220600695,10,1010123456007,78,,1,0,6,1,1,,18,22,0,0.026432,9,0,13,,0,0,0,0,0,0,0,0,0,,25,18,,0,0,0,0
1602220600945,10,1010123456007,78,,1,0,6,1,1,,16.3667,30,0,0.026592,10,0,13,,0,0,0,0,0,0,0,0,0,,30,24,,0,0,0,0
1602220601195,10,1010123456007,78,,1,0,6,1,1,,15.2778,36,0,0.03728,14,0,13,,0,0,0,0,0,0,0,0,0,,38,32,,0,0,0,0
1602220601445,10,1010123456007,78,,1,0,6,1,1,,15.7586,29,0,0.037088,14,0,13,,0.1,23,0,0.1,9,0,0,5.50645,31,,40,26,,0,0,0,1
1602220601695,10,1010123456007,78,,1,0,6,1,1,,17.9623,53,0,0.068704,21,0,13,,0,0,0,0,0,0,0,0,0,,76,46,,0,0,0,0
1602220601945,10,1010123456007,78,,1,0,6,1,1,,15.1333,30,0,0.031872,12,0,13,,0,0,0,0,0,0,0,0,0,,24,24,,0,0,0,0
1602220602195,10,1010123456007,78,,1,0,6,1,1,,15.6286,35,0,0.037024,14,0,13,,0,0,0,0,0,0,0,0,0,,32,28,,0,0,0,0
1602220602445,10,1010123456007,78,,1,0,6,1,1,,15.2571,35,0,0.03728,14,0,13,,0.1,23,0,0.1,9,0,0,6.77617,31,,35,32,,0,0,0,1
1602220602695,10,1010123456007,78,,1,0,6,1,1,,16.175,40,0,0.042336,16,0,13,,0,0,0,0,0,0,0,0,0,,41,36,,0,0,0,0
1602220602945,10,1010123456007,78,,1,0,6,1,1,,14.9231,26,0,0.0264,10,0,13,,0,0,0,0,0,0,0,0,0,,32,22,,0,0,0,0
1602220603195,10,1010123456007,78,,1,0,6,1,1,,15.75,8,0,0.010432,3,0,13,,0,0,0,0,0,0,0,0,0,,8,8,,0,0,0,0
1602220603445,10,1010123456007,78,,1,0,6,1,1,,15.48,25,0,0.0266345,10,0,13,,0.1,22,0,0.1,9,0,0,5.967,31,,24,20,,0,0,0,1
1602220603695,10,1010123456007,78,,1,0,6,1,1,,10.3158,57,0,0.038688,23,0,9.5,,0,0,0,0,0,0,0,0,0,,78,50,,0,0,0,0
1602220603945,10,1010123456007,78,,1,0,6,1,1,,18.1628,43,187,0.047488,16,0,13,,0,0,0,0,0,0,0,0,0,,52,38,,0,0,0,0
1602220604195,10,1010123456007,78,,1,0,6,1,1,,16.2903,31,0,0.0424739,14,0,13.25,,0,0,0,0,0,0,0,0,0,,42,32,,0,0,0,0
1602220604445,10,1010123456007,78,,1,0,6,1,1,,15.3103,29,0,0.031776,12,0,13,,0.1,22,0,0.1,9,0,0,6.0588,31,,30,24,,0,0,0,1
1602220604695,10,1010123456007,78,,1,0,6,1,1,,15.6429,28,0,0.031936,12,0,13,,0,0,0,0,0,0,0,0,0,,24,24,,0,0,0,0
1602220604945,10,1010123456007,78,,1,0,6,1,1,,14.6667,33,0,0.0321285,12,0,13,,0,0,0,0,0,0,0,0,0,,31,28,,0,0,0,0
1602220605195,10,1010123456007,78,,1,0,6,1,1,,16.1026,39,0,0.047584,18,0,10.5,,0,0,0,0,0,0,0,0,0,,55,36,,0,0,0,0
1602220605445,10,1010123456007,78,,1,0,6,1,1,,16.2593,54,0,0.06352,22,0,13,,0.1,23,0,0.1,9,0,0,4.97114,31,,75,54,,0,0,0,1
1602220605695,10,1010123456007,78,,1,0,6,1,1,,15.8,30,0,0.031904,12,0,13,,0,0,0,0,0,0,0,0,0,,26,24,,0,0,0,0
1602220605945,10,1010123456007,78,,1,0,6,1,1,,17.3333,39,0,0.042592,15,0,12,,0,0,0,0,0,0,0,0,0,,39,32,,0,0,0,0
1602220606195,10,1010123456007,78,,1,0,6,1,1,,15.5455,33,0,0.03712,13,0,13,,0,0,0,0,0,0,0,0,0,,53,30,,0,0,0,0
1602220606445,10,1010123456007,78,,1,0,6,1,1,,16.125,32,0,0.031744,12,0,13,,0.1,22,0,0.1,9,0,0,6.8448,31,,37,26,,0,0,0,1
1602220606696,10,1010123456007,78,,1,0,6,1,1,,15.2464,69,0,0.0688446,27,0,11.5,,0,0,0,0,0,0,0,0,0,,62,60,,0,0,0,0
1602220606945,10,1010123456007,78,,1,0,6,1,1,,14.871,31,0,0.0267631,10,0,9.75,,0,0,0,0,0,0,0,0,0,,30,26,,0,0,0,0
1602220607195,10,1010123456007,78,,1,0,6,1,1,,16.7273,44,0,0.047616,17,0,13,,0,0,0,0,0,0,0,0,0,,48,34,,0,0,0,0
1602220607445,10,1010123456007,78,,1,0,6,1,1,,19.6,10,0,0.02096,6,0,13,,0.26087,23,0,0.1,9,0,0,5.16489,31,,13,10,,0,0,0,1
1602220607695,10,1010123456007,78,,1,0,6,1,1,,16.55,20,0,0.021216,8,0,13,,0,0,0,0,0,0,0,0,0,,16,16,,0,0,0,0
1602220607945,10,1010123456007,78,,1,0,6,1,1,,16.6571,35,0,0.036928,12,0,13.3333,,0,0,0,0,0,0,0,0,0,,32,28,,0,0,0,0
1602220608195,10,1010123456007,78,,1,0,6,1,1,,12.037,27,0,0.03216,14,0,11.6667,,0,0,0,0,0,0,0,0,0,,47,28,,0,0,0,0
1602220608445,10,1010123456007,78,,1,0,6,1,1,,11.881,42,0,0.0376867,17,0,13,,0.1,24,0,0.1,10,0,0,5.84383,31,,51,40,,0,0,0,1
1602220608695,10,1010123456007,78,,1,0,6,1,1,,14.0667,15,0,0.015904,6,0,13,,0,0,0,0,0,0,0,0,0,,12,12,,0,0,0,0
1602220608945,10,1010123456007,78,,1,0,6,1,1,,9.60606,33,0,0.021824,13,0,11.6,,0,0,0,0,0,0,0,0,0,,33,32,,0,0,0,0
1602220609195,10,1010123456007,78,,1,0,6,1,1,,7.56566,99,30,0.051008,38,0,11.3333,,0,0,0,0,0,0,0,0,0,,143,108,,0,0,0,0
1602220609445,10,1010123456007,78,,1,0,6,1,1,,15.95,40,0,0.0481285,18,0,13,,0.1,22,0,0.1,9,0,0,5.38209,31,,42,32,,0,0,0,1
1602220609695,10,1010123456007,78,,1,0,6,1,1,,16.7368,38,0,0.042592,15,0,10.8,,0,0,0,0,0,0,0,0,0,,39,32,,0,0,0,0
1602220609945,10,1010123456007,78,,1,0,6,1,1,,17.0455,22,0,0.0266024,9,0,13,,0,0,0,0,0,0,0,0,0,,18,18,,0,0,0,0
1602220610195,10,1010123456007,78,,1,0,6,1,1,,14.2333,30,0,0.026592,10,0,13,,0,0,0,0,0,0,0,0,0,,31,28,,0,0,0,0
1602220610445,10,1010123456007,78,,1,0,6,1,1,,21.5,16,0,0.033728,9,0,12,,0.1,22,0,0.1,9,0,0,5.73193,31,,16,14,,0,0,0,1
1602220610695,10,1010123456007,78,,1,0,6,1,1,,14.2759,58,158,0.04928,19,0,11.25,,0,0,0,0,0,0,0,0,0,,97,52,,0,0,0,0
1602220610945,10,1010123456007,78,,1,0,6,1,1,,11.2727,55,0,0.042528,25,0,13,,0,0,0,0,0,0,0,0,0,,55,52,,0,0,0,0
1602220611195,10,1010123456007,78,,1,0,6,1,1,,17.0541,37,0,0.042656,16,0,13,,0,0,0,0,0,0,0,0,0,,52,32,,0,0,0,0
1602220611445,10,1010123456007,78,,1,0,6,1,1,,15.7561,41,0,0.037408,14,0,13,,0.1,21,0,0.1,9,0,0,5.11175,31,,38,32,,0,0,0,1
1602220611695,10,1010123456007,78,,1,0,6,1,1,,15.6389,36,0,0.047808,17,0,11.5,,0,0,0,0,0,0,0,0,0,,54,32,,0,0,0,0
1602220611945,10,1010123456007,78,,1,0,6,1,1,,15.931,29,0,0.031584,11,0,13,,0,0,0,0,0,0,0,0,0,,29,24,,0,0,0,0
1602220612195,10,1010123456007,78,,1,0,6,1,1,,16.0635,63,0,0.069312,26,0,12.6667,,0,0,0,0,0,0,0,0,0,,67,54,,0,0,0,0
1602220612445,10,1010123456007,78,,1,0,6,1,1,,15.6667,33,0,0.03728,14,0,13,,0.1,23,0,0.1,9,0,0,6.83566,31,,40,34,,0,0,0,1
1602220612695,10,1010123456007,78,,1,0,6,1,1,,17.1296,54,0,0.069568,22,0,12.8,,0,0,0,0,0,0,0,0,0,,53,48,,0,0,0,0
1602220612945,10,1010123456007,78,,1,0,6,1,1,,16.0513,39,0,0.045472,15,0,13,,0.1,3,0,0.1,1,0,0,4.21325,31,,65,38,,0,0,0,1
1602220613195,10,1010123456007,78,,1,0,6,1,1,,16,30,0,0.039264,14,0,13,,0,0,0,0,0,0,0,0,0,,99,32,,0,0,0,0
1602220613445,10,1010123456007,78,,1,0,6,1,1,,13.8125,32,0,0.037344,14,0,11.6667,,0.1,24,0,0.1,10,0,0,5.82755,31,,37,32,,0,0,0,1
1602220613695,10,1010123456007,78,,1,0,6,1,1,,19.9231,13,0,0.010656,4,0,10.6667,,0,0,0,0,0,0,0,0,0,,16,12,,0,0,0,0
1602220613945,10,1010123456007,78,,1,0,6,1,1,,14.5938,32,0,0.036992,14,0,12.25,,0,0,0,0,0,0,0,0,0,,40,26,,0,0,0,0
1602220614195,10,1010123456007,78,,1,0,6,1,1,,16,17,0,0.01616,7,0,13,,0,0,0,0,0,0,0,0,0,,16,14,,0,0,0,0
1602220614445,10,1010123456007,78,,1,0,6,1,1,,17.7667,30,0,0.032032,12,0,10.2857,,0.1,22,0,0.1,9,0,0,5.2479,31,,24,24,,0,0,0,1.22727
1602220614695,10,1010123456007,78,,1,0,6,1,1,,7.26316,57,0,0.02848,23,0,11.25,,0,0,0,0,0,0,0,0,0,,80,62,,0,0,0,0
1602220614945,10,1010123456007,78,,1,0,6,1,1,,8.03125,64,0,0.03376,26,0,10.75,,0,0,0,0,0,0,0,0,0,,86,56,,0,0,0,0
1602220615195,10,1010123456007,78,,1,0,6,1,1,,10.8333,30,0,0.02176,12,0,11.2,,0,0,0,0,0,0,0,0,0,,38,30,,0,0,0,0
1602220615445,10,1010123456007,78,,1,0,6,1,1,,14.2,40,0,0.042624,16,0,13,,0.1,22,0,0.1,9,0,0,5.88616,31,,38,36,,0,0,0,1
1602220615695,10,1010123456007,78,,1,0,6,1,1,,13.75,52,28,0.048224,20,0,11.75,,0,0,0,0,0,0,0,0,0,,68,52,,0,0,0,0
1602220615945,10,1010123456007,78,,1,0,6,1,1,,14.4865,37,0,0.037344,15,0,12,,0,0,0,0,0,0,0,0,0,,37,30,,0,0,0,0
1602220616195,10,1010123456007,78,,1,0,6,1,1,,15.5385,26,0,0.02672,11,0,11.75,,0,0,0,0,0,0,0,0,0,,27,22,,0,0,0,0
1602220616445,10,1010123456007,78,,1,0,6,1,1,,15.8537,41,0,0.0431486,17,0,13,,0.1,21,0,0.1,9,0,0,4.80548,31,,43,36,,0,0,0,1
1602220616695,10,1010123456007,78,,1,0,6,1,1,,17.4375,64,30,0.067456,22,0,13,,0,0,0,0,0,0,0,0,0,,74,50,,0,0,0,0
1602220616945,10,1010123456007,78,,1,0,6,1,1,,15.4928,69,0,0.075584,28,0,13,,0,0,0,0,0,0,0,0,0,,72,58,,0,0,0,0
1602220617195,10,1010123456007,78,,1,0,6,1,1,,10.2317,82,0,0.054624,30,0,9.66667,,0,0,0,0,0,0,0,0,0,,102,96,,0,0,0,0
1602220617445,10,1010123456007,78,,1,0,6,1,1,,17.1852,54,0,0.068736,22,0,12.4,,0.1,22,0,0.1,9,0,0,6.09952,31,,83,48,,0,0,0,1
1602220617695,10,1010123456007,78,,1,0,6,1,1,,17.0667,15,0,0.02128,8,0,13,,0,0,0,0,0,0,0,0,0,,15,14,,0,0,0,0
1602220617945,10,1010123456007,78,,1,0,6,1,1,,16.2632,38,0,0.042304,15,0,13,,0,0,0,0,0,0,0,0,0,,56,36,,0,0,0,0
1602220618195,10,1010123456007,78,,1,0,6,1,1,,14.7838,37,0,0.037216,14,0,13,,0,0,0,0,0,0,0,0,0,,40,32,,0,0,0,0
1602220618445,10,1010123456007,78,,1,0,6,1,1,,9.43182,44,0,0.03248,18,0,10.75,,0.1,26,0,0.1,10,0,0,6.70725,31,,57,50,,0,0,0,1
1602220618695,10,1010123456007,78,,1,0,6,1,1,,7.47059,51,0,0.02784,21,0,8.5,,0,0,0,0,0,0,0,0,0,,103,68,,0,0,0,0
1602220618945,10,1010123456007,78,,1,0,6,1,1,,8.3,40,0,0.022464,16,0,13,,0,0,0,0,0,0,0,0,0,,66,40,,0,0,0,0
1602220619195,10,1010123456007,78,,1,0,6,1,1,,15.3103,29,0,0.032,12,0,13,,0,0,0,0,0,0,0,0,0,,33,28,,0,0,0,0
1602220619445,10,1010123456007,78,,1,0,6,1,1,,15.25,28,14,0.02144,10,0,12.5,,0.1,24,0,0.1,9,0,0,4.95589,31,,36,22,,0,0,0,1
1602220619695,10,1010123456007,78,,1,0,6,1,1,,13.7143,42,0,0.047904,18,0,13,,0,0,0,0,0,0,0,0,0,,44,38,,0,0,0,0
1602220619945,10,1010123456007,78,,1,0,6,1,1,,17.0256,39,0,0.04224,16,0,13,,0,0,0,0,0,0,0,0,0,,37,32,,0,0,0,0
1602220620195,10,1010123456007,78,,1,0,6,1,1,,15.7059,34,0,0.037216,14,0,13,,0,0,0,0,0,0,0,0,0,,33,28,,0,0,0,0
1602220620445,10,1010123456007,78,,1,0,6,1,1,,16.8421,57,0,0.069024,23,0,11,,0.1,18,0,0.1,8,0,0,5.32281,31,,62,50,,0,0,0,1
1602220620695,10,1010123456007,78,,1,0,6,1,1,,9.98507,67,0,0.049152,28,0,13,,0,0,0,0,0,0,0,0,0,,105,78,,0,0,0,0
1602220620945,10,1010123456007,78,,1,0,6,1,1,,16.8806,67,0,0.074176,26,0,13,,0,0,0,0,0,0,0,0,0,,71,54,,0,0,0,0
1602220621195,10,1010123456007,78,,1,0,6,1,1,,15.8824,34,0,0.042112,13,0,13,,0,0,0,0,0,0,0,0,0,,58,32,,0,0,0,0
1602220621445,10,1010123456007,78,,1,0,6,1,1,,16.7941,34,0,0.035488,13,0,12.8,,0.1,21,0,0.1,9,0,0,6.25122,31,,41,28,,0,0,0,1
1602220621695,10,1010123456007,78,,1,0,6,1,1,,17.8,25,0,0.02832,11,0,13,,0,0,0,0,0,0,0,0,0,,27,20,,0,0,0,0
1602220621945,10,1010123456007,78,,1,0,6,1,1,,12.5778,45,0,0.037344,17,0,10.6667,,0,0,0,0,0,0,0,0,0,,60,44,,0,0,0,0
1602220622195,10,1010123456007,78,,1,0,6,1,1,,15.9667,30,0,0.031936,12,0,13,,0,0,0,0,0,0,0,0,0,,32,26,,0,0,0,0
1602220622445,10,1010123456007,78,,1,0,6,1,1,,14.7959,49,0,0.047136,18,0,11.8,,0.1,23,0,0.1,9,0,0,3.58975,31,,62,42,,0,0,0,1
1602220622695,10,1010123456007,78,,1,0,6,1,1,,8.94203,69,0,0.0417028,25,0,10,,0,0,0,0,0,0,0,0,0,,81,82,,0,0,0,0
1602220622945,10,1010123456007,78,,1,0,6,1,1,,6.99065,107,0,0.0648675,48,0,13,,0,0,0,0,0,0,0,0,0,,190,152,,0,0,0,0
1602220623195,10,1010123456007,78,,1,0,6,1,1,,14.8919,37,0,0.042304,15,0,13,,0,0,0,0,0,0,0,0,0,,44,32,,0,0,0,0
1602220623445,10,1010123456007,78,,1,0,6,1,1,,17.3939,33,0,0.037216,13,0,13,,0.1,22,0,0.1,9,0,0,7.02644,31,,35,28,,0,0,0,1
1602220623695,10,1010123456007,78,,1,0,6,1,1,,16.5333,15,0,0.016032,6,0,12.6667,,0,0,0,0,0,0,0,0,0,,21,16,,0,0,0,0
1602220623945,10,1010123456007,78,,1,0,6,1,1,,14.9091,22,0,0.026304,9,0,13,,0,0,0,0,0,0,0,0,0,,34,22,,0,0,0,0
1602220624195,10,1010123456007,78,,1,0,6,1,1,,14.8261,23,0,0.026656,10,0,13,,0,0,0,0,0,0,0,0,0,,31,22,,0,0,0,0
1602220624445,10,1010123456007,78,,1,0,6,1,1,,16.12,25,0,0.026656,10,0,10,,0.32,25,0,0.1,10,0,0,5.50194,31,,20,20,,0,0,0,1
1602220624695,10,1010123456007,78,,1,0,6,1,1,,7.38889,54,0,0.027808,19,0,13,,0,0,0,0,0,0,0,0,0,,92,82,,0,0,0,0
1602220624945,10,1010123456007,78,,1,0,6,1,1,,16.7273,44,0,0.052992,20,0,13,,0,0,0,0,0,0,0,0,0,,39,36,,0,0,0,0
1602220625195,10,1010123456007,78,,1,0,6,1,1,,15.7647,34,0,0.037248,14,0,10.6667,,0,0,0,0,0,0,0,0,0,,33,28,,0,0,0,0
1602220625445,10,1010123456007,78,,1,0,6,1,1,,14.12,25,0,0.026656,10,0,12,,0.16,25,0,0.1,10,0,0,5.66182,31,,28,22,,0,0,0,1
1602220625695,10,1010123456007,78,,1,0,6,1,1,,14.1053,38,0,0.037856,15,0,13,,0,0,0,0,0,0,0,0,0,,48,36,,0,0,0,0
1602220625945,10,1010123456007,78,,1,0,6,1,1,,16.8276,29,0,0.031776,12,0,10,,0,0,0,0,0,0,0,0,0,,32,28,,0,0,0,0
1602220626195,10,1010123456007,78,,1,0,6,1,1,,15.875,24,0,0.021376,9,0,12.6667,,0,0,0,0,0,0,0,0,0,,28,20,,0,0,0,0
1602220626445,10,1010123456007,78,,1,0,6,1,1,,16.0606,33,0,0.037152,12,0,13,,0.1,23,0,0.1,9,0,0,6.43588,31,,88,36,,0,0,0,1.08696
1602220626695,10,1010123456007,78,,1,0,6,1,1,,16.3889,54,0,0.0584,20,0,13,,0,0,0,0,0,0,0,0,0,,60,42,,0,0,0,0
1602220626945,10,1010123456007,78,,1,0,6,1,1,,17.8182,33,0,0.04256,15,0,13,,0,0,0,0,0,0,0,0,0,,33,26,,0,0,0,0
1602220627195,10,1010123456007,78,,1,0,6,1,1,,16.1429,28,0,0.031968,12,0,13,,0,0,0,0,0,0,0,0,0,,30,26,,0,0,0,0
1602220627445,10,1010123456007,78,,1,0,6,1,1,,15.6667,39,0,0.042656,16,0,10.6667,,0.1,21,0,0.1,9,0,0,5.75357,31,,50,36,,0,0,0,1
1602220627695,10,1010123456007,78,,1,0,6,1,1,,11.5882,51,0,0.038016,20,0,13,,0,0,0,0,0,0,0,0,0,,50,44,,0,0,0,0
1602220627945,10,1010123456007,78,,1,0,6,1,1,,17.6818,22,0,0.026592,9,0,13,,0,0,0,0,0,0,0,0,0,,18,18,,0,0,0,0
1602220628195,10,1010123456007,78,,1,0,6,1,1,,16.0541,37,0,0.042528,15,0,13,,0,0,0,0,0,0,0,0,0,,47,30,,0,0,0,0
1602220628445,10,1010123456007,78,,1,0,6,1,1,,16.55,20,0,0.021312,8,0,13,,0.1,24,0,0.1,10,0,0,5.51649,31,,16,16,,0,0,0,1
1602220628695,10,1010123456007,78,,1,0,6,1,1,,0,0,0,0,0,0,13,,0,0,0,0,0,0,0,0,0,,0,0,,0,0,0,0
1602220628945,10,1010123456007,78,,1,0,6,1,1,,0,0,0,0,0,0,9.2,,0,0,0,0,0,0,0,0,0,,0,0,,0,0,0,0
1602220629195,10,1010123456007,78,,1,0,6,1,1,,0,0,0,0,0,0,11.25,,0,0,0,0,0,0,0,0,0,,0,0,,0,0,0,0
1602220629445,10,1010123456007,78,,1,0,6,1,1,,0,0,0,0,0,0,13,,0,0,0,0,0,0,0,0,0,,0,0,,0,0,0,0
1602220629695,10,1010123456007,78,,1,0,6,1,1,,0,0,0,0,0,0,0.1,,0,0,0,0,0,0,0,0,0,,0,0,,0,0,0,0
1602220629945,10,1010123456007,78,,1,0,6,1,1,,0,0,0,0,0,0,11.3333,,0,0,0,0,0,0,0,0,0,,0,0,,0,0,0,0
1602220630195,10,1010123456007,78,,1,0,6,1,1,,0,0,0,0,0,0,14,,0,0,0,0,0,0,0,0,0,,0,0,,0,0,0,0
1602220630445,10,1010123456007,78,,1,0,6,1,1,,0,0,0,0,0,0,13.4,,0,0,0,0,0,0,0,0,0,,0,0,,0,0,0,0
1602220630695,10,1010123456007,78,,1,0,6,1,1,,0,0,0,0,0,0,10.3333,,0,0,0,0,0,0,0,0,0,,0,0,,0,0,0,0
1602220630945,10,1010123456007,78,,1,0,6,1,1,,0,0,0,0,0,0,10,,0,0,0,0,0,0,0,0,0,,0,0,,0,0,0,0
1602220631195,10,1010123456007,78,,1,0,6,1,1,,0,0,0,0,0,0,15,,0,0,0,0,0,0,0,0,0,,0,0,,0,0,0,0
1602220631445,10,1010123456007,78,,1,0,6,1,1,,0,0,0,0,0,0,1,,0,0,0,0,0,0,0,0,0,,0,0,,0,0,0,0
1602220631695,10,1010123456007,78,,1,0,6,1,1,,0,0,0,0,0,0,13,,0,0,0,0,0,0,0,0,0,,0,0,,0,0,0,0
1602220631945,10,1010123456007,78,,1,0,6,1,1,,0,0,0,0,0,0,12,,0,0,0,0,0,0,0,0,0,,0,0,,0,0,0,0
1602220632195,10,1010123456007,78,,1,0,6,1,1,,0,0,0,0,0,0,10.75,,0,0,0,0,0,0,0,0,0,,0,0,,0,0,0,0
1602220632445,10,1010123456007,78,,1,0,6,1,1,,0,0,0,0,0,0,12.5,,0,0,0,0,0,0,0,0,0,,0,0,,0,0,0,0
1602220632695,10,1010123456007,78,,1,0,6,1,1,,0,0,0,0,0,0,8.25,,0,2,0,0.1,1,0,0,0,31,,0,0,,0,0,0,0
1602220632945,10,1010123456007,78,,1,0,6,1,1,,0,0,0,0,0,0,8.33333,,0,0,0,0,0,0,0,0,0,,0,0,,0,0,0,0
1602220633195,10,1010123456007,78,,1,0,6,1,1,,0,0,0,0,0,0,14.75,,0,0,0,0,0,0,0,0,0,,0,0,,0,0,0,0
1602220633445,10,1010123456007,78,,1,0,6,1,1,,0,0,0,0,0,0,15,,0,0,0,0,0,0,0,0,0,,0,0,,0,0,0,0
1602220633695,10,1010123456007,78,,1,0,6,1,1,,0,0,0,0,0,0,13.5,,0,0,0,0,0,0,0,0,0,,0,0,,0,0,0,0
1602220633945,10,1010123456007,78,,1,0,6,1,1,,0,0,0,0,0,0,14.4,,0,0,0,0,0,0,0,0,0,,0,0,,0,0,0,0
1602220634195,10,1010123456007,78,,1,0,6,1,1,,0,0,0,0,0,0,7.5,,0,0,0,0,0,0,0,0,0,,0,0,,0,0,0,0
1602220634445,10,1010123456007,78,,1,0,6,1,1,,0,0,0,0,0,0,7.66667,,0,0,0,0,0,0,0,0,0,,0,0,,0,0,0,0
1602220634695,10,1010123456007,78,,1,0,6,1,1,,0,0,0,0,0,0,9.5,,0,0,0,0,0,0,0,0,0,,0,0,,0,0,0,0
1602220634945,10,1010123456007,78,,1,0,6,1,1,,0,0,0,0,0,0,8,,0,0,0,0,0,0,0,0,0,,0,0,,0,0,0,0
1602220635195,10,1010123456007,78,,1,0,6,1,1,,0,0,0,0,0,0,5,,0,0,0,0,0,0,0,0,0,,0,0,,0,0,0,0
1602220635445,10,1010123456007,78,,1,0,6,1,1,,0,0,0,0,0,0,4.2,,0,0,0,0,0,0,0,0,0,,0,0,,0,0,0,0
1602220635695,10,1010123456007,78,,1,0,6,1,1,,0,0,0,0,0,0,11,,0,0,0,0,0,0,0,0,0,,0,0,,0,0,0,0
1602220635945,10,1010123456007,78,,1,0,6,1,1,,0,0,0,0,0,0,6.5,,0,0,0,0,0,0,0,0,0,,0,0,,0,0,0,0
