Timestamp,num_ues,IMSI,RNTI,,slicing_enabled,slice_id,slice_prb,power_multiplier,scheduling_policy,,dl_mcs,dl_n_samples,dl_buffer [bytes],tx_brate downlink [Mbps],tx_pkts downlink,tx_errors downlink (%),dl_cqi,,ul_mcs,ul_n_samples,ul_buffer [bytes],rx_brate uplink [Mbps],rx_pkts uplink,rx_errors uplink (%),ul_rssi,ul_sinr,phr,,sum_requested_prbs,sum_granted_prbs,,dl_pmi,dl_ri,ul_n,ul_turbo_iters
1602786792166,9,1010123456029,197,,1,0,4,1,2,,1.59375,32,0,0.00684337,13,0,3,,0.1,34,0,0.1,13,15.3846,0,2.71453,31,,4,44,,0,0,0,2.97059
1602786792416,9,1010123456029,197,,1,0,4,1,2,,0,2,0,0.00195984,1,0,8.66667,,0,0,0,0,0,0,0,0,0,,0,2,,0,0,0,0
1602786792666,9,1010123456029,197,,1,0,4,1,2,,0,0,0,0,0,0,8.66667,,0,0,0,0,0,0,0,0,0,,0,0,,0,0,0,0
1602786792916,9,1010123456029,197,,1,0,4,1,2,,0,0,0,0,0,0,7.25,,0,0,0,0,0,0,0,0,0,,0,0,,0,0,0,0
1602786793166,9,1010123456029,197,,1,0,4,1,2,,0,0,0,0,0,0,9.66667,,0,0,0,0,0,0,0,0,0,,0,0,,0,0,0,0
1602786793416,9,1010123456029,197,,1,0,4,1,2,,0,0,0,0,0,0,4.33333,,0,0,0,0,0,0,0,0,0,,0,0,,0,0,0,0
1602786793666,9,1010123456029,197,,1,0,4,1,2,,0,0,0,0,0,0,6.75,,0,0,0,0,0,0,0,0,0,,0,0,,0,0,0,0
1602786793917,8,1010123456029,197,,1,0,4,1,2,,0,0,0,0,0,0,7.5,,0,0,0,0,0,0,0,0,0,,0,0,,0,0,0,0
1602786794166,8,1010123456029,197,,1,0,4,1,2,,0,0,0,0,0,0,13.3333,,0,0,0,0,0,0,0,0,0,,0,0,,0,0,0,0
1602786794416,8,1010123456029,197,,1,0,4,1,2,,0,0,0,0,0,0,11.25,,0,2,0,0.1,1,0,0,0,31,,0,0,,0,0,0,0
1602786794666,8,1010123456029,197,,1,0,4,1,2,,0,0,0,0,0,0,7.5,,0,0,0,0,0,0,0,0,0,,0,0,,0,0,0,0
1602786794916,8,1010123456029,197,,1,0,4,1,2,,0,0,0,0,0,0,8.66667,,0,0,0,0,0,0,0,0,0,,0,0,,0,0,0,0
1602786795166,9,1010123456029,197,,1,0,4,1,2,,0,0,0,0,0,0,9,,0,0,0,0,0,0,0,0,0,,0,0,,0,0,0,0
1602786795416,9,1010123456029,197,,1,0,4,1,2,,0,0,0,0,0,0,7,,0,0,0,0,0,0,0,0,0,,0,0,,0,0,0,0
1602786795666,9,1010123456029,197,,1,0,4,1,2,,0,0,0,0,0,0,9.5,,0,0,0,0,0,0,0,0,0,,0,0,,0,0,0,0
1602786795916,9,1010123456029,197,,1,0,4,1,2,,0,0,0,0,0,0,11,,0,0,0,0,0,0,0,0,0,,0,0,,0,0,0,0
1602786796166,9,1010123456029,197,,1,0,4,1,2,,0,0,0,0,0,0,7,,0,0,0,0,0,0,0,0,0,,0,0,,0,0,0,0
1602786796416,9,1010123456029,197,,1,0,4,1,2,,0,0,0,0,0,0,6,,0,0,0,0,0,0,0,0,0,,0,0,,0,0,0,0
1602786796666,9,1010123456029,197,,1,0,4,1,2,,0,0,0,0,0,0,8,,0,0,0,0,0,0,0,0,0,,0,0,,0,0,0,0
1602786796916,9,1010123456029,197,,1,0,4,1,2,,0,0,0,0,0,0,13,,0,0,0,0,0,0,0,0,0,,0,0,,0,0,0,0
1602786797166,9,1010123456029,197,,1,0,4,1,2,,0,0,0,0,0,0,13,,0,0,0,0,0,0,0,0,0,,0,0,,0,0,0,0
1602786797416,9,1010123456029,197,,1,0,4,1,2,,0,0,0,0,0,0,6.5,,0,0,0,0,0,0,0,0,0,,0,0,,0,0,0,0
1602786797666,9,1010123456029,197,,1,0,4,1,2,,0,0,0,0,0,0,11,,0,0,0,0,0,0,0,0,0,,0,0,,0,0,0,0
1602786797916,9,1010123456029,197,,1,0,4,1,2,,0,0,0,0,0,0,0.1,,0,0,0,0,0,0,0,0,0,,0,0,,0,0,0,0
1602786798166,9,1010123456029,197,,1,0,4,1,2,,0,0,0,0,0,0,0.1,,0,0,0,0,0,0,0,0,0,,0,0,,0,0,0,0
1602786798416,9,1010123456029,197,,1,0,4,1,2,,0,0,0,0,0,0,3.5,,0,0,0,0,0,0,0,0,0,,0,0,,0,0,0,0
1602786798666,9,1010123456029,197,,1,0,4,1,2,,0,0,0,0,0,0,13,,0,0,0,0,0,0,0,0,0,,0,0,,0,0,0,0
1602786798916,9,1010123456029,197,,1,0,4,1,2,,0,0,0,0,0,0,0.1,,0,0,0,0,0,0,0,0,0,,0,0,,0,0,0,0
1602786799166,9,1010123456029,197,,1,0,4,1,2,,0,0,0,0,0,0,0.1,,0,0,0,0,0,0,0,0,0,,0,0,,0,0,0,0
1602786799416,8,1010123456029,197,,1,0,4,1,2,,0,0,0,0,0,0,1,,0,0,0,0,0,0,0,0,0,,0,0,,0,0,0,0
1602786799666,8,1010123456029,197,,1,0,4,1,2,,0,0,0,0,0,0,12.5,,0,0,0,0,0,0,0,0,0,,0,0,,0,0,0,0
1602786799923,7,1010123456029,197,,1,0,4,1,2,,0,0,0,0,0,0,15,,0,0,0,0,0,0,0,0,0,,0,0,,0,0,0,0
1602786800166,7,1010123456029,197,,1,0,4,1,2,,0,0,0,0,0,0,10,,0,0,0,0,0,0,0,0,0,,0,0,,0,0,0,0
1602786800416,7,1010123456029,197,,1,0,4,1,2,,0,0,0,0,0,0,11,,0,0,0,0,0,0,0,0,0,,0,0,,0,0,0,0
1602786800666,7,1010123456029,197,,1,0,4,1,2,,0,0,0,0,0,0,9.33333,,0,0,0,0,0,0,0,0,0,,0,0,,0,0,0,0
1602786800916,7,1010123456029,197,,1,0,4,1,2,,0,0,0,0,0,0,12,,0,0,0,0,0,0,0,0,0,,0,0,,0,0,0,0
1602786801166,7,1010123456029,197,,1,0,4,1,2,,0,0,0,0,0,0,6.33333,,0,0,0,0,0,0,0,0,0,,0,0,,0,0,0,0
1602786801416,7,1010123456029,197,,1,0,4,1,2,,0,0,0,0,0,0,10.75,,0,0,0,0,0,0,0,0,0,,0,0,,0,0,0,0
1602786801666,7,1010123456029,197,,1,0,4,1,2,,0,0,0,0,0,0,1.5,,0,0,0,0,0,0,0,0,0,,0,0,,0,0,0,0
1602786801916,6,1010123456029,197,,1,0,4,1,2,,0,0,0,0,0,0,6,,0,0,0,0,0,0,0,0,0,,0,0,,0,0,0,0
1602786802166,4,1010123456029,197,,1,0,4,1,2,,0,0,0,0,0,0,13.5,,0,0,0,0,0,0,0,0,0,,0,0,,0,0,0,0
1602786802416,4,1010123456029,197,,1,0,4,1,2,,0,0,0,0,0,0,6.75,,0,0,0,0,0,0,0,0,0,,0,0,,0,0,0,0
1602786802666,4,1010123456029,197,,1,0,4,1,2,,0,0,0,0,0,0,6,,0,0,0,0,0,0,0,0,0,,0,0,,0,0,0,0
1602786802916,4,1010123456029,197,,1,0,4,1,2,,0,0,0,0,0,0,10.5,,0,0,0,0,0,0,0,0,0,,0,0,,0,0,0,0
1602786803166,4,1010123456029,197,,1,0,4,1,2,,0,0,0,0,0,0,11.2,,0,0,0,0,0,0,0,0,0,,0,0,,0,0,0,0
1602786803416,4,1010123456029,197,,1,0,4,1,2,,0,0,0,0,0,0,9,,0,0,0,0,0,0,0,0,0,,0,0,,0,0,0,0
1602786803666,4,1010123456029,197,,1,0,4,1,2,,0,0,0,0,0,0,6,,0,0,0,0,0,0,0,0,0,,0,0,,0,0,0,0
1602786803916,4,1010123456029,197,,1,0,4,1,2,,0,0,0,0,0,0,8.75,,0,0,0,0,0,0,0,0,0,,0,0,,0,0,0,0
1602786804166,4,1010123456029,197,,1,0,4,1,2,,0,0,0,0,0,0,8.25,,0,0,0,0,0,0,0,0,0,,0,0,,0,0,0,0
1602786804416,4,1010123456029,197,,1,0,4,1,2,,0,0,0,0,0,0,10.8,,0,0,0,0,0,0,0,0,0,,0,0,,0,0,0,0
1602786804666,4,1010123456029,197,,1,0,4,1,2,,0,0,0,0,0,0,8.5,,0,0,0,0,0,0,0,0,0,,0,0,,0,0,0,0
1602786804916,4,1010123456029,197,,1,0,4,1,2,,0,0,0,0,0,0,12,,0,0,0,0,0,0,0,0,0,,0,0,,0,0,0,0
1602786805166,4,1010123456029,197,,1,0,4,1,2,,0,0,0,0,0,0,7.25,,0,0,0,0,0,0,0,0,0,,0,0,,0,0,0,0
1602786805416,4,1010123456029,197,,1,0,4,1,2,,0,0,0,0,0,0,8,,0,0,0,0,0,0,0,0,0,,0,0,,0,0,0,0
1602786805666,4,1010123456029,197,,1,0,4,1,2,,0,0,0,0,0,0,12.5,,0,0,0,0,0,0,0,0,0,,0,0,,0,0,0,0
1602786805916,4,1010123456029,197,,1,0,4,1,2,,0,0,0,0,0,0,11.75,,0,0,0,0,0,0,0,0,0,,0,0,,0,0,0,0
1602786806166,4,1010123456029,197,,1,0,4,1,2,,0,0,0,0,0,0,11.6,,0,0,0,0,0,0,0,0,0,,0,0,,0,0,0,0
1602786806416,4,1010123456029,197,,1,0,4,1,2,,0,0,0,0,0,0,10.6,,0,0,0,0,0,0,0,0,0,,0,0,,0,0,0,0
1602786806666,4,1010123456029,197,,1,0,4,1,2,,0,0,0,0,0,0,11.7143,,0,0,0,0,0,0,0,0,0,,0,0,,0,0,0,0
1602786806916,4,1010123456029,197,,1,0,4,1,2,,0,0,0,0,0,0,12.3333,,0,0,0,0,0,0,0,0,0,,0,0,,0,0,0,0
1602786807166,4,1010123456029,197,,1,0,4,1,2,,0,0,0,0,0,0,8.5,,0,0,0,0,0,0,0,0,0,,0,0,,0,0,0,0
1602786807416,4,1010123456029,197,,1,0,4,1,2,,0,0,0,0,0,0,8.4,,0,0,0,0,0,0,0,0,0,,0,0,,0,0,0,0
1602786807666,4,1010123456029,197,,1,0,4,1,2,,0,0,0,0,0,0,9.71429,,0,0,0,0,0,0,0,0,0,,0,0,,0,0,0,0
1602786807916,4,1010123456029,197,,1,0,4,1,2,,0,0,0,0,0,0,11.5,,0,0,0,0,0,0,0,0,0,,0,0,,0,0,0,0
1602786808166,4,1010123456029,197,,1,0,4,1,2,,0,0,0,0,0,0,11.8,,0,0,0,0,0,0,0,0,0,,0,0,,0,0,0,0
1602786808416,4,1010123456029,197,,1,0,4,1,2,,0,0,0,0,0,0,9.83333,,0,0,0,0,0,0,0,0,0,,0,0,,0,0,0,0
1602786808666,4,1010123456029,197,,1,0,4,1,2,,0,0,0,0,0,0,8.83333,,0,0,0,0,0,0,0,0,0,,0,0,,0,0,0,0
1602786808916,4,1010123456029,197,,1,0,4,1,2,,0,0,0,0,0,0,6.83333,,0,0,0,0,0,0,0,0,0,,0,0,,0,0,0,0
1602786809166,4,1010123456029,197,,1,0,4,1,2,,0,0,0,0,0,0,10,,0,0,0,0,0,0,0,0,0,,0,0,,0,0,0,0
1602786809416,4,1010123456029,197,,1,0,4,1,2,,0,0,0,0,0,0,10.1667,,0,0,0,0,0,0,0,0,0,,0,0,,0,0,0,0
1602786809666,4,1010123456029,197,,1,0,4,1,2,,0,0,0,0,0,0,7.83333,,0,0,0,0,0,0,0,0,0,,0,0,,0,0,0,0
1602786809916,4,1010123456029,197,,1,0,4,1,2,,0,0,0,0,0,0,9.5,,0,0,0,0,0,0,0,0,0,,0,0,,0,0,0,0
1602786810166,4,1010123456029,197,,1,0,4,1,2,,0,0,0,0,0,0,9.16667,,0,0,0,0,0,0,0,0,0,,0,0,,0,0,0,0
1602786810416,4,1010123456029,197,,1,0,4,1,2,,0,0,0,0,0,0,11,,0,0,0,0,0,0,0,0,0,,0,0,,0,0,0,0
1602786810666,4,1010123456029,197,,1,0,4,1,2,,0,0,0,0,0,0,8.33333,,0,0,0,0,0,0,0,0,0,,0,0,,0,0,0,0
1602786810916,4,1010123456029,197,,1,0,4,1,2,,0,0,0,0,0,0,12.2,,0,0,0,0,0,0,0,0,0,,0,0,,0,0,0,0
1602786811166,4,1010123456029,197,,1,0,4,1,2,,0,0,0,0,0,0,10.4,,0,0,0,0,0,0,0,0,0,,0,0,,0,0,0,0
1602786811416,4,1010123456029,197,,1,0,4,1,2,,0,0,0,0,0,0,11.3333,,0,0,0,0,0,0,0,0,0,,0,0,,0,0,0,0
1602786811666,4,1010123456029,197,,1,0,4,1,2,,0,0,0,0,0,0,9.14286,,0,0,0,0,0,0,0,0,0,,0,0,,0,0,0,0
1602786811916,4,1010123456029,197,,1,0,4,1,2,,0,0,0,0,0,0,8.6,,0,0,0,0,0,0,0,0,0,,0,0,,0,0,0,0
1602786812166,4,1010123456029,197,,1,0,4,1,2,,0,0,0,0,0,0,9.33333,,0,0,0,0,0,0,0,0,0,,0,0,,0,0,0,0
1602786812416,4,1010123456029,197,,1,0,4,1,2,,0,0,0,0,0,0,8.33333,,0,0,0,0,0,0,0,0,0,,0,0,,0,0,0,0
1602786812666,4,1010123456029,197,,1,0,4,1,2,,0,0,0,0,0,0,8.14286,,0,0,0,0,0,0,0,0,0,,0,0,,0,0,0,0
1602786812916,4,1010123456029,197,,1,0,4,1,2,,0,0,0,0,0,0,9.83333,,0,0,0,0,0,0,0,0,0,,0,0,,0,0,0,0
1602786813166,4,1010123456029,197,,1,0,4,1,2,,0,0,0,0,0,0,12.1667,,0,0,0,0,0,0,0,0,0,,0,0,,0,0,0,0
1602786813416,4,1010123456029,197,,1,0,4,1,2,,0,0,0,0,0,0,10.4,,0,0,0,0,0,0,0,0,0,,0,0,,0,0,0,0
1602786813666,4,1010123456029,197,,1,0,4,1,2,,0,0,0,0,0,0,9.83333,,0,0,0,0,0,0,0,0,0,,0,0,,0,0,0,0
1602786813916,4,1010123456029,197,,1,0,4,1,2,,0,0,0,0,0,0,13.3333,,0,0,0,0,0,0,0,0,0,,0,0,,0,0,0,0
1602786814166,4,1010123456029,197,,1,0,4,1,2,,0,0,0,0,0,0,11,,0,0,0,0,0,0,0,0,0,,0,0,,0,0,0,0
1602786814416,4,1010123456029,197,,1,0,4,1,2,,0,0,0,0,0,0,11.5,,0,0,0,0,0,0,0,0,0,,0,0,,0,0,0,0
1602786814666,4,1010123456029,197,,1,0,4,1,2,,0,0,0,0,0,0,13.2857,,0,0,0,0,0,0,0,0,0,,0,0,,0,0,0,0
1602786814916,4,1010123456029,197,,1,0,4,1,2,,0,0,0,0,0,0,9.5,,0,0,0,0,0,0,0,0,0,,0,0,,0,0,0,0
1602786815166,4,1010123456029,197,,1,0,4,1,2,,0,0,0,0,0,0,10.6667,,0,0,0,0,0,0,0,0,0,,0,0,,0,0,0,0
1602786815416,4,1010123456029,197,,1,0,4,1,2,,0,0,0,0,0,0,9.8,,0,0,0,0,0,0,0,0,0,,0,0,,0,0,0,0
1602786815666,4,1010123456029,197,,1,0,4,1,2,,0,0,0,0,0,0,10.8571,,0,0,0,0,0,0,0,0,0,,0,0,,0,0,0,0
1602786815916,4,1010123456029,197,,1,0,4,1,2,,0,0,0,0,0,0,10.6667,,0,0,0,0,0,0,0,0,0,,0,0,,0,0,0,0
1602786816166,4,1010123456029,197,,1,0,4,1,2,,0,0,0,0,0,0,12.5,,0,0,0,0,0,0,0,0,0,,0,0,,0,0,0,0
1602786816416,4,1010123456029,197,,1,0,4,1,2,,0,0,0,0,0,0,11.5,,0,0,0,0,0,0,0,0,0,,0,0,,0,0,0,0
1602786816666,4,1010123456029,197,,1,0,4,1,2,,0,0,0,0,0,0,9.14286,,0,0,0,0,0,0,0,0,0,,0,0,,0,0,0,0
1602786816916,4,1010123456029,197,,1,0,4,1,2,,0,0,0,0,0,0,7,,0,0,0,0,0,0,0,0,0,,0,0,,0,0,0,0
1602786817166,4,1010123456029,197,,1,0,4,1,2,,0,0,0,0,0,0,4.5,,0,0,0,0,0,0,0,0,0,,0,0,,0,0,0,0
1602786817416,4,1010123456029,197,,1,0,4,1,2,,0,0,0,0,0,0,10.8333,,0,0,0,0,0,0,0,0,0,,0,0,,0,0,0,0
1602786817666,4,1010123456029,197,,1,0,4,1,2,,0,0,0,0,0,0,9.8,,0,0,0,0,0,0,0,0,0,,0,0,,0,0,0,0
1602786817916,4,1010123456029,197,,1,0,4,1,2,,0,0,0,0,0,0,10,,0,0,0,0,0,0,0,0,0,,0,0,,0,0,0,0
1602786818166,4,1010123456029,197,,1,0,4,1,2,,0,0,0,0,0,0,8.5,,0,0,0,0,0,0,0,0,0,,0,0,,0,0,0,0
1602786818416,4,1010123456029,197,,1,0,4,1,2,,0,0,0,0,0,0,10.6,,0,0,0,0,0,0,0,0,0,,0,0,,0,0,0,0
1602786818666,4,1010123456029,197,,1,0,4,1,2,,0,0,0,0,0,0,8.14286,,0,0,0,0,0,0,0,0,0,,0,0,,0,0,0,0
1602786818916,4,1010123456029,197,,1,0,4,1,2,,0,0,0,0,0,0,9.2,,0,0,0,0,0,0,0,0,0,,0,0,,0,0,0,0
1602786819166,4,1010123456029,197,,1,0,4,1,2,,0,0,0,0,0,0,10,,0,0,0,0,0,0,0,0,0,,0,0,,0,0,0,0
1602786819416,4,1010123456029,197,,1,0,4,1,2,,0,0,0,0,0,0,9.66667,,0,0,0,0,0,0,0,0,0,,0,0,,0,0,0,0
1602786819666,4,1010123456029,197,,1,0,4,1,2,,0,0,0,0,0,0,11.1429,,0,0,0,0,0,0,0,0,0,,0,0,,0,0,0,0
1602786819916,4,1010123456029,197,,1,0,4,1,2,,0,0,0,0,0,0,8.66667,,0,0,0,0,0,0,0,0,0,,0,0,,0,0,0,0
1602786820166,4,1010123456029,197,,1,0,4,1,2,,0,0,0,0,0,0,7.16667,,0,0,0,0,0,0,0,0,0,,0,0,,0,0,0,0
1602786820416,4,1010123456029,197,,1,0,4,1,2,,0,0,0,0,0,0,12,,0,0,0,0,0,0,0,0,0,,0,0,,0,0,0,0
1602786820666,4,1010123456029,197,,1,0,4,1,2,,0,0,0,0,0,0,6.42857,,0,0,0,0,0,0,0,0,0,,0,0,,0,0,0,0
1602786820916,4,1010123456029,197,,1,0,4,1,2,,0,0,0,0,0,0,11.1667,,0,0,0,0,0,0,0,0,0,,0,0,,0,0,0,0
1602786821166,4,1010123456029,197,,1,0,4,1,2,,0,0,0,0,0,0,6,,0,0,0,0,0,0,0,0,0,,0,0,,0,0,0,0
1602786821416,3,1010123456029,197,,1,0,4,1,2,,0,0,0,0,0,0,12.6667,,0,0,0,0,0,0,0,0,0,,0,0,,0,0,0,0
1602786821666,3,1010123456029,197,,1,0,4,1,2,,0,0,0,0,0,0,11,,0,0,0,0,0,0,0,0,0,,0,0,,0,0,0,0
1602786821916,3,1010123456029,197,,1,0,4,1,2,,0,0,0,0,0,0,7.5,,0,0,0,0,0,0,0,0,0,,0,0,,0,0,0,0
1602786822166,3,1010123456029,197,,1,0,4,1,2,,0,0,0,0,0,0,11,,0,0,0,0,0,0,0,0,0,,0,0,,0,0,0,0
1602786822416,3,1010123456029,197,,1,0,4,1,2,,0,0,0,0,0,0,8.33333,,0,0,0,0,0,0,0,0,0,,0,0,,0,0,0,0
1602786822666,3,1010123456029,197,,1,0,4,1,2,,0,0,0,0,0,0,7,,0,0,0,0,0,0,0,0,0,,0,0,,0,0,0,0
1602786822916,3,1010123456029,197,,1,0,4,1,2,,0,0,0,0,0,0,6,,0,0,0,0,0,0,0,0,0,,0,0,,0,0,0,0
1602786823166,3,1010123456029,197,,1,0,4,1,2,,0,0,0,0,0,0,7.6,,0,0,0,0,0,0,0,0,0,,0,0,,0,0,0,0
1602786823416,3,1010123456029,197,,1,0,4,1,2,,0,0,0,0,0,0,7.66667,,0,0,0,0,0,0,0,0,0,,0,0,,0,0,0,0
1602786823666,3,1010123456029,197,,1,0,4,1,2,,0,0,0,0,0,0,6.83333,,0,0,0,0,0,0,0,0,0,,0,0,,0,0,0,0
1602786823916,3,1010123456029,197,,1,0,4,1,2,,0,0,0,0,0,0,7,,0,0,0,0,0,0,0,0,0,,0,0,,0,0,0,0
1602786824166,3,1010123456029,197,,1,0,4,1,2,,0,0,0,0,0,0,10,,0,0,0,0,0,0,0,0,0,,0,0,,0,0,0,0
1602786824416,3,1010123456029,197,,1,0,4,1,2,,0,0,0,0,0,0,8.16667,,0,0,0,0,0,0,0,0,0,,0,0,,0,0,0,0
1602786824666,3,1010123456029,197,,1,0,4,1,2,,0,0,0,0,0,0,8.33333,,0,0,0,0,0,0,0,0,0,,0,0,,0,0,0,0
1602786824916,3,1010123456029,197,,1,0,4,1,2,,0,0,0,0,0,0,8.4,,0,0,0,0,0,0,0,0,0,,0,0,,0,0,0,0
1602786825166,3,1010123456029,197,,1,0,4,1,2,,0,0,0,0,0,0,7.33333,,0,0,0,0,0,0,0,0,0,,0,0,,0,0,0,0
1602786825416,3,1010123456029,197,,1,0,4,1,2,,0,0,0,0,0,0,10,,0,0,0,0,0,0,0,0,0,,0,0,,0,0,0,0
1602786825666,3,1010123456029,197,,1,0,4,1,2,,0,0,0,0,0,0,6.5,,0,0,0,0,0,0,0,0,0,,0,0,,0,0,0,0
1602786825916,3,1010123456029,197,,1,0,4,1,2,,0,0,0,0,0,0,7.5,,0,0,0,0,0,0,0,0,0,,0,0,,0,0,0,0
1602786826201,2,1010123456029,197,,1,0,4,1,2,,0,2,0,0,0,0,8,,0,0,0,0,0,0,0,0,0,,0,0,,0,0,0,0
1602786826416,2,1010123456029,197,,1,0,4,1,2,,0,0,0,0,0,0,6,,0,0,0,0,0,0,0,0,0,,0,0,,0,0,0,0
1602786826666,2,1010123456029,197,,1,0,4,1,2,,0,0,0,0,0,0,11.75,,0,0,0,0,0,0,0,0,0,,0,0,,0,0,0,0
1602786826916,2,1010123456029,197,,1,0,4,1,2,,0,0,0,0,0,0,6.2,,0,0,0,0,0,0,0,0,0,,0,0,,0,0,0,0
1602786827166,2,1010123456029,197,,1,0,4,1,2,,0,0,0,0,0,0,3.33333,,0,0,0,0,0,0,0,0,0,,0,0,,0,0,0,0
1602786827416,2,1010123456029,197,,1,0,4,1,2,,0,0,0,0,0,0,10,,0,0,0,0,0,0,0,0,0,,0,0,,0,0,0,0
1602786827666,2,1010123456029,197,,1,0,4,1,2,,0,0,0,0,0,0,8.28571,,0,0,0,0,0,0,0,0,0,,0,0,,0,0,0,0
1602786827916,2,1010123456029,197,,1,0,4,1,2,,0,0,0,0,0,0,4.6,,0,0,0,0,0,0,0,0,0,,0,0,,0,0,0,0
1602786828166,2,1010123456029,197,,1,0,4,1,2,,0,0,0,0,0,0,5.2,,0,0,0,0,0,0,0,0,0,,0,0,,0,0,0,0
1602786828416,2,1010123456029,197,,1,0,4,1,2,,0,0,0,0,0,0,9,,0,0,0,0,0,0,0,0,0,,0,0,,0,0,0,0
1602786828666,2,1010123456029,197,,1,0,4,1,2,,0,0,0,0,0,0,10,,0,0,0,0,0,0,0,0,0,,0,0,,0,0,0,0
1602786828916,2,1010123456029,197,,1,0,4,1,2,,0,0,0,0,0,0,10.25,,0,0,0,0,0,0,0,0,0,,0,0,,0,0,0,0
1602786829166,2,1010123456029,197,,1,0,4,1,2,,0,0,0,0,0,0,6,,0,0,0,0,0,0,0,0,0,,0,0,,0,0,0,0
1602786829416,2,1010123456029,197,,1,0,4,1,2,,0,0,0,0,0,0,9.5,,0,0,0,0,0,0,0,0,0,,0,0,,0,0,0,0
1602786829666,2,1010123456029,197,,1,0,4,1,2,,0,0,0,0,0,0,4.71429,,0,0,0,0,0,0,0,0,0,,0,0,,0,0,0,0
1602786829916,2,1010123456029,197,,1,0,4,1,2,,0,0,0,0,0,0,6,,0,0,0,0,0,0,0,0,0,,0,0,,0,0,0,0
1602786830166,2,1010123456029,197,,1,0,4,1,2,,0,0,0,0,0,0,6.4,,0,0,0,0,0,0,0,0,0,,0,0,,0,0,0,0
1602786830416,2,1010123456029,197,,1,0,4,1,2,,0,0,0,0,0,0,3.5,,0,0,0,0,0,0,0,0,0,,0,0,,0,0,0,0
1602786830666,2,1010123456029,197,,1,0,4,1,2,,0,0,0,0,0,0,8,,0,0,0,0,0,0,0,0,0,,0,0,,0,0,0,0
1602786830916,2,1010123456029,197,,1,0,4,1,2,,0,0,0,0,0,0,7.33333,,0,0,0,0,0,0,0,0,0,,0,0,,0,0,0,0
1602786831166,2,1010123456029,197,,1,0,4,1,2,,0,0,0,0,0,0,5.25,,0,0,0,0,0,0,0,0,0,,0,0,,0,0,0,0
1602786831416,2,1010123456029,197,,1,0,4,1,2,,0,0,0,0,0,0,7.16667,,0,0,0,0,0,0,0,0,0,,0,0,,0,0,0,0
1602786831666,2,1010123456029,197,,1,0,4,1,2,,0,0,0,0,0,0,4.85714,,0,0,0,0,0,0,0,0,0,,0,0,,0,0,0,0
1602786831916,2,1010123456029,197,,1,0,4,1,2,,0,0,0,0,0,0,9.16667,,0,0,0,0,0,0,0,0,0,,0,0,,0,0,0,0
1602786832166,2,1010123456029,197,,1,0,4,1,2,,0,0,0,0,0,0,6,,0,0,0,0,0,0,0,0,0,,0,0,,0,0,0,0
1602786832416,2,1010123456029,197,,1,0,4,1,2,,0,0,0,0,0,0,9.83333,,0,0,0,0,0,0,0,0,0,,0,0,,0,0,0,0
1602786832666,2,1010123456029,197,,1,0,4,1,2,,0,0,0,0,0,0,9.57143,,0,0,0,0,0,0,0,0,0,,0,0,,0,0,0,0
1602786832916,2,1010123456029,197,,1,0,4,1,2,,0,0,0,0,0,0,10.8333,,0,0,0,0,0,0,0,0,0,,0,0,,0,0,0,0
1602786833166,2,1010123456029,197,,1,0,4,1,2,,0,0,0,0,0,0,7.66667,,0,0,0,0,0,0,0,0,0,,0,0,,0,0,0,0
1602786833416,2,1010123456029,197,,1,0,4,1,2,,0,0,0,0,0,0,10.8333,,0,0,0,0,0,0,0,0,0,,0,0,,0,0,0,0
1602786833666,2,1010123456029,197,,1,0,4,1,2,,0,0,0,0,0,0,7.28571,,0,0,0,0,0,0,0,0,0,,0,0,,0,0,0,0
1602786833916,2,1010123456029,197,,1,0,4,1,2,,0,0,0,0,0,0,9.16667,,0,0,0,0,0,0,0,0,0,,0,0,,0,0,0,0
1602786834166,2,1010123456029,197,,1,0,4,1,2,,0,0,0,0,0,0,11.1667,,0,0,0,0,0,0,0,0,0,,0,0,,0,0,0,0
1602786834416,2,1010123456029,197,,1,0,4,1,2,,0,0,0,0,0,0,11.75,,0.1,3,0,0.1,1,0,0,2.00463,31,,0,0,,0,0,0,3
1602786834666,2,1010123456029,197,,1,0,4,1,2,,0,0,0,0,0,0,11.4286,,0,0,0,0,0,0,0,0,0,,0,0,,0,0,0,0
1602786834916,2,1010123456029,197,,1,0,4,1,2,,0,0,0,0,0,0,10.2,,0,0,0,0,0,0,0,0,0,,0,0,,0,0,0,0
1602786835166,2,1010123456029,197,,1,0,4,1,2,,0,0,0,0,0,0,10.6,,0,0,0,0,0,0,0,0,0,,0,0,,0,0,0,0
1602786835416,2,1010123456029,197,,1,0,4,1,2,,0,0,0,0,0,0,11.3333,,0,0,0,0,0,0,0,0,0,,0,0,,0,0,0,0
1602786835666,2,1010123456029,197,,1,0,4,1,2,,0,0,0,0,0,0,11.6667,,0,0,0,0,0,0,0,0,0,,0,0,,0,0,0,0
1602786835916,2,1010123456029,197,,1,0,4,1,2,,0,0,0,0,0,0,11.75,,0,0,0,0,0,0,0,0,0,,0,0,,0,0,0,0
1602786836166,2,1010123456029,197,,1,0,4,1,2,,0,0,0,0,0,0,12.3333,,0,0,0,0,0,0,0,0,0,,0,0,,0,0,0,0
1602786836416,2,1010123456029,197,,1,0,4,1,2,,0,0,0,0,0,0,11,,0,0,0,0,0,0,0,0,0,,0,0,,0,0,0,0
1602786836666,2,1010123456029,197,,1,0,4,1,2,,0,0,0,0,0,0,11.1667,,0,0,0,0,0,0,0,0,0,,0,0,,0,0,0,0
1602786836916,2,1010123456029,197,,1,0,4,1,2,,0,0,0,0,0,0,6.6,,0,0,0,0,0,0,0,0,0,,0,0,,0,0,0,0
1602786837166,2,1010123456029,197,,1,0,4,1,2,,0,0,0,0,0,0,10.5,,0,0,0,0,0,0,0,0,0,,0,0,,0,0,0,0
1602786837416,2,1010123456029,197,,1,0,4,1,2,,0,0,0,0,0,0,5.5,,0,0,0,0,0,0,0,0,0,,0,0,,0,0,0,0
1602786837666,2,1010123456029,197,,1,0,4,1,2,,0,0,0,0,0,0,12,,0,0,0,0,0,0,0,0,0,,0,0,,0,0,0,0
1602786837916,2,1010123456029,197,,1,0,4,1,2,,0,0,0,0,0,0,9.5,,0,0,0,0,0,0,0,0,0,,0,0,,0,0,0,0
1602786838167,2,1010123456029,197,,1,0,4,1,2,,0,0,0,0,0,0,10.6,,0,0,0,0,0,0,0,0,0,,0,0,,0,0,0,0
1602786838416,2,1010123456029,197,,1,0,4,1,2,,0,0,0,0,0,0,9,,0,0,0,0,0,0,0,0,0,,0,0,,0,0,0,0
1602786838666,2,1010123456029,197,,1,0,4,1,2,,0,0,0,0,0,0,10,,0,0,0,0,0,0,0,0,0,,0,0,,0,0,0,0
1602786838916,2,1010123456029,197,,1,0,4,1,2,,0,0,0,0,0,0,7.2,,0,0,0,0,0,0,0,0,0,,0,0,,0,0,0,0
1602786839166,2,1010123456029,197,,1,0,4,1,2,,0,0,0,0,0,0,9.75,,0,0,0,0,0,0,0,0,0,,0,0,,0,0,0,0
1602786839416,2,1010123456029,197,,1,0,4,1,2,,0,0,0,0,0,0,10.1667,,0,0,0,0,0,0,0,0,0,,0,0,,0,0,0,0
1602786839666,2,1010123456029,197,,1,0,4,1,2,,0,0,0,0,0,0,7.83333,,0,0,0,0,0,0,0,0,0,,0,0,,0,0,0,0
1602786839916,2,1010123456029,197,,1,0,4,1,2,,0,0,0,0,0,0,10.8333,,0,0,0,0,0,0,0,0,0,,0,0,,0,0,0,0
1602786840166,2,1010123456029,197,,1,0,4,1,2,,0,0,0,0,0,0,6,,0,0,0,0,0,0,0,0,0,,0,0,,0,0,0,0
1602786840416,2,1010123456029,197,,1,0,4,1,2,,0,0,0,0,0,0,6.5,,0,0,0,0,0,0,0,0,0,,0,0,,0,0,0,0
1602786840666,2,1010123456029,197,,1,0,4,1,2,,0,0,0,0,0,0,11.8333,,0,0,0,0,0,0,0,0,0,,0,0,,0,0,0,0
1602786840916,2,1010123456029,197,,1,0,4,1,2,,0,0,0,0,0,0,8.4,,0,0,0,0,0,0,0,0,0,,0,0,,0,0,0,0
1602786841166,2,1010123456029,197,,1,0,4,1,2,,0,0,0,0,0,0,10.6,,0,0,0,0,0,0,0,0,0,,0,0,,0,0,0,0
1602786841416,2,1010123456029,197,,1,0,4,1,2,,0,0,0,0,0,0,9.66667,,0,0,0,0,0,0,0,0,0,,0,0,,0,0,0,0
1602786841666,2,1010123456029,197,,1,0,4,1,2,,0,0,0,0,0,0,12.1429,,0,0,0,0,0,0,0,0,0,,0,0,,0,0,0,0
1602786841916,2,1010123456029,197,,1,0,4,1,2,,0,0,0,0,0,0,0.1,,0,0,0,0,0,0,0,0,0,,0,0,,0,0,0,0
1602786842166,2,1010123456029,197,,1,0,4,1,2,,0,0,0,0,0,0,3,,0,0,0,0,0,0,0,0,0,,0,0,,0,0,0,0
1602786842416,2,1010123456029,197,,1,0,4,1,2,,0,0,0,0,0,0,12,,0,0,0,0,0,0,0,0,0,,0,0,,0,0,0,0
1602786842666,2,1010123456029,197,,1,0,4,1,2,,0,0,0,0,0,0,10,,0,0,0,0,0,0,0,0,0,,0,0,,0,0,0,0
1602786842916,2,1010123456029,197,,1,0,4,1,2,,0,0,0,0,0,0,3,,0,0,0,0,0,0,0,0,0,,0,0,,0,0,0,0
1602786843166,2,1010123456029,197,,1,0,4,1,2,,0,0,0,0,0,0,0.1,,0,0,0,0,0,0,0,0,0,,0,0,,0,0,0,0
1602786843416,2,1010123456029,197,,1,0,4,1,2,,0,0,0,0,0,0,0.1,,0,0,0,0,0,0,0,0,0,,0,0,,0,0,0,0
1602786843666,2,1010123456029,197,,1,0,4,1,2,,0,0,0,0,0,0,7.5,,0,0,0,0,0,0,0,0,0,,0,0,,0,0,0,0
1602786843916,2,1010123456029,197,,1,0,4,1,2,,0,0,0,0,0,0,0.1,,0,0,0,0,0,0,0,0,0,,0,0,,0,0,0,0
1602786844166,2,1010123456029,197,,1,0,4,1,2,,0,0,0,0,0,0,12,,0,0,0,0,0,0,0,0,0,,0,0,,0,0,0,0
1602786844416,2,1010123456029,197,,1,0,4,1,2,,0,0,0,0,0,0,14,,0,0,0,0,0,0,0,0,0,,0,0,,0,0,0,0
1602786844666,2,1010123456029,197,,1,0,4,1,2,,0,0,0,0,0,0,2,,0,0,0,0,0,0,0,0,0,,0,0,,0,0,0,0
1602786844916,2,1010123456029,197,,1,0,4,1,2,,0,0,0,0,0,0,12,,0,0,0,0,0,0,0,0,0,,0,0,,0,0,0,0
1602786845166,2,1010123456029,197,,1,0,4,1,2,,0,0,0,0,0,0,6.5,,0,0,0,0,0,0,0,0,0,,0,0,,0,0,0,0
1602786845416,2,1010123456029,197,,1,0,4,1,2,,0,0,0,0,0,0,3,,0,0,0,0,0,0,0,0,0,,0,0,,0,0,0,0
1602786845666,2,1010123456029,197,,1,0,4,1,2,,0,0,0,0,0,0,0.1,,0,0,0,0,0,0,0,0,0,,0,0,,0,0,0,0
1602786845916,2,1010123456029,197,,1,0,4,1,2,,0,0,0,0,0,0,0.1,,0,0,0,0,0,0,0,0,0,,0,0,,0,0,0,0
1602786846166,2,1010123456029,197,,1,0,4,1,2,,0,0,0,0,0,0,0.1,,0,0,0,0,0,0,0,0,0,,0,0,,0,0,0,0
1602786846416,2,1010123456029,197,,1,0,4,1,2,,0,0,0,0,0,0,0.1,,0,0,0,0,0,0,0,0,0,,0,0,,0,0,0,0
1602786846666,2,1010123456029,197,,1,0,4,1,2,,0,0,0,0,0,0,9,,0,0,0,0,0,0,0,0,0,,0,0,,0,0,0,0
1602786846916,2,1010123456029,197,,1,0,4,1,2,,0,0,0,0,0,0,0.1,,0,0,0,0,0,0,0,0,0,,0,0,,0,0,0,0
1602786847166,2,1010123456029,197,,1,0,4,1,2,,0,0,0,0,0,0,0.1,,0,0,0,0,0,0,0,0,0,,0,0,,0,0,0,0
1602786847416,2,1010123456029,197,,1,0,4,1,2,,0,0,0,0,0,0,12,,0,0,0,0,0,0,0,0,0,,0,0,,0,0,0,0
1602786847666,2,1010123456029,197,,1,0,4,1,2,,0,0,0,0,0,0,0.1,,0,0,0,0,0,0,0,0,0,,0,0,,0,0,0,0
1602786847916,2,1010123456029,197,,1,0,4,1,2,,0,0,0,0,0,0,0.1,,0,0,0,0,0,0,0,0,0,,0,0,,0,0,0,0
1602786848166,2,1010123456029,197,,1,0,4,1,2,,0,0,0,0,0,0,0.1,,0,0,0,0,0,0,0,0,0,,0,0,,0,0,0,0
1602786848416,2,1010123456029,197,,1,0,4,1,2,,0,0,0,0,0,0,10,,0,0,0,0,0,0,0,0,0,,0,0,,0,0,0,0
1602786848666,2,1010123456029,197,,1,0,4,1,2,,0,0,0,0,0,0,0.1,,0,0,0,0,0,0,0,0,0,,0,0,,0,0,0,0
1602786848916,2,1010123456029,197,,1,0,4,1,2,,0,0,0,0,0,0,3,,0,0,0,0,0,0,0,0,0,,0,0,,0,0,0,0
1602786849166,2,1010123456029,197,,1,0,4,1,2,,0,0,0,0,0,0,0.1,,0,0,0,0,0,0,0,0,0,,0,0,,0,0,0,0
1602786849416,2,1010123456029,197,,1,0,4,1,2,,0,0,0,0,0,0,7,,0,0,0,0,0,0,0,0,0,,0,0,,0,0,0,0
1602786849666,2,1010123456029,197,,1,0,4,1,2,,0,0,0,0,0,0,12,,0,0,0,0,0,0,0,0,0,,0,0,,0,0,0,0
1602786849916,2,1010123456029,197,,1,0,4,1,2,,0,0,0,0,0,0,0.1,,0,0,0,0,0,0,0,0,0,,0,0,,0,0,0,0
1602786850166,2,1010123456029,197,,1,0,4,1,2,,0,0,0,0,0,0,0.1,,0,0,0,0,0,0,0,0,0,,0,0,,0,0,0,0
1602786850416,2,1010123456029,197,,1,0,4,1,2,,0,0,0,0,0,0,0.1,,0,0,0,0,0,0,0,0,0,,0,0,,0,0,0,0
1602786850666,2,1010123456029,197,,1,0,4,1,2,,0,0,0,0,0,0,0.1,,0,0,0,0,0,0,0,0,0,,0,0,,0,0,0,0
1602786850916,2,1010123456029,197,,1,0,4,1,2,,0,0,0,0,0,0,13,,0,0,0,0,0,0,0,0,0,,0,0,,0,0,0,0
1602786851166,2,1010123456029,197,,1,0,4,1,2,,0,0,0,0,0,0,0.1,,0,0,0,0,0,0,0,0,0,,0,0,,0,0,0,0
1602786851416,2,1010123456029,197,,1,0,4,1,2,,0,0,0,0,0,0,0.1,,0,0,0,0,0,0,0,0,0,,0,0,,0,0,0,0
1602786851666,2,1010123456029,197,,1,0,4,1,2,,0,0,0,0,0,0,0.1,,0,0,0,0,0,0,0,0,0,,0,0,,0,0,0,0
1602786851916,2,1010123456029,197,,1,0,4,1,2,,0,0,0,0,0,0,0.1,,0,0,0,0,0,0,0,0,0,,0,0,,0,0,0,0
