time,cc,pci,earfcn,rsrp,pl,cfo,dl_mcs,dl_snr,dl_turbo,dl_brate,dl_bler,ul_ta,ul_mcs,ul_buff,ul_brate,ul_bler,rf_o,rf_u,rf_l,is_attached
0,0,0,4294967295,0.0,0.0,0.0,0.0,0.0,0.0,0.0,0.0,0.0,0.0,0.0,0.0,0.0,0.0,0.0,0.0,0.0
249,0,0,3400,0.0,0.0,0.0,0.0,0.0,0.0,0.0,0.0,0.0,0.0,0.0,0.0,0.0,0.0,0.0,0.0,0.0
498,0,0,3400,0.0,0.0,0.0,0.0,0.0,0.0,0.0,0.0,0.0,0.0,0.0,0.0,0.0,0.0,0.0,0.0,0.0
747,0,1,3400,0.0,0.0,0.0,0.0,0.0,0.0,0.0,0.0,0.0,0.0,0.0,0.0,0.0,0.0,0.0,0.0,0.0
996,0,1,3400,0.0,0.0,0.0,0.0,0.0,0.0,0.0,0.0,0.0,0.0,0.0,0.0,0.0,0.0,0.0,0.0,0.0
1245,0,1,3400,-63,63,34,2.0,19,0.35,2912.000000,0,0.0,0.0,33,224,0,0.0,0.0,0.0,1.0
1494,0,1,3400,-63,63,32,3.0,19,0.50,0.0,0.0,27,0.0,0.0,0.0,0,0.0,0.0,0.0,1.0
1743,0,1,3400,-63,63,26,7.1,18,0.68,6720.000000,14,27,5.2,25,16032.000000,17,0.0,0.0,0.0,1.0
1992,0,1,3400,-63,63,26,6.3,19,1.3,11424.000000,14,27,10,2.0,56672.000000,0,0.0,0.0,0.0,1.0
2241,0,1,3400,-63,63,28,17,19,0.86,174048.000000,0,27,6.8,0.0,123008.000000,16,0.0,0.0,0.0,1.0
2490,0,1,3400,-63,63,29,17,19,0.90,117879.515625,0,27,5.9,0.0,60176.707031,29,0.0,0.0,0.0,1.0
2739,0,1,3400,-63,63,27,16,18,0.82,130016.000000,0,27,14,0.0,1568.000000,89,0.0,0.0,0.0,1.0
2988,0,1,3400,-63,63,27,17,18,0.92,186400.000000,0,27,14,0.0,0.0,0.0,0.0,0.0,0.0,1.0
3237,0,1,3400,-63,63,23,17,19,0.90,146528.000000,0,27,8.0,0.0,30016.000000,0,0.0,0.0,0.0,1.0
3486,0,1,3400,-63,63,23,18,19,0.98,118208.000000,0,27,0.0,0.0,0.0,0.0,0.0,0.0,0.0,1.0
3735,0,1,3400,-63,63,30,17,18,1.8,54144.000000,36,27,0.0,0.0,0.0,0.0,0.0,0.0,0.0,1.0
3984,0,1,3400,-63,63,28,19,18,1.2,193792.000000,1,27,0.0,0.0,1568.000000,0,0.0,0.0,0.0,1.0
4233,0,1,3400,-63,63,23,21,19,1.8,138326.687500,33,27,4.2,0.0,17083.666016,36,0.0,0.0,0.0,1.0
4482,0,1,3400,-63,63,24,20,19,1.7,161344.000000,7,27,5.5,0.0,0.0,0.0,0.0,0.0,0.0,1.0
4731,0,1,3400,-63,63,27,18,18,0.95,195232.000000,0,27,5.5,0.0,0.0,0.0,0.0,0.0,0.0,1.0
4980,0,1,3400,-63,63,31,18,19,1.1,177568.000000,0,27,5.5,0.0,0.0,0.0,0.0,0.0,0.0,1.0
5229,0,1,3400,-63,63,29,22,18,2.6,31904.000000,78,27,5.5,0.0,0.0,0.0,0.0,0.0,0.0,1.0
5478,0,1,3400,-63,63,28,17,18,1.7,54560.000000,44,27,5.5,0.0,0.0,0.0,0.0,0.0,0.0,1.0
5727,0,1,3400,-63,63,31,14,19,1.3,73568.000000,18,27,6.0,0.0,26464.000000,0,0.0,0.0,0.0,1.0
5976,0,1,3400,-63,63,35,19,18,1.2,163744.000000,0,27,11,0.0,16832.000000,44,0.0,0.0,0.0,1.0
6225,0,1,3400,-63,63,35,14,19,0.79,99232.000000,2,27,7.0,0.0,29408.000000,16,0.0,0.0,0.0,1.0
6474,0,1,3400,-63,63,31,18,18,1.0,127872.000000,0,27,0.0,0.0,0.0,0.0,0.0,0.0,0.0,1.0
6723,0,1,3400,-63,63,29,19,18,1.9,112416.000000,31,27,0.0,0.0,0.0,0.0,0.0,0.0,0.0,1.0
6972,0,1,3400,-63,63,32,17,18,0.89,173472.000000,0,27,7.4,0.0,21312.000000,0,0.0,0.0,0.0,1.0
7221,0,1,3400,-63,63,29,19,18,1.5,149024.000000,15,27,9.9,0.0,7776.000000,57,0.0,0.0,0.0,1.0
7470,0,1,3400,-63,63,28,21,19,2.9,39328.000000,26,27,9.0,0.0,0.0,0.0,0.0,0.0,0.0,1.0
7719,0,1,3400,-63,63,29,18,18,1.1,186464.000000,0,27,9.0,0.0,0.0,0.0,0.0,0.0,0.0,1.0
7968,0,1,3400,-63,63,31,9.7,18,0.64,66432.000000,0,27,9.0,0.0,0.0,0.0,0.0,0.0,0.0,1.0
8217,0,1,3400,-63,63,36,19,19,2.7,30432.000000,58,27,7.7,0.0,1568.000000,0,0.0,0.0,0.0,1.0
8466,0,1,3400,-63,63,37,20,19,4.0,0.0,0.0,27,7.5,0.0,28512.000000,0,0.0,0.0,0.0,1.0
8715,0,1,3400,-63,63,30,16,18,2.8,28416.000000,0,27,9.6,0.0,11936.000000,0,0.0,0.0,0.0,1.0
8964,0,1,3400,-63,63,29,10,19,0.72,72160.000000,0,27,7.9,0.0,86464.000000,27,0.0,0.0,0.0,1.0
9213,0,1,3400,-63,63,28,14,19,0.85,166489.953125,0,27,5.0,0.0,57927.710938,19,0.0,0.0,0.0,1.0
9462,0,1,3400,-63,63,27,18,18,1.0,141248.000000,0,27,9.4,0.0,15520.000000,0,0.0,0.0,0.0,1.0
9711,0,1,3400,-63,63,29,17,18,0.87,91296.000000,0,27,13,0.0,0.0,0.0,0.0,0.0,0.0,1.0
9960,0,1,3400,-63,63,30,19,19,2.5,83904.000000,48,27,13,0.0,0.0,0.0,0.0,0.0,0.0,1.0
10209,0,1,3400,-63,63,25,23,18,3.0,70848.000000,69,27,13,0.0,0.0,0.0,0.0,0.0,0.0,1.0
10458,0,1,3400,-63,63,28,21,19,2.4,104512.000000,44,27,13,215,0.0,0,0.0,0.0,0.0,1.0
10707,0,1,3400,-63,63,30,23,19,2.4,101609.562500,43,27,10,0.0,20876.494141,40,0.0,0.0,0.0,1.0
10956,0,1,3400,-63,63,31,18,19,1.0,198720.000000,0,27,4.5,0.0,0.0,0.0,0.0,0.0,0.0,1.0
11205,0,1,3400,-63,63,35,18,19,1.1,157024.000000,0,27,5.2,0.0,13440.000000,18,0.0,0.0,0.0,1.0
11454,0,1,3400,-63,63,36,18,18,1.3,146336.000000,9,27,0.19,0.0,1568.000000,0,0.0,0.0,0.0,1.0
11703,0,1,3400,-63,63,38,12,18,1.2,86176.000000,17,27,0.0,0.0,3136.000000,0,0.0,0.0,0.0,1.0
11952,0,1,3400,-63,63,36,19,18,1.2,163840.000000,2,27,0.0,0.0,0.0,0.0,0.0,0.0,0.0,1.0
12201,0,1,3400,-63,63,32,13,18,0.77,139712.000000,0,27,6.3,0.0,19392.000000,44,0.0,0.0,0.0,1.0
12450,0,1,3400,-63,63,30,18,18,1.0,157824.000000,0,27,11,0.0,0.0,0.0,0.0,0.0,0.0,1.0
12699,0,1,3400,-63,63,30,15,18,0.64,144384.000000,0,27,10,0.0,0.0,0.0,0.0,0.0,0.0,1.0
12948,0,1,3400,-63,63,28,17,18,1.0,133376.000000,0,27,10,0.0,0.0,0.0,0.0,0.0,0.0,1.0
13197,0,1,3400,-63,63,30,17,18,0.88,204544.000000,0,27,5.4,0.0,19968.000000,21,0.0,0.0,0.0,1.0
13446,0,1,3400,-63,63,33,18,19,1.0,154784.000000,0,27,0.0,0.0,0.0,0,0.0,0.0,0.0,1.0
13695,0,1,3400,-63,63,37,17,18,0.92,208960.000000,0,27,0.0,0.0,1568.000000,0,0.0,0.0,0.0,1.0
13944,0,1,3400,-63,63,42,21,18,2.0,141120.000000,32,27,0.0,0.0,0.0,0.0,0.0,0.0,0.0,1.0
14193,0,1,3400,-63,63,43,17,18,1.0,192224.000000,0,27,1.9,0.0,23488.000000,29,0.0,0.0,0.0,1.0
14442,0,1,3400,-63,63,39,19,18,1.1,174560.000000,0,27,0.0,0.0,0.0,0.0,0.0,0.0,0.0,1.0
14691,0,1,3400,-63,63,38,18,19,1.1,178496.000000,0,27,0.0,0.0,0.0,0.0,0.0,0.0,0.0,1.0
14940,0,1,3400,-63,63,35,18,18,0.93,178144.000000,0,27,0.0,0.0,0.0,0.0,0.0,0.0,0.0,1.0
15189,0,1,3400,-63,63,30,16,19,0.88,122624.000000,0,27,1.1,0.0,28704.000000,21,0.0,0.0,0.0,1.0
15438,0,1,3400,-63,63,28,10,19,0.77,79839.359375,2,27,4.5,0.0,0.0,0.0,0.0,0.0,0.0,1.0
15687,0,1,3400,-63,63,31,20,19,1.7,113888.000000,27,27,4.4,0.0,0.0,0.0,0.0,0.0,0.0,1.0
15936,0,1,3400,-63,63,29,18,18,1.0,133248.000000,0,27,4.5,0.0,0.0,0.0,0.0,0.0,0.0,1.0
16185,0,1,3400,-63,63,35,20,18,1.8,86880.000000,41,27,3.5,0.0,18144.000000,5,0.0,0.0,0.0,1.0
16434,0,1,3400,-63,63,38,19,19,2.2,73376.000000,41,27,0.76,0.0,9376.000000,0,0.0,0.0,0.0,1.0
16683,0,1,3400,-63,63,37,18,18,0.99,186528.000000,1,27,4.5,0.0,0.0,0.0,0.0,0.0,0.0,1.0
16932,0,1,3400,-63,63,36,18,19,0.92,134080.000000,0,27,3.8,0.0,7200.000000,0,0.0,0.0,0.0,1.0
17181,0,1,3400,-63,63,32,11,18,0.71,86592.000000,0,27,5.0,0.0,37952.000000,27,0.0,0.0,0.0,1.0
17430,0,1,3400,-63,63,31,16,18,1.3,143745.015625,10,27,12,0.0,0.0,0.0,0.0,0.0,0.0,1.0
17679,0,1,3400,-63,63,34,21,19,1.9,108928.000000,34,27,12,0.0,0.0,0.0,0.0,0.0,0.0,1.0
17928,0,1,3400,-63,63,37,17,19,0.90,159168.000000,0,27,12,0.0,0.0,0.0,0.0,0.0,0.0,1.0
18177,0,1,3400,-63,63,44,19,18,1.4,135552.000000,17,27,11,0.0,23456.000000,44,0.0,0.0,0.0,1.0
18426,0,1,3400,-63,63,45,26,19,3.5,21152.000000,82,27,10,0.0,0.0,0.0,0.0,0.0,0.0,1.0
18675,0,1,3400,-63,63,44,15,18,0.79,132768.000000,0,27,11,0.0,0.0,0.0,0.0,0.0,0.0,1.0
18924,0,1,3400,-63,63,46,18,18,0.95,158592.000000,0,27,6.1,0.0,1568.000000,0,0.0,0.0,0.0,1.0
19173,0,1,3400,-63,63,41,18,18,1.1,202208.000000,0,27,8.1,0.0,16832.000000,44,0.0,0.0,0.0,1.0
19422,0,1,3400,-63,63,37,19,18,1.1,167744.000000,0,27,10,0.0,0.0,0.0,0.0,0.0,0.0,1.0
19671,0,1,3400,-63,63,39,19,18,1.5,133760.000000,19,27,10,0.0,0.0,0.0,0.0,0.0,0.0,1.0
19920,0,1,3400,-63,63,39,19,18,2.1,114624.000000,38,27,10,0.0,0.0,0.0,0.0,0.0,0.0,1.0
20169,0,1,3400,-63,63,39,18,19,1.1,104032.000000,0,27,6.3,0.0,26944.000000,0,0.0,0.0,0.0,1.0
20418,0,1,3400,-63,63,36,18,18,1.1,73184.000000,0,27,0.0,0.0,0.0,0.0,0.0,0.0,0.0,1.0
20667,0,1,3400,-63,63,38,18,18,1.2,167712.000000,2,27,0.0,0.0,0.0,0.0,0.0,0.0,0.0,1.0
20916,0,1,3400,-63,63,45,14,18,1.4,104576.000000,5,27,0.0,0.0,0.0,0.0,0.0,0.0,0.0,1.0
21165,0,1,3400,-63,63,48,18,19,1.1,204032.000000,0,27,2.3,0.0,26176.000000,8,0.0,0.0,0.0,1.0
21414,0,1,3400,-63,63,45,17,18,0.89,152800.000000,0,27,3.4,0.0,0.0,0.0,0.0,0.0,0.0,1.0
21663,0,1,3400,-63,63,45,18,19,1.1,145248.000000,0,27,3.5,0.0,0.0,0.0,0.0,0.0,0.0,1.0
21912,0,1,3400,-63,63,43,18,18,1.0,192896.000000,0,27,3.5,0.0,0.0,0.0,0.0,0.0,0.0,1.0
22161,0,1,3400,-63,63,45,16,18,0.77,185670.687500,0,27,1.9,0.0,23196.787109,9,0.0,0.0,0.0,1.0
22410,0,1,3400,-63,63,46,14,19,0.51,108000.000000,0,27,0.0,0.0,0.0,0.0,0.0,0.0,0.0,1.0
22659,0,1,3400,-63,63,42,15,19,0.77,110592.000000,0,27,0.0,0.0,0.0,0.0,0.0,0.0,0.0,1.0
22908,0,1,3400,-63,63,38,26,19,3.6,26528.000000,84,27,1.5,0.0,4256.000000,0,0.0,0.0,0.0,1.0
23157,0,1,3400,-63,63,40,22,18,2.2,123904.000000,37,27,3.2,0.0,11936.000000,50,0.0,0.0,0.0,1.0
23406,0,1,3400,-63,63,43,9.5,18,0.68,98016.000000,0,27,0.46,0.0,14112.000000,20,0.0,0.0,0.0,1.0
23655,0,1,3400,-63,63,43,15,18,0.82,141920.000000,0,27,0.0,0.0,1568.000000,0,0.0,0.0,0.0,1.0
23904,0,1,3400,-63,63,47,18,18,1.4,156780.875000,2,27,0.0,0.0,0.0,0.0,0.0,0.0,0.0,1.0
24153,0,1,3400,-63,63,53,16,18,0.77,39968.000000,0,27,3.1,0.0,86656.000000,0,0.0,0.0,0.0,1.0
24402,0,1,3400,-63,63,48,12,18,0.77,108736.000000,0,27,6.0,0.0,0.0,0.0,0.0,0.0,0.0,1.0
24651,0,1,3400,-63,63,46,14,18,0.59,112000.000000,0,27,6.0,0.0,0.0,0.0,0.0,0.0,0.0,1.0
24900,0,1,3400,-63,63,50,21,18,2.4,78272.000000,51,27,6.0,0.0,0.0,0.0,0.0,0.0,0.0,1.0
25149,0,1,3400,-63,63,51,14,19,1.0,174720.000000,2,27,9.4,295,0.0,80,0.0,0.0,0.0,1.0
25398,0,1,3400,-63,63,47,19,19,1.2,195168.000000,1,27,9.3,0.0,2464.000000,44,0.0,0.0,0.0,1.0
25647,0,1,3400,-63,63,48,9.2,18,0.72,67968.000000,0,27,7.0,0.0,0.0,0.0,0.0,0.0,0.0,1.0
25896,0,1,3400,-63,63,47,17,19,0.89,169408.000000,0,27,6.3,0.0,1568.000000,0,0.0,0.0,0.0,1.0
26145,0,1,3400,-63,63,41,19,19,1.5,103008.000000,16,27,6.9,0.0,16832.000000,44,0.0,0.0,0.0,1.0
26394,0,1,3400,-63,63,35,22,19,2.3,129472.000000,32,27,10,0.0,0.0,0.0,0.0,0.0,0.0,1.0
26643,0,1,3400,-63,63,34,18,18,0.99,179776.000000,0,27,10,0.0,0.0,0.0,0.0,0.0,0.0,1.0
26892,0,1,3400,-63,63,37,12,18,0.78,88032.000000,0,27,10,0.0,0.0,0.0,0.0,0.0,0.0,1.0
27141,0,1,3400,-63,63,36,16,18,0.89,164800.000000,0,27,7.3,0.0,27840.000000,9,0.0,0.0,0.0,1.0
27390,0,1,3400,-63,63,34,16,19,0.88,151744.000000,0,27,2.7,0.0,5824.000000,0,0.0,0.0,0.0,1.0
27639,0,1,3400,-63,63,35,15,18,0.73,142560.000000,0,27,6.0,0.0,11936.000000,0,0.0,0.0,0.0,1.0
27888,0,1,3400,-63,63,39,18,18,1.1,191968.000000,0,27,4.7,0.0,9376.000000,0,0.0,0.0,0.0,1.0
28137,0,1,3400,-63,63,36,16,18,0.79,122176.000000,0,27,10,0.0,22848.000000,69,0.0,0.0,0.0,1.0
28386,0,1,3400,-63,63,40,16,18,0.71,169895.578125,1,27,15,0.0,0.0,0.0,0.0,0.0,0.0,1.0
28635,0,1,3400,-63,63,42,20,19,1.9,134240.000000,26,27,15,0.0,0.0,0.0,0.0,0.0,0.0,1.0
28884,0,1,3400,-63,63,40,18,18,1.1,183712.000000,0,27,15,0.0,0.0,0.0,0.0,0.0,0.0,1.0
29133,0,1,3400,-63,63,40,14,18,0.69,144256.000000,0,27,8.6,0.0,31392.000000,0,0.0,0.0,0.0,1.0
29382,0,1,3400,-63,63,37,15,18,1.0,101920.000000,17,27,0.0,0.0,0.0,0.0,0.0,0.0,0.0,1.0
29631,0,1,3400,-63,63,33,18,18,1.3,174112.000000,7,27,0.0,0.0,0.0,0.0,0.0,0.0,0.0,1.0
29880,0,1,3400,-63,63,39,17,18,0.86,166976.000000,0,27,0.0,0.0,1568.000000,0,0.0,0.0,0.0,1.0
30129,0,1,3400,-63,63,41,18,18,1.0,161888.000000,0,27,2.2,0.0,15232.000000,33,0.0,0.0,0.0,1.0
30378,0,1,3400,-63,63,43,18,18,1.0,185816.734375,0,27,3.5,0.0,0.0,0.0,0.0,0.0,0.0,1.0
30627,0,1,3400,-63,63,48,15,18,0.75,139584.000000,0,27,3.5,0.0,0.0,0.0,0.0,0.0,0.0,1.0
30876,0,1,3400,-63,63,46,14,18,1.5,74176.000000,25,27,3.2,0.0,1568.000000,0,0.0,0.0,0.0,1.0
31125,0,1,3400,-63,63,50,21,18,2.6,119360.000000,37,27,1.2,0.0,11936.000000,50,0.0,0.0,0.0,1.0
31374,0,1,3400,-63,63,50,16,18,0.99,166560.000000,0,27,0.38,0.0,14112.000000,20,0.0,0.0,0.0,1.0
31623,0,1,3400,-63,63,48,17,18,1.0,158656.000000,1,27,0.0,0.0,0.0,0.0,0.0,0.0,0.0,1.0
31872,0,1,3400,-63,63,49,15,18,0.90,137408.000000,0,27,0.0,0.0,0.0,0.0,0.0,0.0,0.0,1.0
32121,0,1,3400,-63,63,52,17,19,0.81,180512.000000,0,27,3.6,0.0,2144.000000,57,0.0,0.0,0.0,1.0
32370,0,1,3400,-63,63,53,17,18,0.96,171424.000000,0,27,9.0,0.0,0.0,0.0,0.0,0.0,0.0,1.0
32619,0,1,3400,-63,63,52,14,18,0.77,125984.000000,0,27,9.0,0.0,0.0,0.0,0.0,0.0,0.0,1.0
32868,0,1,3400,-63,63,48,17,19,1.4,101856.000000,16,27,8.9,0.0,0.0,0.0,0.0,0.0,0.0,1.0
33117,0,1,3400,-63,63,49,14,18,0.61,131328.000000,0,27,9.2,0.0,47584.000000,23,0.0,0.0,0.0,1.0
33366,0,1,3400,-63,63,56,15,18,0.77,170080.000000,0,27,10,0.0,0.0,0.0,0.0,0.0,0.0,1.0
33615,0,1,3400,-63,63,52,20,18,1.9,97568.000000,41,27,10,0.0,0.0,0.0,0.0,0.0,0.0,1.0
33864,0,1,3400,-63,63,50,20,18,1.9,115904.000000,34,27,10,0.0,0.0,0.0,0.0,0.0,0.0,1.0
34113,0,1,3400,-63,63,48,15,17,0.70,146080.000000,0,27,8.2,0.0,36768.000000,24,0.0,0.0,0.0,1.0
34362,0,1,3400,-63,63,47,16,18,0.79,138080.000000,0,27,7.0,0.0,0.0,0.0,0.0,0.0,0.0,1.0
34611,0,1,3400,-63,63,45,19,18,1.4,160160.000000,6,27,7.0,0.0,0.0,0.0,0.0,0.0,0.0,1.0
34860,0,1,3400,-63,63,46,15,18,0.65,171008.000000,0,27,1.8,0.0,1568.000000,0,0.0,0.0,0.0,1.0
35109,0,1,3400,-63,63,50,17,19,0.94,166650.609375,1,27,5.2,0.0,9991.967773,57,0.0,0.0,0.0,1.0
35358,0,1,3400,-63,63,52,18,19,0.99,195168.000000,0,27,8.9,0.0,0.0,0.0,0.0,0.0,0.0,1.0
35607,0,1,3400,-63,63,52,24,19,2.7,80896.000000,52,27,9.0,0.0,0.0,0.0,0.0,0.0,0.0,1.0
35856,0,1,3400,-63,63,50,22,19,2.3,90048.000000,0,27,9.0,0.0,0.0,0.0,0.0,0.0,0.0,1.0
36105,0,1,3400,-63,63,52,16,18,0.91,161472.000000,0,27,10,0.0,20320.000000,63,0.0,0.0,0.0,1.0
36354,0,1,3400,-63,63,51,17,18,0.81,159168.000000,0,27,12,0.0,0.0,0.0,0.0,0.0,0.0,1.0
36603,0,1,3400,-63,63,48,13,18,0.57,70816.000000,0,27,12,0.0,0.0,0.0,0.0,0.0,0.0,1.0
36852,0,1,3400,-63,63,48,13,18,0.68,119362.546875,0,27,12,0.0,0.0,0.0,0.0,0.0,0.0,1.0
37101,0,1,3400,-63,63,47,12,18,0.66,127488.000000,0,27,7.9,0.0,59488.000000,30,0.0,0.0,0.0,1.0
37350,0,1,3400,-63,63,46,15,18,0.76,151840.000000,0,27,7.0,0.0,0.0,0.0,0.0,0.0,0.0,1.0
37599,0,1,3400,-63,63,49,17,18,0.96,142528.000000,0,27,7.0,0.0,0.0,0.0,0.0,0.0,0.0,1.0
37848,0,1,3400,-63,63,49,12,18,0.74,88768.000000,0,27,7.0,0.0,0.0,0.0,0.0,0.0,0.0,1.0
38097,0,1,3400,-63,63,51,16,19,0.80,140576.000000,1,27,9.9,0.0,23104.000000,61,0.0,0.0,0.0,1.0
38346,0,1,3400,-63,63,51,24,18,3.1,42848.000000,77,27,7.2,0.0,1568.000000,0,0.0,0.0,0.0,1.0
38595,0,1,3400,-63,63,46,19,18,2.0,88960.000000,36,27,6.0,0.0,0.0,0.0,0.0,0.0,0.0,1.0
38844,0,1,3400,-63,63,48,16,18,0.83,161952.000000,0,27,6.0,0.0,0.0,0.0,0.0,0.0,0.0,1.0
39093,0,1,3400,-63,63,56,18,19,1.0,176576.000000,0,27,1.8,0.0,22112.000000,0,0.0,0.0,0.0,1.0
39342,0,1,3400,-63,63,59,16,18,0.71,98112.000000,0,27,0.0,0.0,0.0,0.0,0.0,0.0,0.0,1.0
39591,0,1,3400,-63,63,63,18,18,1.0,0.0,0.0,27,0.0,0.0,0.0,0.0,0.0,0.0,0.0,1.0
39840,0,1,3400,-63,63,68,18,18,1.0,22752.000000,0,27,0.0,0.0,0.0,0.0,0.0,0.0,0.0,1.0
40089,0,1,3400,-63,63,68,16,19,0.76,136896.000000,0,27,6.7,0.0,12512.000000,57,0.0,0.0,0.0,1.0
40338,0,1,3400,-63,63,58,17,18,0.89,143392.000000,2,27,9.0,0.0,0.0,0.0,0.0,0.0,0.0,1.0
40587,0,1,3400,-63,63,55,18,18,1.4,147072.000000,16,27,9.0,0.0,0.0,0.0,0.0,0.0,0.0,1.0
40836,0,1,3400,-63,63,53,19,18,1.8,122528.000000,29,27,9.0,0.0,0.0,0.0,0.0,0.0,0.0,1.0
41085,0,1,3400,-63,63,53,18,19,1.1,170624.000000,1,27,7.2,0.0,27392.000000,17,0.0,0.0,0.0,1.0
41334,0,1,3400,-63,63,54,17,18,0.86,186634.531250,0,27,6.0,0.0,0.0,0.0,0.0,0.0,0.0,1.0
41583,0,1,3400,-63,63,51,18,18,1.0,163328.000000,0,27,6.0,0.0,0.0,0.0,0.0,0.0,0.0,1.0
41832,0,1,3400,-63,63,50,18,19,1.1,146432.000000,9,27,6.0,0.0,1568.000000,0,0.0,0.0,0.0,1.0
42081,0,1,3400,-63,63,53,25,19,3.1,77024.000000,64,27,6.0,0.0,0.0,0.0,0.0,0.0,0.0,1.0
42330,0,1,3400,-63,63,55,10,18,1.6,25280.000000,32,27,6.0,0.0,0.0,0.0,0.0,0.0,0.0,1.0
42579,0,1,3400,-63,63,59,15,19,0.74,153696.000000,0,27,5.1,295,0.0,80,0.0,0.0,0.0,1.0
42828,0,1,3400,-63,63,58,17,18,0.98,175392.000000,0,27,4.2,0.0,8736.000000,0,0.0,0.0,0.0,1.0
43077,0,1,3400,-63,63,53,15,18,1.6,62944.000000,39,27,0.0,0.0,9632.000000,0,0.0,0.0,0.0,1.0
43326,0,1,3400,-63,63,49,17,18,1.5,111872.000000,16,27,1.3,0.0,59232.000000,24,0.0,0.0,0.0,1.0
43575,0,1,3400,-63,63,50,14,18,0.64,66262.945312,0,27,9.5,0.0,7171.314941,75,0.0,0.0,0.0,1.0
43824,0,1,3400,-63,63,51,18,18,1.0,184704.000000,0,27,6.1,0.0,1568.000000,0,0.0,0.0,0.0,1.0
44073,0,1,3400,-63,63,49,14,19,0.85,145952.000000,0,27,8.5,0.0,59680.000000,31,0.0,0.0,0.0,1.0
44322,0,1,3400,-63,63,49,16,18,0.78,172864.000000,0,27,13,0.0,0.0,0.0,0.0,0.0,0.0,1.0
44571,0,1,3400,-63,63,51,16,19,0.80,158176.000000,0,27,12,0.0,0.0,0.0,0.0,0.0,0.0,1.0
44820,0,1,3400,-63,63,51,15,19,0.75,117248.000000,2,27,12,0.0,0.0,0.0,0.0,0.0,0.0,1.0
45069,0,1,3400,-63,63,49,23,18,2.6,62752.000000,56,27,11,0.0,15680.000000,29,0.0,0.0,0.0,1.0
45318,0,1,3400,-63,63,48,16,18,1.5,101728.000000,24,27,0.096,0.0,0.0,0.0,0.0,0.0,0.0,1.0
45567,0,1,3400,-63,63,51,17,19,0.85,162944.000000,0,27,0.048,0.0,0.0,0.0,0.0,0.0,0.0,1.0
45816,0,1,3400,-63,63,44,17,18,0.94,154400.000000,0,27,0.0,0.0,0.0,0.0,0.0,0.0,0.0,1.0
46065,0,1,3400,-63,63,42,17,18,1.0,124704.000000,7,27,0.56,0.0,2144.000000,40,0.0,0.0,0.0,1.0
46314,0,1,3400,-63,63,50,14,18,0.62,98016.000000,0,27,5.3,0.0,1568.000000,67,0.0,0.0,0.0,1.0
46563,0,1,3400,-63,63,58,18,18,1.2,187328.000000,0,27,4.6,0.0,0.0,0.0,0.0,0.0,0.0,1.0
46812,0,1,3400,-63,63,54,17,19,1.1,140736.000000,0,27,4.5,0.0,0.0,0.0,0.0,0.0,0.0,1.0
47061,0,1,3400,-63,63,55,18,18,1.8,113760.000000,34,27,4.5,581,0.0,0.0,0.0,0.0,0.0,1.0
47310,0,1,3400,-63,63,54,16,18,0.79,181472.000000,0,27,1.6,0.0,27776.000000,24,0.0,0.0,0.0,1.0
47559,0,1,3400,-63,63,50,17,18,1.4,123936.000000,11,27,0.0,0.0,0.0,0.0,0.0,0.0,0.0,1.0
47808,0,1,3400,-63,63,48,18,18,1.0,161952.000000,0,27,0.0,0.0,0.0,0.0,0.0,0.0,0.0,1.0
48057,0,1,3400,-63,63,44,17,18,0.91,152192.765625,0,27,0.048,0.0,28562.248047,3,0.0,0.0,0.0,1.0
48306,0,1,3400,-63,63,48,18,18,1.0,134912.000000,0,27,0.0,0.0,0.0,0.0,0.0,0.0,0.0,1.0
48555,0,1,3400,-63,63,53,18,19,1.2,156640.000000,0,27,3.1,0.0,10944.000000,0,0.0,0.0,0.0,1.0
48804,0,1,3400,-63,63,53,18,18,1.1,165440.000000,0,27,4.5,0.0,0.0,0.0,0.0,0.0,0.0,1.0
49053,0,1,3400,-63,63,51,20,18,2.4,56480.000000,43,27,4.6,0.0,0.0,0.0,0.0,0.0,0.0,1.0
49302,0,1,3400,-63,63,50,17,18,0.86,138752.000000,0,27,6.5,215,0.0,80,0.0,0.0,0.0,1.0
49551,0,1,3400,-63,63,50,18,18,1.1,167232.000000,0,27,10,215,0.0,0.0,0.0,0.0,0.0,1.0
49800,0,1,3400,-63,63,51,16,19,0.76,149792.000000,0,27,1.9,0.0,9344.000000,21,0.0,0.0,0.0,1.0
50049,0,1,3400,-63,63,48,18,19,0.94,181418.328125,0,27,0.25,0.0,44207.171875,5,0.0,0.0,0.0,1.0
50298,0,1,3400,-63,63,44,18,19,1.1,208256.000000,0,27,0.0,0.0,0.0,0.0,0.0,0.0,0.0,1.0
50547,0,1,3400,-63,63,45,17,18,1.0,157376.000000,0,27,2.0,0.0,8768.000000,0,0.0,0.0,0.0,1.0
50796,0,1,3400,-63,63,52,15,18,0.60,133792.000000,0,27,3.5,0.0,0.0,0.0,0.0,0.0,0.0,1.0
51045,0,1,3400,-63,63,57,19,18,1.4,146336.000000,18,27,5.0,363,0.0,80,0.0,0.0,0.0,1.0
51294,0,1,3400,-63,63,55,18,18,1.1,201664.000000,1,27,5.7,0.0,22976.000000,21,0.0,0.0,0.0,1.0
51543,0,1,3400,-63,63,51,18,18,2.3,24288.000000,50,27,0.75,0.0,7840.000000,40,0.0,0.0,0.0,1.0
51792,0,1,3400,-63,63,56,16,18,0.81,157248.000000,0,27,0.24,0.0,0.0,0.0,0.0,0.0,0.0,1.0
52041,0,1,3400,-63,63,56,17,19,0.86,154752.000000,0,27,2.3,0.0,2144.000000,57,0.0,0.0,0.0,1.0
52290,0,1,3400,-63,63,53,18,18,1.2,163520.000000,0,27,9.0,0.0,0.0,0.0,0.0,0.0,0.0,1.0
52539,0,1,3400,-63,63,53,18,18,1.1,156256.000000,0,27,5.7,0.0,3136.000000,0,0.0,0.0,0.0,1.0
52788,0,1,3400,-63,63,57,17,18,0.91,175552.000000,0,27,5.2,0.0,15200.000000,14,0.0,0.0,0.0,1.0
53037,0,1,3400,-63,63,59,16,18,0.83,148768.000000,0,27,3.6,0.0,38016.000000,0,0.0,0.0,0.0,1.0
53286,0,1,3400,-63,63,60,18,18,1.3,153376.000000,0,27,3.5,0.0,0.0,0.0,0.0,0.0,0.0,1.0
53535,0,1,3400,-63,63,58,18,18,1.7,40960.000000,0,27,3.7,0.0,0.0,0.0,0.0,0.0,0.0,1.0
53784,0,1,3400,-63,63,51,18,18,1.8,0.0,0.0,27,3.6,0.0,0.0,0.0,0.0,0.0,0.0,1.0
54033,0,1,3400,-63,63,47,11,19,0.82,75296.000000,0,27,5.3,215,0.0,80,0.0,0.0,0.0,1.0
54282,0,1,3400,-63,63,51,15,18,1.0,143488.000000,0,27,9.5,215,0.0,0.0,0.0,0.0,0.0,1.0
54531,0,1,3400,-63,63,55,18,18,1.4,151421.687500,16,27,11,0.0,89092.367188,42,0.0,0.0,0.0,1.0
54780,0,1,3400,-63,63,55,19,18,1.2,180096.000000,0,27,12,0.0,0.0,0.0,0.0,0.0,0.0,1.0
55029,0,1,3400,-63,63,54,19,18,1.3,135872.000000,22,27,8.4,0.0,13440.000000,18,0.0,0.0,0.0,1.0
55278,0,1,3400,-63,63,58,24,19,2.9,83008.000000,57,27,6.0,0.0,0.0,0.0,0.0,0.0,0.0,1.0
55527,0,1,3400,-63,63,55,16,19,0.82,157216.000000,0,27,6.0,0.0,0.0,0.0,0.0,0.0,0.0,1.0
55776,0,1,3400,-63,63,48,18,18,0.98,168544.000000,0,27,6.0,0.0,0.0,0.0,0.0,0.0,0.0,1.0
56025,0,1,3400,-63,63,52,12,18,0.59,111168.000000,0,27,5.9,0.0,13440.000000,18,0.0,0.0,0.0,1.0
56274,0,1,3400,-63,63,53,10,18,0.74,106816.000000,0,27,6.0,0.0,0.0,0.0,0.0,0.0,0.0,1.0
56523,0,1,3400,-63,63,50,13,19,0.91,104095.617188,0,27,6.0,0.0,0.0,0.0,0.0,0.0,0.0,1.0
56772,0,1,3400,-63,63,49,20,19,1.6,142752.000000,15,27,6.0,0.0,0.0,0.0,0.0,0.0,0.0,1.0
57021,0,1,3400,-63,63,49,15,19,1.0,92512.000000,0,27,4.9,0.0,35584.000000,12,0.0,0.0,0.0,1.0
57270,0,1,3400,-63,63,53,13,18,1.2,86656.000000,18,27,4.6,0.0,0.0,0,0.0,0.0,0.0,1.0
57519,0,1,3400,-63,63,53,22,18,2.4,101536.000000,47,27,0.048,0.0,1568.000000,0,0.0,0.0,0.0,1.0
57768,0,1,3400,-63,63,53,16,18,0.75,159136.000000,0,27,0.0,0.0,0.0,0.0,0.0,0.0,0.0,1.0
58017,0,1,3400,-63,63,55,10,17,0.63,93312.000000,0,27,8.5,0.0,101600.000000,17,0.0,0.0,0.0,1.0
58266,0,1,3400,-63,63,50,16,18,0.73,154272.000000,0,27,12,0.0,0.0,0.0,0.0,0.0,0.0,1.0
58515,0,1,3400,-63,63,43,18,18,1.4,138272.000000,13,27,12,0.0,0.0,0.0,0.0,0.0,0.0,1.0
58764,0,1,3400,-63,63,45,21,18,2.0,124320.000000,22,27,12,0.0,0.0,0.0,0.0,0.0,0.0,1.0
59013,0,1,3400,-63,63,51,17,18,0.92,174560.000000,0,27,7.7,0.0,14464.000000,25,0.0,0.0,0.0,1.0
59262,0,1,3400,-63,63,54,16,18,0.75,160640.000000,0,27,0.0,0.0,0.0,0.0,0.0,0.0,0.0,1.0
59511,0,1,3400,-63,63,53,18,18,1.1,184160.000000,1,27,0.096,0.0,0.0,0.0,0.0,0.0,0.0,1.0
59760,0,1,3400,-63,63,52,17,19,0.85,121536.000000,0,27,0.048,0.0,0.0,0.0,0.0,0.0,0.0,1.0
60009,0,1,3400,-63,63,53,18,18,1.2,130112.000000,13,27,0.096,581,0.0,0.0,0.0,0.0,0.0,1.0
60258,0,1,3400,-63,63,55,18,18,1.1,188608.000000,0,27,10,0.0,30240.000000,44,0.0,0.0,0.0,1.0
60507,0,1,3400,-63,63,53,18,18,0.97,157590.359375,0,27,11,0.0,0.0,0.0,0.0,0.0,0.0,1.0
60756,0,1,3400,-63,63,57,18,18,1.00,150304.000000,0,27,12,0.0,0.0,0.0,0.0,0.0,0.0,1.0
61005,0,1,3400,-63,63,62,18,19,1.0,0.0,0.0,27,12,0.0,0.0,0.0,0.0,0.0,0.0,1.0
61254,0,1,3400,-63,63,63,18,19,1.0,0.0,0.0,27,12,0.0,0.0,0.0,0.0,0.0,0.0,1.0
61503,0,1,3400,-63,63,58,18,19,1.0,0.0,0.0,27,12,0.0,0.0,0.0,0.0,0.0,0.0,1.0
61752,0,1,3400,-63,63,55,18,18,1.00,0.0,0.0,27,11,0.0,0.0,0.0,0.0,0.0,0.0,1.0
62001,0,1,3400,-63,63,55,18,19,1.0,0.0,0.0,27,12,0.0,0.0,0.0,0.0,0.0,0.0,1.0
62250,0,1,3400,-63,63,55,18,18,1.0,0.0,0.0,27,12,0.0,0.0,0.0,0.0,0.0,0.0,1.0
62499,0,1,3400,-63,63,57,18,18,1.0,0.0,0.0,27,12,0.0,0.0,0.0,0.0,0.0,0.0,1.0
62748,0,1,3400,-63,63,55,18,18,1.0,0.0,0.0,27,12,0.0,0.0,0.0,0.0,0.0,0.0,1.0
62997,0,1,3400,-63,63,55,18,17,1.0,0.0,0.0,27,12,0.0,0.0,0.0,0.0,0.0,0.0,1.0
63246,0,1,3400,-63,63,52,18,18,1.0,0.0,0.0,27,12,0.0,0.0,0.0,0.0,0.0,0.0,1.0
63495,0,1,3400,-63,63,53,18,18,1.0,0.0,0.0,27,12,0.0,0.0,0.0,0.0,0.0,0.0,1.0
63744,0,1,3400,-63,63,53,18,18,1.0,0.0,0.0,27,12,0.0,0.0,0.0,0.0,0.0,0.0,1.0
63993,0,1,3400,-63,63,50,18,18,1.0,0.0,0.0,27,12,0.0,0.0,0.0,0.0,0.0,0.0,1.0
64242,0,1,3400,-63,63,54,18,18,1.0,0.0,0.0,27,12,0.0,0.0,0.0,0.0,0.0,0.0,1.0
64491,0,1,3400,-63,63,58,18,18,1.00,0.0,0.0,27,11,0.0,0.0,0.0,0.0,0.0,0.0,1.0
64740,0,1,3400,-63,63,56,18,19,1.0,0.0,0.0,27,12,0.0,0.0,0.0,0.0,0.0,0.0,1.0
64989,0,1,3400,-63,63,54,18,18,1.0,0.0,0.0,27,12,0.0,0.0,0.0,0.0,0.0,0.0,1.0
65238,0,1,3400,-63,63,54,18,18,1.00,0.0,0.0,27,11,0.0,0.0,0.0,0.0,0.0,0.0,1.0
65487,0,1,3400,-63,63,52,18,18,1.0,0.0,0.0,27,12,0.0,0.0,0.0,0.0,0.0,0.0,1.0
65736,0,1,3400,-63,63,58,18,18,1.0,0.0,0.0,27,12,0.0,0.0,0.0,0.0,0.0,0.0,1.0
65985,0,1,3400,-63,63,52,18,18,1.00,0.0,0.0,27,11,0.0,0.0,0.0,0.0,0.0,0.0,1.0
66234,0,1,3400,-63,63,53,18,18,1.0,0.0,0.0,27,12,0.0,0.0,0.0,0.0,0.0,0.0,1.0
66483,0,1,3400,-63,63,61,18,18,1.0,0.0,0.0,27,12,0.0,0.0,0.0,0.0,0.0,0.0,1.0
66732,0,1,3400,-63,63,66,18,18,1.0,0.0,0.0,27,12,0.0,0.0,0.0,0.0,0.0,0.0,1.0
66981,0,1,3400,-63,63,61,18,18,1.0,0.0,0.0,27,12,0.0,0.0,0.0,0.0,0.0,0.0,1.0
67230,0,1,3400,-63,63,60,18,18,1.0,0.0,0.0,27,12,0.0,0.0,0.0,0.0,0.0,0.0,1.0
67479,0,1,3400,-63,63,60,18,18,1.0,0.0,0.0,27,12,0.0,0.0,0.0,0.0,0.0,0.0,1.0
67728,0,1,3400,-63,63,55,18,18,1.0,0.0,0.0,27,12,0.0,0.0,0.0,0.0,0.0,0.0,1.0
67977,0,1,3400,-63,63,44,18,17,1.0,0.0,0.0,27,12,0.0,0.0,0.0,0.0,0.0,0.0,1.0
68226,0,1,3400,-63,63,46,18,18,1.0,0.0,0.0,27,12,0.0,0.0,0.0,0.0,0.0,0.0,1.0
68475,0,1,3400,-63,63,56,18,18,1.0,0.0,0.0,27,12,0.0,0.0,0.0,0.0,0.0,0.0,1.0
68724,0,1,3400,-63,63,64,18,18,1.0,0.0,0.0,27,12,0.0,0.0,0.0,0.0,0.0,0.0,1.0
68973,0,1,3400,-63,63,65,18,19,1.0,0.0,0.0,27,12,0.0,0.0,0.0,0.0,0.0,0.0,1.0
69222,0,1,3400,-63,63,61,18,18,1.0,0.0,0.0,27,12,0.0,0.0,0.0,0.0,0.0,0.0,1.0
69471,0,1,3400,-63,63,65,18,18,1.00,0.0,0.0,27,11,0.0,0.0,0.0,0.0,0.0,0.0,1.0
69720,0,1,3400,-63,63,67,18,19,1.0,0.0,0.0,27,12,0.0,0.0,0.0,0.0,0.0,0.0,1.0
69969,0,1,3400,-63,63,63,18,18,1.0,0.0,0.0,27,12,0.0,0.0,0.0,0.0,0.0,0.0,1.0
70218,0,1,3400,-63,63,63,18,18,1.0,0.0,0.0,27,12,0.0,0.0,0.0,0.0,0.0,0.0,1.0
70467,0,1,3400,-63,63,56,18,18,1.0,0.0,0.0,27,12,0.0,0.0,0.0,0.0,0.0,0.0,1.0
70716,0,1,3400,-63,63,52,18,18,1.00,0.0,0.0,27,11,0.0,0.0,0.0,0.0,0.0,0.0,1.0
70965,0,1,3400,-63,63,57,18,18,1.0,0.0,0.0,27,12,0.0,0.0,0.0,0.0,0.0,0.0,1.0
71214,0,1,3400,-63,63,53,18,17,1.00,0.0,0.0,27,11,0.0,0.0,0.0,0.0,0.0,0.0,1.0
71463,0,1,3400,-63,63,49,18,18,1.0,0.0,0.0,27,12,0.0,0.0,0.0,0.0,0.0,0.0,1.0
71712,0,1,3400,-63,63,50,18,18,1.0,0.0,0.0,27,12,0.0,0.0,0.0,0.0,0.0,0.0,1.0
71961,0,1,3400,-63,63,49,18,18,1.00,0.0,0.0,27,11,0.0,0.0,0.0,0.0,0.0,0.0,1.0
72210,0,1,3400,-63,63,53,18,18,1.0,0.0,0.0,27,12,0.0,0.0,0.0,0.0,0.0,0.0,1.0
72459,0,1,3400,-63,63,56,18,18,1.0,0.0,0.0,27,12,0.0,0.0,0.0,0.0,0.0,0.0,1.0
72708,0,1,3400,-63,63,63,18,19,1.0,0.0,0.0,27,12,0.0,0.0,0.0,0.0,0.0,0.0,1.0
72957,0,1,3400,-63,63,64,18,19,1.0,0.0,0.0,27,12,0.0,0.0,0.0,0.0,0.0,0.0,1.0
73206,0,1,3400,-63,63,64,18,18,1.0,0.0,0.0,27,12,0.0,0.0,0.0,0.0,0.0,0.0,1.0
73455,0,1,3400,-63,63,57,18,18,1.0,0.0,0.0,27,12,0.0,0.0,0.0,0.0,0.0,0.0,1.0
73704,0,1,3400,-63,63,62,18,18,1.0,0.0,0.0,27,12,0.0,0.0,0.0,0.0,0.0,0.0,1.0
73953,0,1,3400,-63,63,63,18,17,1.0,0.0,0.0,27,12,0.0,0.0,0.0,0.0,0.0,0.0,1.0
74202,0,1,3400,-63,63,58,18,18,1.0,0.0,0.0,27,12,0.0,0.0,0.0,0.0,0.0,0.0,1.0
74451,0,1,3400,-63,63,58,18,18,1.0,0.0,0.0,27,12,0.0,0.0,0.0,0.0,0.0,0.0,1.0
74700,0,1,3400,-63,63,60,18,18,1.0,0.0,0.0,27,12,0.0,0.0,0.0,0.0,0.0,0.0,1.0
74949,0,1,3400,-63,63,58,18,18,1.0,0.0,0.0,27,12,0.0,0.0,0.0,0.0,0.0,0.0,1.0
75198,0,1,3400,-63,63,59,18,19,1.0,0.0,0.0,27,12,0.0,0.0,0.0,0.0,0.0,0.0,1.0
75447,0,1,3400,-63,63,60,18,18,1.0,0.0,0.0,27,12,0.0,0.0,0.0,0.0,0.0,0.0,1.0
75696,0,1,3400,-63,63,56,18,18,1.0,0.0,0.0,27,12,0.0,0.0,0.0,0.0,0.0,0.0,1.0
75945,0,1,3400,-63,63,57,18,18,1.0,0.0,0.0,27,12,0.0,0.0,0.0,0.0,0.0,0.0,1.0
76194,0,1,3400,-63,63,57,18,18,1.0,0.0,0.0,27,12,0.0,0.0,0.0,0.0,0.0,0.0,1.0
76443,0,1,3400,-63,63,54,18,18,1.0,0.0,0.0,27,12,0.0,0.0,0.0,0.0,0.0,0.0,1.0
76692,0,1,3400,-63,63,50,18,19,1.0,0.0,0.0,27,12,0.0,0.0,0.0,0.0,0.0,0.0,1.0
76941,0,1,3400,-63,63,50,18,18,1.0,0.0,0.0,27,12,0.0,0.0,0.0,0.0,0.0,0.0,1.0
77190,0,1,3400,-63,63,53,18,18,1.0,0.0,0.0,27,12,0.0,0.0,0.0,0.0,0.0,0.0,1.0
77439,0,1,3400,-63,63,55,18,18,1.0,0.0,0.0,27,12,0.0,0.0,0.0,0.0,0.0,0.0,1.0
77688,0,1,3400,-63,63,55,18,18,1.00,0.0,0.0,27,11,0.0,0.0,0.0,0.0,0.0,0.0,1.0
77937,0,1,3400,-63,63,48,18,18,1.0,0.0,0.0,27,12,0.0,0.0,0.0,0.0,0.0,0.0,1.0
78186,0,1,3400,-63,63,45,18,18,1.0,0.0,0.0,27,12,0.0,0.0,0.0,0.0,0.0,0.0,1.0
78435,0,1,3400,-63,63,53,18,19,1.00,0.0,0.0,27,11,0.0,0.0,0.0,0.0,0.0,0.0,1.0
78684,0,1,3400,-63,63,54,18,17,1.0,0.0,0.0,27,12,0.0,0.0,0.0,0.0,0.0,0.0,1.0
78933,0,1,3400,-63,63,51,18,18,1.0,0.0,0.0,27,12,0.0,0.0,0.0,0.0,0.0,0.0,1.0
79182,0,1,3400,-63,63,49,18,18,1.0,0.0,0.0,27,12,0.0,0.0,0.0,0.0,0.0,0.0,1.0
79431,0,1,3400,-63,63,55,18,18,1.0,0.0,0.0,27,12,0.0,0.0,0.0,0.0,0.0,0.0,1.0
79680,0,1,3400,-63,63,50,18,18,1.0,0.0,0.0,27,12,0.0,0.0,0.0,0.0,0.0,0.0,1.0
79929,0,1,3400,-63,63,51,18,18,1.0,0.0,0.0,27,12,0.0,0.0,0.0,0.0,0.0,0.0,1.0
80178,0,1,3400,-63,63,52,18,18,1.0,0.0,0.0,27,12,0.0,0.0,0.0,0.0,0.0,0.0,1.0
80427,0,1,3400,-63,63,49,18,19,1.0,0.0,0.0,27,12,0.0,0.0,0.0,0.0,0.0,0.0,1.0
80676,0,1,3400,-63,63,55,18,18,1.0,0.0,0.0,27,12,0.0,0.0,0.0,0.0,0.0,0.0,1.0
80925,0,1,3400,-63,63,58,18,19,1.0,0.0,0.0,27,12,0.0,0.0,0.0,0.0,0.0,0.0,1.0
81174,0,1,3400,-63,63,57,18,17,1.0,0.0,0.0,27,12,0.0,0.0,0.0,0.0,0.0,0.0,1.0
81423,0,1,3400,-63,63,51,18,18,1.0,0.0,0.0,27,12,0.0,0.0,0.0,0.0,0.0,0.0,1.0
81672,0,1,3400,-63,63,53,18,18,1.0,0.0,0.0,27,12,0.0,0.0,0.0,0.0,0.0,0.0,1.0
81921,0,1,3400,-63,63,60,18,18,1.00,0.0,0.0,27,11,0.0,0.0,0.0,0.0,0.0,0.0,1.0
82170,0,1,3400,-63,63,63,18,18,1.0,0.0,0.0,27,12,0.0,0.0,0.0,0.0,0.0,0.0,1.0
82419,0,1,3400,-63,63,59,18,18,1.0,0.0,0.0,27,12,0.0,0.0,0.0,0.0,0.0,0.0,1.0
82668,0,1,3400,-63,63,59,18,17,1.0,0.0,0.0,27,12,0.0,0.0,0.0,0.0,0.0,0.0,1.0
82917,0,1,3400,-63,63,61,18,18,1.00,0.0,0.0,27,11,0.0,0.0,0.0,0.0,0.0,0.0,1.0
83166,0,1,3400,-63,63,62,18,18,1.0,0.0,0.0,27,12,0.0,0.0,0.0,0.0,0.0,0.0,1.0
83415,0,1,3400,-63,63,61,18,18,1.0,0.0,0.0,27,12,0.0,0.0,0.0,0.0,0.0,0.0,1.0
83664,0,1,3400,-63,63,60,18,18,1.0,0.0,0.0,27,12,0.0,0.0,0.0,0.0,0.0,0.0,1.0
83913,0,1,3400,-63,63,59,18,18,1.0,0.0,0.0,27,12,0.0,0.0,0.0,0.0,0.0,0.0,1.0
84162,0,1,3400,-63,63,55,18,18,1.00,0.0,0.0,27,11,0.0,0.0,0.0,0.0,0.0,0.0,1.0
84411,0,1,3400,-63,63,55,18,18,1.0,0.0,0.0,27,12,0.0,0.0,0.0,0.0,0.0,0.0,1.0
84660,0,1,3400,-63,63,60,18,18,1.0,0.0,0.0,27,12,0.0,0.0,0.0,0.0,0.0,0.0,1.0
84909,0,1,3400,-63,63,60,18,18,1.0,0.0,0.0,27,12,0.0,0.0,0.0,0.0,0.0,0.0,1.0
85158,0,1,3400,-63,63,65,18,18,1.00,0.0,0.0,27,11,0.0,0.0,0.0,0.0,0.0,0.0,1.0
85407,0,1,3400,-63,63,66,18,18,1.0,0.0,0.0,27,12,0.0,0.0,0.0,0.0,0.0,0.0,1.0
85656,0,1,3400,-63,63,67,18,18,1.0,0.0,0.0,27,12,0.0,0.0,0.0,0.0,0.0,0.0,1.0
85905,0,1,3400,-63,63,69,18,18,1.0,0.0,0.0,27,12,0.0,0.0,0.0,0.0,0.0,0.0,1.0
86154,0,1,3400,-63,63,71,18,18,1.0,0.0,0.0,27,12,0.0,0.0,0.0,0.0,0.0,0.0,1.0
86403,0,1,3400,-63,63,65,18,18,1.0,0.0,0.0,27,12,0.0,0.0,0.0,0.0,0.0,0.0,1.0
86652,0,1,3400,-63,63,59,18,18,1.0,0.0,0.0,27,12,0.0,0.0,0.0,0.0,0.0,0.0,1.0
86901,0,1,3400,-63,63,56,18,18,1.0,0.0,0.0,27,12,0.0,0.0,0.0,0.0,0.0,0.0,1.0
87150,0,1,3400,-63,63,57,18,17,1.0,0.0,0.0,27,12,0.0,0.0,0.0,0.0,0.0,0.0,1.0
87399,0,1,3400,-63,63,58,18,18,1.0,0.0,0.0,27,12,0.0,0.0,0.0,0.0,0.0,0.0,1.0
87648,0,1,3400,-63,63,57,18,18,1.0,0.0,0.0,27,12,0.0,0.0,0.0,0.0,0.0,0.0,1.0
87897,0,1,3400,-63,63,52,18,18,1.0,0.0,0.0,27,12,0.0,0.0,0.0,0.0,0.0,0.0,1.0
88146,0,1,3400,-63,63,54,18,18,1.0,0.0,0.0,27,12,0.0,0.0,0.0,0.0,0.0,0.0,1.0
88395,0,1,3400,-63,63,57,18,19,1.0,0.0,0.0,27,12,0.0,0.0,0.0,0.0,0.0,0.0,1.0
88644,0,1,3400,-63,63,55,18,18,1.0,0.0,0.0,27,12,0.0,0.0,0.0,0.0,0.0,0.0,1.0
88893,0,1,3400,-63,63,55,18,18,1.0,0.0,0.0,27,12,0.0,0.0,0.0,0.0,0.0,0.0,1.0
89142,0,1,3400,-63,63,55,18,18,1.0,0.0,0.0,27,12,0.0,0.0,0.0,0.0,0.0,0.0,1.0
89391,0,1,3400,-63,63,60,18,18,1.0,0.0,0.0,27,12,0.0,0.0,0.0,0.0,0.0,0.0,1.0
89640,0,1,3400,-63,63,61,18,18,1.0,0.0,0.0,27,12,0.0,0.0,0.0,0.0,0.0,0.0,1.0
89889,0,1,3400,-63,63,57,18,18,1.0,0.0,0.0,27,12,0.0,0.0,0.0,0.0,0.0,0.0,1.0
90138,0,1,3400,-63,63,55,18,18,1.0,0.0,0.0,27,12,0.0,0.0,0.0,0.0,0.0,0.0,1.0
90387,0,1,3400,-63,63,55,18,18,1.0,0.0,0.0,27,12,0.0,0.0,0.0,0.0,0.0,0.0,1.0
90636,0,1,3400,-63,63,58,18,18,1.0,0.0,0.0,27,12,0.0,0.0,0.0,0.0,0.0,0.0,1.0
90885,0,1,3400,-63,63,62,18,18,1.0,0.0,0.0,27,12,0.0,0.0,0.0,0.0,0.0,0.0,1.0
91134,0,1,3400,-63,63,61,18,18,1.0,0.0,0.0,27,12,0.0,0.0,0.0,0.0,0.0,0.0,1.0
91383,0,1,3400,-63,63,62,18,18,1.00,0.0,0.0,27,11,0.0,0.0,0.0,0.0,0.0,0.0,1.0
91632,0,1,3400,-63,63,62,18,18,1.0,0.0,0.0,27,12,0.0,0.0,0.0,0.0,0.0,0.0,1.0
91881,0,1,3400,-63,63,64,18,18,1.0,0.0,0.0,27,12,0.0,0.0,0.0,0.0,0.0,0.0,1.0
92130,0,1,3400,-63,63,59,18,17,1.0,0.0,0.0,27,10,0.0,1568.000000,0,0.0,0.0,0.0,1.0
92379,0,1,3400,-63,63,55,18,19,1.0,0.0,0.0,27,3.5,0.0,0.0,0.0,0.0,0.0,0.0,1.0
92628,0,1,3400,-63,63,55,18,18,1.0,0.0,0.0,27,3.5,0.0,0.0,0.0,0.0,0.0,0.0,1.0
92877,0,1,3400,-63,63,60,18,18,1.0,0.0,0.0,27,3.5,0.0,0.0,0.0,0.0,0.0,0.0,1.0
93126,0,1,3400,-63,63,60,18,17,1.0,0.0,0.0,27,3.5,0.0,0.0,0.0,0.0,0.0,0.0,1.0
93375,0,1,3400,-63,63,61,18,18,1.0,0.0,0.0,27,3.5,0.0,0.0,0.0,0.0,0.0,0.0,1.0
93624,0,1,3400,-63,63,64,18,17,1.0,0.0,0.0,27,3.5,0.0,0.0,0.0,0.0,0.0,0.0,1.0
93873,0,1,3400,-63,63,65,18,18,1.0,0.0,0.0,27,3.5,0.0,0.0,0.0,0.0,0.0,0.0,1.0
94122,0,1,3400,-63,63,58,18,18,1.0,0.0,0.0,27,3.5,0.0,0.0,0.0,0.0,0.0,0.0,1.0
94371,0,1,3400,-63,63,59,18,18,1.0,0.0,0.0,27,3.5,0.0,0.0,0.0,0.0,0.0,0.0,1.0
94620,0,1,3400,-63,63,55,18,18,1.0,0.0,0.0,27,3.5,0.0,0.0,0.0,0.0,0.0,0.0,1.0
94869,0,1,3400,-63,63,51,18,18,1.0,0.0,0.0,27,3.5,0.0,0.0,0.0,0.0,0.0,0.0,1.0
95118,0,1,3400,-63,63,50,18,18,1.0,0.0,0.0,27,3.5,0.0,0.0,0.0,0.0,0.0,0.0,1.0
95367,0,1,3400,-63,63,46,18,18,1.0,0.0,0.0,27,3.5,0.0,0.0,0.0,0.0,0.0,0.0,1.0
95616,0,1,3400,-63,63,50,18,18,1.0,0.0,0.0,27,3.5,0.0,0.0,0.0,0.0,0.0,0.0,1.0
95865,0,1,3400,-63,63,55,18,18,1.00,0.0,0.0,27,3.5,0.0,0.0,0.0,0.0,0.0,0.0,1.0
96114,0,1,3400,-63,63,55,18,17,1.0,0.0,0.0,27,3.5,0.0,0.0,0.0,0.0,0.0,0.0,1.0
96363,0,1,3400,-63,63,49,18,18,1.0,0.0,0.0,27,3.5,0.0,0.0,0.0,0.0,0.0,0.0,1.0
96612,0,1,3400,-63,63,42,18,18,1.0,0.0,0.0,27,3.5,0.0,0.0,0.0,0.0,0.0,0.0,1.0
96861,0,1,3400,-63,63,41,18,18,1.0,0.0,0.0,27,3.5,0.0,0.0,0.0,0.0,0.0,0.0,1.0
97110,0,1,3400,-63,63,39,18,18,1.0,0.0,0.0,27,3.5,0.0,0.0,0.0,0.0,0.0,0.0,1.0
97359,0,1,3400,-63,63,40,18,18,1.0,0.0,0.0,27,3.5,0.0,0.0,0.0,0.0,0.0,0.0,1.0
97608,0,1,3400,-63,63,42,18,18,1.00,0.0,0.0,27,3.5,0.0,0.0,0.0,0.0,0.0,0.0,1.0
97857,0,1,3400,-63,63,41,18,19,1.0,0.0,0.0,27,3.5,0.0,0.0,0.0,0.0,0.0,0.0,1.0
98106,0,1,3400,-63,63,43,18,18,1.0,0.0,0.0,27,3.5,0.0,0.0,0.0,0.0,0.0,0.0,1.0
98355,0,1,3400,-63,63,51,18,18,1.0,0.0,0.0,27,3.5,0.0,0.0,0.0,0.0,0.0,0.0,1.0
98604,0,1,3400,-63,63,53,18,18,1.0,0.0,0.0,27,3.5,0.0,0.0,0.0,0.0,0.0,0.0,1.0
98853,0,1,3400,-63,63,53,18,18,1.0,0.0,0.0,27,3.5,0.0,0.0,0.0,0.0,0.0,0.0,1.0
99102,0,1,3400,-63,63,56,18,19,1.0,0.0,0.0,27,3.5,0.0,0.0,0.0,0.0,0.0,0.0,1.0
99351,0,1,3400,-63,63,56,18,18,1.00,0.0,0.0,27,3.5,0.0,0.0,0.0,0.0,0.0,0.0,1.0
99600,0,1,3400,-63,63,58,18,17,1.00,0.0,0.0,27,3.5,0.0,0.0,0.0,0.0,0.0,0.0,1.0
99849,0,1,3400,-63,63,55,18,18,1.0,0.0,0.0,27,3.5,0.0,0.0,0.0,0.0,0.0,0.0,1.0
100098,0,1,3400,-63,63,54,18,18,1.0,0.0,0.0,27,3.5,0.0,0.0,0.0,0.0,0.0,0.0,1.0
100347,0,1,3400,-63,63,58,18,18,1.0,0.0,0.0,27,3.5,0.0,0.0,0.0,0.0,0.0,0.0,1.0
100596,0,1,3400,-63,63,57,18,17,1.0,0.0,0.0,27,3.5,0.0,0.0,0.0,0.0,0.0,0.0,1.0
100845,0,1,3400,-63,63,58,18,17,1.0,0.0,0.0,27,3.5,0.0,0.0,0.0,0.0,0.0,0.0,1.0
101094,0,1,3400,-63,63,67,18,18,1.0,0.0,0.0,27,3.5,0.0,0.0,0.0,0.0,0.0,0.0,1.0
101343,0,1,3400,-63,63,73,18,18,1.0,0.0,0.0,27,3.5,0.0,0.0,0.0,0.0,0.0,0.0,1.0
101592,0,1,3400,-63,63,69,18,18,1.0,0.0,0.0,27,3.5,0.0,0.0,0.0,0.0,0.0,0.0,1.0
101841,0,1,3400,-63,63,60,18,18,1.0,0.0,0.0,27,3.5,0.0,0.0,0.0,0.0,0.0,0.0,1.0
102090,0,1,3400,-63,63,52,18,18,1.0,0.0,0.0,27,3.5,0.0,0.0,0.0,0.0,0.0,0.0,1.0
102339,0,1,3400,-63,63,52,18,18,1.0,0.0,0.0,27,3.5,0.0,0.0,0.0,0.0,0.0,0.0,1.0
102588,0,1,3400,-63,63,52,18,18,1.0,0.0,0.0,27,3.5,0.0,0.0,0.0,0.0,0.0,0.0,1.0
102837,0,1,3400,-63,63,51,18,18,1.0,0.0,0.0,27,3.5,0.0,0.0,0.0,0.0,0.0,0.0,1.0
103086,0,1,3400,-63,63,57,18,18,1.0,0.0,0.0,27,3.5,0.0,0.0,0.0,0.0,0.0,0.0,1.0
103335,0,1,3400,-63,63,56,18,18,1.0,0.0,0.0,27,3.5,0.0,0.0,0.0,0.0,0.0,0.0,1.0
103584,0,1,3400,-63,63,58,18,18,1.0,0.0,0.0,27,3.5,0.0,0.0,0.0,0.0,0.0,0.0,1.0
103833,0,1,3400,-63,63,62,18,17,1.0,0.0,0.0,27,3.5,0.0,0.0,0.0,0.0,0.0,0.0,1.0
104082,0,1,3400,-63,63,57,18,18,1.0,0.0,0.0,27,3.5,0.0,0.0,0.0,0.0,0.0,0.0,1.0
104331,0,1,3400,-63,63,59,18,18,1.00,0.0,0.0,27,3.5,0.0,0.0,0.0,0.0,0.0,0.0,1.0
104580,0,1,3400,-63,63,55,18,18,1.0,0.0,0.0,27,3.5,0.0,0.0,0.0,0.0,0.0,0.0,1.0
104829,0,1,3400,-63,63,54,18,17,1.0,0.0,0.0,27,3.5,0.0,0.0,0.0,0.0,0.0,0.0,1.0
105078,0,1,3400,-63,63,52,18,17,1.0,0.0,0.0,27,3.5,0.0,0.0,0.0,0.0,0.0,0.0,1.0
105327,0,1,3400,-63,63,52,18,18,1.0,0.0,0.0,27,3.5,0.0,0.0,0.0,0.0,0.0,0.0,1.0
105576,0,1,3400,-63,63,57,18,18,1.0,0.0,0.0,27,3.5,0.0,0.0,0.0,0.0,0.0,0.0,1.0
105825,0,1,3400,-63,63,59,18,18,1.0,0.0,0.0,27,3.5,0.0,0.0,0.0,0.0,0.0,0.0,1.0
106074,0,1,3400,-63,63,56,18,17,1.0,0.0,0.0,27,3.5,0.0,0.0,0.0,0.0,0.0,0.0,1.0
106323,0,1,3400,-63,63,59,18,17,1.0,0.0,0.0,27,3.5,0.0,0.0,0.0,0.0,0.0,0.0,1.0
106572,0,1,3400,-63,63,64,18,17,1.0,0.0,0.0,27,3.5,0.0,0.0,0.0,0.0,0.0,0.0,1.0
106821,0,1,3400,-63,63,64,18,18,1.0,0.0,0.0,27,3.5,0.0,0.0,0.0,0.0,0.0,0.0,1.0
107070,0,1,3400,-63,63,63,18,17,1.0,0.0,0.0,27,3.5,0.0,0.0,0.0,0.0,0.0,0.0,1.0
107319,0,1,3400,-63,63,61,18,18,1.0,0.0,0.0,27,3.5,0.0,0.0,0.0,0.0,0.0,0.0,1.0
107568,0,1,3400,-63,63,54,18,18,1.0,0.0,0.0,27,3.5,0.0,0.0,0.0,0.0,0.0,0.0,1.0
107817,0,1,3400,-63,63,51,18,18,1.0,0.0,0.0,27,3.5,0.0,0.0,0.0,0.0,0.0,0.0,1.0
108066,0,1,3400,-63,63,56,18,17,1.0,0.0,0.0,27,3.5,0.0,0.0,0.0,0.0,0.0,0.0,1.0
108315,0,1,3400,-63,63,54,18,17,1.0,0.0,0.0,27,3.5,0.0,0.0,0.0,0.0,0.0,0.0,1.0
108564,0,1,3400,-63,63,55,18,17,1.0,0.0,0.0,27,3.5,0.0,0.0,0.0,0.0,0.0,0.0,1.0
108813,0,1,3400,-63,63,56,18,17,1.0,0.0,0.0,27,3.5,0.0,0.0,0.0,0.0,0.0,0.0,1.0
109062,0,1,3400,-63,63,60,18,18,1.0,0.0,0.0,27,3.5,0.0,0.0,0.0,0.0,0.0,0.0,1.0
109311,0,1,3400,-63,63,62,18,19,1.0,0.0,0.0,27,3.5,0.0,0.0,0.0,0.0,0.0,0.0,1.0
109560,0,1,3400,-63,63,64,18,18,1.0,0.0,0.0,27,3.5,0.0,0.0,0.0,0.0,0.0,0.0,1.0
109809,0,1,3400,-63,63,67,18,18,1.0,0.0,0.0,27,3.5,0.0,0.0,0.0,0.0,0.0,0.0,1.0
110058,0,1,3400,-63,63,70,18,17,1.00,0.0,0.0,27,3.5,0.0,0.0,0.0,0.0,0.0,0.0,1.0
110307,0,1,3400,-63,63,67,18,18,1.0,0.0,0.0,27,3.5,0.0,0.0,0.0,0.0,0.0,0.0,1.0
110556,0,1,3400,-63,63,61,18,17,1.00,0.0,0.0,27,3.5,0.0,0.0,0.0,0.0,0.0,0.0,1.0
110805,0,1,3400,-63,63,58,18,18,1.0,0.0,0.0,27,3.5,0.0,0.0,0.0,0.0,0.0,0.0,1.0
111054,0,1,3400,-63,63,61,18,17,1.0,0.0,0.0,27,3.5,0.0,0.0,0.0,0.0,0.0,0.0,1.0
111303,0,1,3400,-63,63,60,18,18,1.0,0.0,0.0,27,3.5,0.0,0.0,0.0,0.0,0.0,0.0,1.0
111552,0,1,3400,-63,63,58,18,18,1.0,0.0,0.0,27,3.5,0.0,0.0,0.0,0.0,0.0,0.0,1.0
111801,0,1,3400,-63,63,57,18,18,1.0,0.0,0.0,27,3.5,0.0,0.0,0.0,0.0,0.0,0.0,1.0
112050,0,1,3400,-63,63,52,18,18,1.0,0.0,0.0,27,3.5,0.0,0.0,0.0,0.0,0.0,0.0,1.0
112299,0,1,3400,-63,63,52,18,17,1.0,0.0,0.0,27,3.5,0.0,0.0,0.0,0.0,0.0,0.0,1.0
112548,0,1,3400,-63,63,53,18,18,1.0,0.0,0.0,27,3.5,0.0,0.0,0.0,0.0,0.0,0.0,1.0
112797,0,1,3400,-63,63,56,18,17,1.0,0.0,0.0,27,3.5,0.0,0.0,0.0,0.0,0.0,0.0,1.0
113046,0,1,3400,-63,63,56,18,17,1.0,0.0,0.0,27,3.5,0.0,0.0,0.0,0.0,0.0,0.0,1.0
113295,0,1,3400,-63,63,57,18,18,1.0,0.0,0.0,27,3.5,0.0,0.0,0.0,0.0,0.0,0.0,1.0
113544,0,1,3400,-63,63,51,18,18,1.0,0.0,0.0,27,3.5,0.0,0.0,0.0,0.0,0.0,0.0,1.0
113793,0,1,3400,-63,63,52,18,17,1.0,0.0,0.0,27,3.5,0.0,0.0,0.0,0.0,0.0,0.0,1.0
114042,0,1,3400,-63,63,56,18,18,1.0,0.0,0.0,27,3.5,0.0,0.0,0.0,0.0,0.0,0.0,1.0
114291,0,1,3400,-63,63,56,18,18,1.0,0.0,0.0,27,3.5,0.0,0.0,0.0,0.0,0.0,0.0,1.0
114540,0,1,3400,-63,63,58,18,18,1.0,0.0,0.0,27,3.5,0.0,0.0,0.0,0.0,0.0,0.0,1.0
114789,0,1,3400,-63,63,64,18,18,1.0,0.0,0.0,27,3.5,0.0,0.0,0.0,0.0,0.0,0.0,1.0
115038,0,1,3400,-63,63,60,18,17,1.0,0.0,0.0,27,3.5,0.0,0.0,0.0,0.0,0.0,0.0,1.0
115287,0,1,3400,-63,63,60,18,17,1.0,0.0,0.0,27,3.5,0.0,0.0,0.0,0.0,0.0,0.0,1.0
115536,0,1,3400,-63,63,58,18,17,1.0,0.0,0.0,27,3.5,0.0,0.0,0.0,0.0,0.0,0.0,1.0
115785,0,1,3400,-63,63,55,18,17,1.0,0.0,0.0,27,3.5,0.0,0.0,0.0,0.0,0.0,0.0,1.0
116034,0,1,3400,-63,63,50,18,17,1.0,0.0,0.0,27,3.5,0.0,0.0,0.0,0.0,0.0,0.0,1.0
116283,0,1,3400,-63,63,50,18,18,1.00,0.0,0.0,27,3.5,0.0,0.0,0.0,0.0,0.0,0.0,1.0
116532,0,1,3400,-63,63,52,18,18,1.0,0.0,0.0,27,3.5,0.0,0.0,0.0,0.0,0.0,0.0,1.0
116781,0,1,3400,-63,63,53,18,17,1.0,0.0,0.0,27,3.5,0.0,0.0,0.0,0.0,0.0,0.0,1.0
117030,0,1,3400,-63,63,52,18,18,1.00,0.0,0.0,27,3.5,0.0,0.0,0.0,0.0,0.0,0.0,1.0
117279,0,1,3400,-63,63,52,18,17,1.0,0.0,0.0,27,3.5,0.0,0.0,0.0,0.0,0.0,0.0,1.0
117528,0,1,3400,-63,63,51,18,17,1.0,0.0,0.0,27,3.5,0.0,0.0,0.0,0.0,0.0,0.0,1.0
117777,0,1,3400,-63,63,50,18,18,1.0,0.0,0.0,27,3.5,0.0,0.0,0.0,0.0,0.0,0.0,1.0
118026,0,1,3400,-63,63,54,18,18,1.0,0.0,0.0,27,3.5,0.0,0.0,0.0,0.0,0.0,0.0,1.0
118275,0,1,3400,-63,63,57,18,18,1.0,0.0,0.0,27,3.5,0.0,0.0,0.0,0.0,0.0,0.0,1.0
118524,0,1,3400,-63,63,57,18,18,1.0,0.0,0.0,27,3.5,0.0,0.0,0.0,0.0,0.0,0.0,1.0
118773,0,1,3400,-63,63,52,18,17,1.0,0.0,0.0,27,3.5,0.0,0.0,0.0,0.0,0.0,0.0,1.0
119022,0,1,3400,-63,63,54,18,18,1.0,0.0,0.0,27,3.5,0.0,0.0,0.0,0.0,0.0,0.0,1.0
119271,0,1,3400,-63,63,63,18,19,1.0,0.0,0.0,27,3.5,0.0,0.0,0.0,0.0,0.0,0.0,1.0
119520,0,1,3400,-63,63,62,18,17,1.0,0.0,0.0,27,3.5,0.0,0.0,0.0,0.0,0.0,0.0,1.0
119769,0,1,3400,-63,63,60,18,17,1.0,0.0,0.0,27,3.5,0.0,0.0,0.0,0.0,0.0,0.0,1.0
120018,0,1,3400,-63,63,58,18,17,1.0,0.0,0.0,27,3.5,0.0,0.0,0.0,0.0,0.0,0.0,1.0
120267,0,1,3400,-63,63,59,18,17,1.0,0.0,0.0,27,3.5,0.0,0.0,0.0,0.0,0.0,0.0,1.0
120516,0,1,3400,-63,63,56,18,18,1.0,0.0,0.0,27,3.5,0.0,0.0,0.0,0.0,0.0,0.0,1.0
120765,0,1,3400,-63,63,50,18,18,1.0,0.0,0.0,27,3.5,0.0,0.0,0.0,0.0,0.0,0.0,1.0
121014,0,1,3400,-63,63,51,18,18,1.0,0.0,0.0,27,3.5,0.0,0.0,0.0,0.0,0.0,0.0,1.0
121263,0,1,3400,-63,63,58,18,18,1.0,0.0,0.0,27,3.5,0.0,0.0,0.0,0.0,0.0,0.0,1.0
121512,0,1,3400,-63,63,61,18,18,1.0,0.0,0.0,27,3.5,0.0,0.0,0.0,0.0,0.0,0.0,1.0
121761,0,1,3400,-63,63,68,18,18,1.0,0.0,0.0,27,3.5,0.0,0.0,0.0,0.0,0.0,0.0,1.0
122010,0,1,3400,-63,63,68,18,18,1.0,0.0,0.0,27,3.5,0.0,0.0,0.0,0.0,0.0,0.0,1.0
122259,0,1,3400,-63,63,62,18,18,1.0,0.0,0.0,27,3.5,0.0,0.0,0.0,0.0,0.0,0.0,1.0
122508,0,1,3400,-63,63,60,18,18,1.0,0.0,0.0,27,3.5,0.0,0.0,0.0,0.0,0.0,0.0,1.0
122757,0,1,3400,-63,63,58,18,18,1.0,0.0,0.0,27,3.5,0.0,0.0,0.0,0.0,0.0,0.0,1.0
123006,0,1,3400,-63,63,55,18,17,1.00,0.0,0.0,27,3.5,0.0,0.0,0.0,0.0,0.0,0.0,1.0
123255,0,1,3400,-63,63,57,18,18,1.0,0.0,0.0,27,3.5,0.0,0.0,0.0,0.0,0.0,0.0,1.0
123504,0,1,3400,-63,63,56,18,18,1.0,0.0,0.0,27,3.5,0.0,0.0,0.0,0.0,0.0,0.0,1.0
123753,0,1,3400,-63,63,52,18,18,1.0,0.0,0.0,27,3.5,0.0,0.0,0.0,0.0,0.0,0.0,1.0
124002,0,1,3400,-63,63,55,18,18,1.0,0.0,0.0,27,3.5,0.0,0.0,0.0,0.0,0.0,0.0,1.0
124251,0,1,3400,-63,63,54,18,18,1.0,0.0,0.0,27,3.5,0.0,0.0,0.0,0.0,0.0,0.0,1.0
124500,0,1,3400,-63,63,55,18,18,1.0,0.0,0.0,27,3.5,0.0,0.0,0.0,0.0,0.0,0.0,1.0
124749,0,1,3400,-63,63,54,18,18,1.0,0.0,0.0,27,3.5,0.0,0.0,0.0,0.0,0.0,0.0,1.0
124998,0,1,3400,-63,63,55,18,18,1.0,0.0,0.0,27,3.5,0.0,0.0,0.0,0.0,0.0,0.0,1.0
125247,0,1,3400,-63,63,56,18,17,1.0,0.0,0.0,27,3.5,0.0,0.0,0.0,0.0,0.0,0.0,1.0
125496,0,1,3400,-63,63,53,18,18,1.0,0.0,0.0,27,3.5,0.0,0.0,0.0,0.0,0.0,0.0,1.0
125745,0,1,3400,-63,63,56,18,18,1.0,0.0,0.0,27,3.5,0.0,0.0,0.0,0.0,0.0,0.0,1.0
125994,0,1,3400,-63,63,61,18,17,1.0,0.0,0.0,27,3.5,0.0,0.0,0.0,0.0,0.0,0.0,1.0
126243,0,1,3400,-63,63,68,18,18,1.0,0.0,0.0,27,3.5,0.0,0.0,0.0,0.0,0.0,0.0,1.0
126492,0,1,3400,-63,63,64,18,18,1.0,0.0,0.0,27,3.5,0.0,0.0,0.0,0.0,0.0,0.0,1.0
126741,0,1,3400,-63,63,59,18,18,1.0,0.0,0.0,27,3.5,0.0,0.0,0.0,0.0,0.0,0.0,1.0
126990,0,1,3400,-63,63,59,18,18,1.0,0.0,0.0,27,3.5,0.0,0.0,0.0,0.0,0.0,0.0,1.0
127239,0,1,3400,-63,63,60,18,17,1.0,0.0,0.0,27,3.5,0.0,0.0,0.0,0.0,0.0,0.0,1.0
127488,0,1,3400,-63,63,59,18,18,1.0,0.0,0.0,27,3.5,0.0,0.0,0.0,0.0,0.0,0.0,1.0
127737,0,1,3400,-63,63,61,18,18,1.0,0.0,0.0,27,3.5,0.0,0.0,0.0,0.0,0.0,0.0,1.0
127986,0,1,3400,-63,63,63,18,17,1.0,0.0,0.0,27,3.5,0.0,0.0,0.0,0.0,0.0,0.0,1.0
128235,0,1,3400,-63,63,62,18,18,1.0,0.0,0.0,27,3.5,0.0,0.0,0.0,0.0,0.0,0.0,1.0
128484,0,1,3400,-63,63,62,18,18,1.0,0.0,0.0,27,3.5,0.0,0.0,0.0,0.0,0.0,0.0,1.0
128733,0,1,3400,-63,63,66,18,17,1.0,0.0,0.0,27,3.5,0.0,0.0,0.0,0.0,0.0,0.0,1.0
128982,0,1,3400,-63,63,60,18,17,1.0,0.0,0.0,27,3.5,0.0,0.0,0.0,0.0,0.0,0.0,1.0
129231,0,1,3400,-63,63,59,18,18,1.0,0.0,0.0,27,3.5,0.0,0.0,0.0,0.0,0.0,0.0,1.0
129480,0,1,3400,-63,63,59,18,18,1.00,0.0,0.0,27,3.5,0.0,0.0,0.0,0.0,0.0,0.0,1.0
129729,0,1,3400,-63,63,57,18,18,1.0,0.0,0.0,27,3.5,0.0,0.0,0.0,0.0,0.0,0.0,1.0
129978,0,1,3400,-63,63,60,18,17,1.0,0.0,0.0,27,3.5,0.0,0.0,0.0,0.0,0.0,0.0,1.0
130227,0,1,3400,-63,63,61,18,17,1.0,0.0,0.0,27,3.5,0.0,0.0,0.0,0.0,0.0,0.0,1.0
130476,0,1,3400,-63,63,64,18,18,1.0,0.0,0.0,27,3.5,0.0,0.0,0.0,0.0,0.0,0.0,1.0
130725,0,1,3400,-63,63,66,18,18,1.0,0.0,0.0,27,3.5,0.0,0.0,0.0,0.0,0.0,0.0,1.0
130974,0,1,3400,-63,63,64,18,17,1.0,0.0,0.0,27,3.5,0.0,0.0,0.0,0.0,0.0,0.0,1.0
131223,0,1,3400,-63,63,59,18,18,1.0,0.0,0.0,27,3.5,0.0,0.0,0.0,0.0,0.0,0.0,1.0
131472,0,1,3400,-63,63,57,18,18,1.0,0.0,0.0,27,3.5,0.0,0.0,0.0,0.0,0.0,0.0,1.0
131721,0,1,3400,-63,63,52,18,17,1.0,0.0,0.0,27,3.5,0.0,0.0,0.0,0.0,0.0,0.0,1.0
131970,0,1,3400,-63,63,50,18,17,1.0,0.0,0.0,27,3.5,0.0,0.0,0.0,0.0,0.0,0.0,1.0
132219,0,1,3400,-63,63,51,18,18,1.0,0.0,0.0,27,3.5,0.0,0.0,0.0,0.0,0.0,0.0,1.0
132468,0,1,3400,-63,63,52,18,18,1.0,0.0,0.0,27,3.5,0.0,0.0,0.0,0.0,0.0,0.0,1.0
132717,0,1,3400,-63,63,55,18,18,1.0,0.0,0.0,27,3.5,0.0,0.0,0.0,0.0,0.0,0.0,1.0
132966,0,1,3400,-63,63,55,18,18,1.0,0.0,0.0,27,3.5,0.0,0.0,0.0,0.0,0.0,0.0,1.0
133215,0,1,3400,-63,63,55,18,18,1.0,0.0,0.0,27,3.5,0.0,0.0,0.0,0.0,0.0,0.0,1.0
133464,0,1,3400,-63,63,61,18,18,1.0,0.0,0.0,27,3.5,0.0,0.0,0.0,0.0,0.0,0.0,1.0
133713,0,1,3400,-63,63,64,18,18,1.0,0.0,0.0,27,3.5,0.0,0.0,0.0,0.0,0.0,0.0,1.0
133962,0,1,3400,-63,63,58,18,18,1.0,0.0,0.0,27,3.5,0.0,0.0,0.0,0.0,0.0,0.0,1.0
134211,0,1,3400,-63,63,50,18,18,1.0,0.0,0.0,27,3.5,0.0,0.0,0.0,0.0,0.0,0.0,1.0
134460,0,1,3400,-63,63,53,18,18,1.0,0.0,0.0,27,3.5,0.0,0.0,0.0,0.0,0.0,0.0,1.0
134709,0,1,3400,-63,63,58,18,17,1.0,0.0,0.0,27,3.5,0.0,0.0,0.0,0.0,0.0,0.0,1.0
134958,0,1,3400,-63,63,59,18,18,1.0,0.0,0.0,27,3.5,0.0,0.0,0.0,0.0,0.0,0.0,1.0
135207,0,1,3400,-63,63,56,18,17,1.0,0.0,0.0,27,3.5,0.0,0.0,0.0,0.0,0.0,0.0,1.0
135456,0,1,3400,-63,63,55,18,19,1.00,0.0,0.0,27,3.5,0.0,0.0,0.0,0.0,0.0,0.0,1.0
135705,0,1,3400,-63,63,48,18,18,1.0,0.0,0.0,27,3.5,0.0,0.0,0.0,0.0,0.0,0.0,1.0
135954,0,1,3400,-63,63,52,18,18,1.0,0.0,0.0,27,3.5,0.0,0.0,0.0,0.0,0.0,0.0,1.0
136203,0,1,3400,-63,63,58,18,18,1.0,0.0,0.0,27,3.5,0.0,0.0,0.0,0.0,0.0,0.0,1.0
136452,0,1,3400,-63,63,56,18,18,1.0,0.0,0.0,27,3.5,0.0,0.0,0.0,0.0,0.0,0.0,1.0
136701,0,1,3400,-63,63,59,18,18,1.00,0.0,0.0,27,3.5,0.0,0.0,0.0,0.0,0.0,0.0,1.0
136950,0,1,3400,-63,63,58,18,17,1.0,0.0,0.0,27,3.5,0.0,0.0,0.0,0.0,0.0,0.0,1.0
137199,0,1,3400,-63,63,56,18,18,1.0,0.0,0.0,27,3.5,0.0,0.0,0.0,0.0,0.0,0.0,1.0
137448,0,1,3400,-63,63,56,18,19,1.0,0.0,0.0,27,3.5,0.0,0.0,0.0,0.0,0.0,0.0,1.0
137697,0,1,3400,-63,63,55,18,18,1.0,0.0,0.0,27,3.5,0.0,0.0,0.0,0.0,0.0,0.0,1.0
137946,0,1,3400,-63,63,52,18,18,1.0,0.0,0.0,27,3.5,0.0,0.0,0.0,0.0,0.0,0.0,1.0
138195,0,1,3400,-63,63,50,18,18,1.0,0.0,0.0,27,3.5,0.0,0.0,0.0,0.0,0.0,0.0,1.0
138444,0,1,3400,-63,63,51,18,18,1.0,0.0,0.0,27,3.5,0.0,0.0,0.0,0.0,0.0,0.0,1.0
138693,0,1,3400,-63,63,51,18,18,1.0,0.0,0.0,27,3.5,0.0,0.0,0.0,0.0,0.0,0.0,1.0
138942,0,1,3400,-63,63,54,18,17,1.0,0.0,0.0,27,3.5,0.0,0.0,0.0,0.0,0.0,0.0,1.0
139191,0,1,3400,-63,63,50,18,18,1.0,0.0,0.0,27,3.5,0.0,0.0,0.0,0.0,0.0,0.0,1.0
139440,0,1,3400,-63,63,56,18,18,1.0,0.0,0.0,27,3.5,0.0,0.0,0.0,0.0,0.0,0.0,1.0
139689,0,1,3400,-63,63,57,18,18,1.0,0.0,0.0,27,3.5,0.0,0.0,0.0,0.0,0.0,0.0,1.0
139938,0,1,3400,-63,63,52,18,18,1.0,0.0,0.0,27,3.5,0.0,0.0,0.0,0.0,0.0,0.0,1.0
140187,0,1,3400,-63,63,54,18,18,1.0,0.0,0.0,27,3.5,0.0,0.0,0.0,0.0,0.0,0.0,1.0
140436,0,1,3400,-63,63,56,18,18,1.0,0.0,0.0,27,3.5,0.0,0.0,0.0,0.0,0.0,0.0,1.0
140685,0,1,3400,-63,63,59,18,17,1.0,0.0,0.0,27,3.5,0.0,0.0,0.0,0.0,0.0,0.0,1.0
140934,0,1,3400,-63,63,61,18,18,1.0,0.0,0.0,27,3.5,0.0,0.0,0.0,0.0,0.0,0.0,1.0
141183,0,1,3400,-63,63,60,18,17,1.0,0.0,0.0,27,3.5,0.0,0.0,0.0,0.0,0.0,0.0,1.0
141432,0,1,3400,-63,63,60,18,18,1.0,0.0,0.0,27,3.5,0.0,0.0,0.0,0.0,0.0,0.0,1.0
141681,0,1,3400,-63,63,53,18,18,1.0,0.0,0.0,27,3.5,0.0,0.0,0.0,0.0,0.0,0.0,1.0
141930,0,1,3400,-63,63,51,18,18,1.0,0.0,0.0,27,3.5,0.0,0.0,0.0,0.0,0.0,0.0,1.0
142179,0,1,3400,-63,63,54,18,18,1.0,0.0,0.0,27,3.5,0.0,0.0,0.0,0.0,0.0,0.0,1.0
142428,0,1,3400,-63,63,56,18,19,1.00,0.0,0.0,27,3.5,0.0,0.0,0.0,0.0,0.0,0.0,1.0
142677,0,1,3400,-63,63,55,18,18,1.0,0.0,0.0,27,3.5,0.0,0.0,0.0,0.0,0.0,0.0,1.0
142926,0,1,3400,-63,63,50,18,19,1.0,0.0,0.0,27,3.5,0.0,0.0,0.0,0.0,0.0,0.0,1.0
143175,0,1,3400,-63,63,53,18,18,1.0,0.0,0.0,27,3.5,0.0,0.0,0.0,0.0,0.0,0.0,1.0
143424,0,1,3400,-63,63,58,18,19,1.0,0.0,0.0,27,3.5,0.0,0.0,0.0,0.0,0.0,0.0,1.0
143673,0,1,3400,-63,63,51,18,18,1.0,0.0,0.0,27,3.5,0.0,0.0,0.0,0.0,0.0,0.0,1.0
143922,0,1,3400,-63,63,54,18,18,1.0,0.0,0.0,27,3.5,0.0,0.0,0.0,0.0,0.0,0.0,1.0
144171,0,1,3400,-63,63,59,18,18,1.0,0.0,0.0,27,3.5,0.0,0.0,0.0,0.0,0.0,0.0,1.0
144420,0,1,3400,-63,63,60,18,18,1.0,0.0,0.0,27,3.5,0.0,0.0,0.0,0.0,0.0,0.0,1.0
144669,0,1,3400,-63,63,64,18,18,1.0,0.0,0.0,27,3.5,0.0,0.0,0.0,0.0,0.0,0.0,1.0
144918,0,1,3400,-63,63,59,18,18,1.0,0.0,0.0,27,3.5,0.0,0.0,0.0,0.0,0.0,0.0,1.0
145167,0,1,3400,-63,63,60,18,18,1.0,0.0,0.0,27,3.5,0.0,0.0,0.0,0.0,0.0,0.0,1.0
145416,0,1,3400,-63,63,62,18,18,1.0,0.0,0.0,27,3.5,0.0,0.0,0.0,0.0,0.0,0.0,1.0
145665,0,1,3400,-63,63,57,18,18,1.0,0.0,0.0,27,3.5,0.0,0.0,0.0,0.0,0.0,0.0,1.0
145914,0,1,3400,-63,63,57,18,18,1.0,0.0,0.0,27,3.5,0.0,0.0,0.0,0.0,0.0,0.0,1.0
146163,0,1,3400,-63,63,55,18,19,1.0,0.0,0.0,27,3.5,0.0,0.0,0.0,0.0,0.0,0.0,1.0
146412,0,1,3400,-63,63,52,18,19,1.0,0.0,0.0,27,3.5,0.0,0.0,0.0,0.0,0.0,0.0,1.0
146661,0,1,3400,-63,63,52,18,18,1.0,0.0,0.0,27,3.5,0.0,0.0,0.0,0.0,0.0,0.0,1.0
146910,0,1,3400,-63,63,52,18,17,1.0,0.0,0.0,27,3.5,0.0,0.0,0.0,0.0,0.0,0.0,1.0
147159,0,1,3400,-63,63,52,18,18,1.0,0.0,0.0,27,3.5,0.0,0.0,0.0,0.0,0.0,0.0,1.0
147408,0,1,3400,-63,63,62,18,18,1.0,0.0,0.0,27,3.5,0.0,0.0,0.0,0.0,0.0,0.0,1.0
147657,0,1,3400,-63,63,65,18,18,1.0,0.0,0.0,27,3.5,0.0,0.0,0.0,0.0,0.0,0.0,1.0
147906,0,1,3400,-63,63,68,18,18,1.0,0.0,0.0,27,3.5,0.0,0.0,0.0,0.0,0.0,0.0,1.0
148155,0,1,3400,-63,63,67,18,18,1.0,0.0,0.0,27,3.5,0.0,0.0,0.0,0.0,0.0,0.0,1.0
148404,0,1,3400,-63,63,64,18,18,1.0,0.0,0.0,27,3.5,0.0,0.0,0.0,0.0,0.0,0.0,1.0
148653,0,1,3400,-63,63,67,18,18,1.0,0.0,0.0,27,3.5,0.0,0.0,0.0,0.0,0.0,0.0,1.0
148902,0,1,3400,-63,63,62,18,18,1.00,0.0,0.0,27,3.5,0.0,0.0,0.0,0.0,0.0,0.0,1.0
149151,0,1,3400,-63,63,63,18,19,1.0,0.0,0.0,27,3.5,0.0,0.0,0.0,0.0,0.0,0.0,1.0
149400,0,1,3400,-63,63,66,18,18,1.0,0.0,0.0,27,3.5,0.0,0.0,0.0,0.0,0.0,0.0,1.0
149649,0,1,3400,-63,63,60,18,17,1.0,0.0,0.0,27,3.5,0.0,0.0,0.0,0.0,0.0,0.0,1.0
149898,0,1,3400,-63,63,59,18,18,1.0,0.0,0.0,27,3.5,0.0,0.0,0.0,0.0,0.0,0.0,1.0
150147,0,1,3400,-63,63,61,18,18,1.0,0.0,0.0,27,3.5,0.0,0.0,0.0,0.0,0.0,0.0,1.0
150396,0,1,3400,-63,63,60,18,18,1.0,0.0,0.0,27,3.5,0.0,0.0,0.0,0.0,0.0,0.0,1.0
150645,0,1,3400,-63,63,61,18,17,1.0,0.0,0.0,27,3.5,0.0,0.0,0.0,0.0,0.0,0.0,1.0
150894,0,1,3400,-63,63,62,18,17,1.0,0.0,0.0,27,3.5,0.0,0.0,0.0,0.0,0.0,0.0,1.0
151143,0,1,3400,-63,63,63,18,18,1.0,0.0,0.0,27,3.5,0.0,0.0,0.0,0.0,0.0,0.0,1.0
151392,0,1,3400,-63,63,63,18,19,1.0,0.0,0.0,27,3.5,0.0,0.0,0.0,0.0,0.0,0.0,1.0
151641,0,1,3400,-63,63,64,18,18,1.0,0.0,0.0,27,3.5,0.0,0.0,0.0,0.0,0.0,0.0,1.0
151890,0,1,3400,-63,63,58,18,17,1.0,0.0,0.0,27,3.5,0.0,0.0,0.0,0.0,0.0,0.0,1.0
152139,0,1,3400,-63,63,52,18,19,1.0,0.0,0.0,27,3.5,0.0,0.0,0.0,0.0,0.0,0.0,1.0
152388,0,1,3400,-63,63,52,18,18,1.0,0.0,0.0,27,3.5,0.0,0.0,0.0,0.0,0.0,0.0,1.0
152637,0,1,3400,-63,63,51,18,19,1.0,0.0,0.0,27,3.5,0.0,0.0,0.0,0.0,0.0,0.0,1.0
152886,0,1,3400,-63,63,48,18,18,1.0,0.0,0.0,27,3.5,0.0,0.0,0.0,0.0,0.0,0.0,1.0
153135,0,1,3400,-63,63,51,18,18,1.0,0.0,0.0,27,3.5,0.0,0.0,0.0,0.0,0.0,0.0,1.0
153384,0,1,3400,-63,63,52,18,18,1.0,0.0,0.0,27,3.5,0.0,0.0,0.0,0.0,0.0,0.0,1.0
153633,0,1,3400,-63,63,46,18,18,1.0,0.0,0.0,27,3.5,0.0,0.0,0.0,0.0,0.0,0.0,1.0
153882,0,1,3400,-63,63,45,18,18,1.0,0.0,0.0,27,3.5,0.0,0.0,0.0,0.0,0.0,0.0,1.0
154131,0,1,3400,-63,63,48,18,18,1.0,0.0,0.0,27,3.5,0.0,0.0,0.0,0.0,0.0,0.0,1.0
154380,0,1,3400,-63,63,48,18,18,1.0,0.0,0.0,27,3.5,0.0,0.0,0.0,0.0,0.0,0.0,1.0
154629,0,1,3400,-63,63,46,18,18,1.0,0.0,0.0,27,3.5,0.0,0.0,0.0,0.0,0.0,0.0,1.0
154878,0,1,3400,-63,63,44,18,18,1.0,0.0,0.0,27,3.5,0.0,0.0,0.0,0.0,0.0,0.0,1.0
155127,0,1,3400,-63,63,46,18,18,1.0,0.0,0.0,27,3.5,0.0,0.0,0.0,0.0,0.0,0.0,1.0
155376,0,1,3400,-63,63,45,18,18,1.0,0.0,0.0,27,3.5,0.0,0.0,0.0,0.0,0.0,0.0,1.0
155625,0,1,3400,-63,63,45,18,19,1.0,0.0,0.0,27,3.5,0.0,0.0,0.0,0.0,0.0,0.0,1.0
155874,0,1,3400,-63,63,39,18,18,1.0,0.0,0.0,27,3.5,0.0,0.0,0.0,0.0,0.0,0.0,1.0
156123,0,1,3400,-63,63,41,18,18,1.0,0.0,0.0,27,3.5,0.0,0.0,0.0,0.0,0.0,0.0,1.0
156372,0,1,3400,-63,63,44,18,18,1.0,0.0,0.0,27,3.5,0.0,0.0,0.0,0.0,0.0,0.0,1.0
156621,0,1,3400,-63,63,48,18,19,1.0,0.0,0.0,27,3.5,0.0,0.0,0.0,0.0,0.0,0.0,1.0
156870,0,1,3400,-63,63,45,18,18,1.0,0.0,0.0,27,3.5,0.0,0.0,0.0,0.0,0.0,0.0,1.0
157119,0,1,3400,-63,63,42,18,19,1.0,0.0,0.0,27,3.5,0.0,0.0,0.0,0.0,0.0,0.0,1.0
157368,0,1,3400,-63,63,39,18,18,1.0,0.0,0.0,27,3.5,0.0,0.0,0.0,0.0,0.0,0.0,1.0
157617,0,1,3400,-63,63,37,18,18,1.0,0.0,0.0,27,3.5,0.0,0.0,0.0,0.0,0.0,0.0,1.0
157866,0,1,3400,-63,63,34,18,18,1.0,0.0,0.0,27,3.5,0.0,0.0,0.0,0.0,0.0,0.0,1.0
158115,0,1,3400,-63,63,40,18,18,1.0,0.0,0.0,27,3.5,0.0,0.0,0.0,0.0,0.0,0.0,1.0
158364,0,1,3400,-63,63,45,18,19,1.0,0.0,0.0,27,3.5,0.0,0.0,0.0,0.0,0.0,0.0,1.0
158613,0,1,3400,-63,63,48,18,19,1.0,0.0,0.0,27,3.5,0.0,0.0,0.0,0.0,0.0,0.0,1.0
158862,0,1,3400,-63,63,51,18,19,1.0,0.0,0.0,27,3.5,0.0,0.0,0.0,0.0,0.0,0.0,1.0
159111,0,1,3400,-63,63,61,18,18,1.0,0.0,0.0,27,3.5,0.0,0.0,0.0,0.0,0.0,0.0,1.0
159360,0,1,3400,-63,63,60,18,19,1.00,0.0,0.0,27,3.5,0.0,0.0,0.0,0.0,0.0,0.0,1.0
159609,0,1,3400,-63,63,52,18,18,1.0,0.0,0.0,27,3.5,0.0,0.0,0.0,0.0,0.0,0.0,1.0
159858,0,1,3400,-63,63,49,18,17,1.0,0.0,0.0,27,3.5,0.0,0.0,0.0,0.0,0.0,0.0,1.0
160107,0,1,3400,-63,63,47,18,18,1.0,0.0,0.0,27,3.5,0.0,0.0,0.0,0.0,0.0,0.0,1.0
160356,0,1,3400,-63,63,47,18,19,1.0,0.0,0.0,27,3.5,0.0,0.0,0.0,0.0,0.0,0.0,1.0
160605,0,1,3400,-63,63,47,18,18,1.0,0.0,0.0,27,3.5,0.0,0.0,0.0,0.0,0.0,0.0,1.0
160854,0,1,3400,-63,63,48,18,18,1.0,0.0,0.0,27,3.5,0.0,0.0,0.0,0.0,0.0,0.0,1.0
161103,0,1,3400,-63,63,49,18,18,1.0,0.0,0.0,27,3.5,0.0,0.0,0.0,0.0,0.0,0.0,1.0
161352,0,1,3400,-63,63,53,18,18,1.0,0.0,0.0,27,3.5,0.0,0.0,0.0,0.0,0.0,0.0,1.0
161601,0,1,3400,-63,63,56,18,19,1.0,0.0,0.0,27,3.5,0.0,0.0,0.0,0.0,0.0,0.0,1.0
161850,0,1,3400,-63,63,55,18,18,1.0,0.0,0.0,27,3.5,0.0,0.0,0.0,0.0,0.0,0.0,1.0
162099,0,1,3400,-63,63,49,18,18,1.00,0.0,0.0,27,3.5,0.0,0.0,0.0,0.0,0.0,0.0,1.0
162348,0,1,3400,-63,63,49,18,18,1.0,0.0,0.0,27,3.5,0.0,0.0,0.0,0.0,0.0,0.0,1.0
162597,0,1,3400,-63,63,49,18,18,1.0,0.0,0.0,27,3.5,0.0,0.0,0.0,0.0,0.0,0.0,1.0
162846,0,1,3400,-63,63,51,18,18,1.0,0.0,0.0,27,3.5,0.0,0.0,0.0,0.0,0.0,0.0,1.0
163095,0,1,3400,-63,63,56,18,18,1.0,0.0,0.0,27,3.5,0.0,0.0,0.0,0.0,0.0,0.0,1.0
163344,0,1,3400,-63,63,56,18,18,1.0,0.0,0.0,27,3.5,0.0,0.0,0.0,0.0,0.0,0.0,1.0
163593,0,1,3400,-63,63,57,18,18,1.0,0.0,0.0,27,3.5,0.0,0.0,0.0,0.0,0.0,0.0,1.0
163842,0,1,3400,-63,63,53,18,17,1.0,0.0,0.0,27,3.5,0.0,0.0,0.0,0.0,0.0,0.0,1.0
164091,0,1,3400,-63,63,54,18,18,1.0,0.0,0.0,27,3.5,0.0,0.0,0.0,0.0,0.0,0.0,1.0
164340,0,1,3400,-63,63,58,18,18,1.0,0.0,0.0,27,3.5,0.0,0.0,0.0,0.0,0.0,0.0,1.0
164589,0,1,3400,-63,63,56,18,18,1.0,0.0,0.0,27,3.5,0.0,0.0,0.0,0.0,0.0,0.0,1.0
164838,0,1,3400,-63,63,53,18,18,1.0,0.0,0.0,27,3.5,0.0,0.0,0.0,0.0,0.0,0.0,1.0
165087,0,1,3400,-63,63,55,18,18,1.0,0.0,0.0,27,3.5,0.0,0.0,0.0,0.0,0.0,0.0,1.0
165336,0,1,3400,-63,63,59,18,17,1.0,0.0,0.0,27,3.5,0.0,0.0,0.0,0.0,0.0,0.0,1.0
165585,0,1,3400,-63,63,57,18,19,1.0,0.0,0.0,27,3.5,0.0,0.0,0.0,0.0,0.0,0.0,1.0
165834,0,1,3400,-63,63,62,18,19,1.0,0.0,0.0,27,3.5,0.0,0.0,0.0,0.0,0.0,0.0,1.0
166083,0,1,3400,-63,63,64,18,19,1.00,0.0,0.0,27,3.5,0.0,0.0,0.0,0.0,0.0,0.0,1.0
166332,0,1,3400,-63,63,58,18,18,1.0,0.0,0.0,27,3.5,0.0,0.0,0.0,0.0,0.0,0.0,1.0
166581,0,1,3400,-63,63,58,18,18,1.0,0.0,0.0,27,3.5,0.0,0.0,0.0,0.0,0.0,0.0,1.0
166830,0,1,3400,-63,63,59,18,18,1.0,0.0,0.0,27,3.5,0.0,0.0,0.0,0.0,0.0,0.0,1.0
167079,0,1,3400,-63,63,56,18,19,1.0,0.0,0.0,27,3.5,0.0,0.0,0.0,0.0,0.0,0.0,1.0
167328,0,1,3400,-63,63,51,18,19,1.0,0.0,0.0,27,3.5,0.0,0.0,0.0,0.0,0.0,0.0,1.0
167577,0,1,3400,-63,63,51,18,18,1.0,0.0,0.0,27,3.5,0.0,0.0,0.0,0.0,0.0,0.0,1.0
167826,0,1,3400,-63,63,58,18,18,1.0,0.0,0.0,27,3.5,0.0,0.0,0.0,0.0,0.0,0.0,1.0
168075,0,1,3400,-63,63,61,18,18,1.0,0.0,0.0,27,3.5,0.0,0.0,0.0,0.0,0.0,0.0,1.0
168324,0,1,3400,-63,63,60,18,18,1.00,0.0,0.0,27,3.5,0.0,0.0,0.0,0.0,0.0,0.0,1.0
168573,0,1,3400,-63,63,60,18,18,1.0,0.0,0.0,27,3.5,0.0,0.0,0.0,0.0,0.0,0.0,1.0
168822,0,1,3400,-63,63,60,18,19,1.0,0.0,0.0,27,3.5,0.0,0.0,0.0,0.0,0.0,0.0,1.0
169071,0,1,3400,-63,63,61,18,18,1.0,0.0,0.0,27,3.5,0.0,0.0,0.0,0.0,0.0,0.0,1.0
169320,0,1,3400,-63,63,60,18,19,1.0,0.0,0.0,27,3.5,0.0,0.0,0.0,0.0,0.0,0.0,1.0
169569,0,1,3400,-63,63,55,18,19,1.0,0.0,0.0,27,3.5,0.0,0.0,0.0,0.0,0.0,0.0,1.0
169818,0,1,3400,-63,63,57,18,18,1.0,0.0,0.0,27,3.5,0.0,0.0,0.0,0.0,0.0,0.0,1.0
170067,0,1,3400,-63,63,61,18,18,1.0,0.0,0.0,27,3.5,0.0,0.0,0.0,0.0,0.0,0.0,1.0
170316,0,1,3400,-63,63,64,18,19,1.0,0.0,0.0,27,3.5,0.0,0.0,0.0,0.0,0.0,0.0,1.0
170565,0,1,3400,-63,63,58,18,18,1.0,0.0,0.0,27,3.5,0.0,0.0,0.0,0.0,0.0,0.0,1.0
170814,0,1,3400,-63,63,57,18,18,1.0,0.0,0.0,27,3.5,0.0,0.0,0.0,0.0,0.0,0.0,1.0
171063,0,1,3400,-63,63,57,18,18,1.0,0.0,0.0,27,3.5,0.0,0.0,0.0,0.0,0.0,0.0,1.0
171312,0,1,3400,-63,63,59,18,18,1.0,0.0,0.0,27,3.5,0.0,0.0,0.0,0.0,0.0,0.0,1.0
171561,0,1,3400,-63,63,63,18,20,1.0,0.0,0.0,27,3.5,0.0,0.0,0.0,0.0,0.0,0.0,1.0
171810,0,1,3400,-63,63,63,18,18,1.0,0.0,0.0,27,3.5,0.0,0.0,0.0,0.0,0.0,0.0,1.0
172059,0,1,3400,-63,63,62,18,19,1.0,0.0,0.0,27,3.5,0.0,0.0,0.0,0.0,0.0,0.0,1.0
172308,0,1,3400,-63,63,60,18,18,1.0,0.0,0.0,27,3.5,0.0,0.0,0.0,0.0,0.0,0.0,1.0
172557,0,1,3400,-63,63,61,18,18,1.0,0.0,0.0,27,3.5,0.0,0.0,0.0,0.0,0.0,0.0,1.0
172806,0,1,3400,-63,63,59,18,19,1.0,0.0,0.0,27,3.5,0.0,0.0,0.0,0.0,0.0,0.0,1.0
173055,0,1,3400,-63,63,56,18,19,1.0,0.0,0.0,27,3.5,0.0,0.0,0.0,0.0,0.0,0.0,1.0
173304,0,1,3400,-63,63,57,18,19,1.0,0.0,0.0,27,3.5,0.0,0.0,0.0,0.0,0.0,0.0,1.0
173553,0,1,3400,-63,63,61,18,18,1.0,0.0,0.0,27,3.5,0.0,0.0,0.0,0.0,0.0,0.0,1.0
173802,0,1,3400,-63,63,62,18,18,1.0,0.0,0.0,27,3.5,0.0,0.0,0.0,0.0,0.0,0.0,1.0
174051,0,1,3400,-63,63,60,18,18,1.0,0.0,0.0,27,3.5,0.0,0.0,0.0,0.0,0.0,0.0,1.0
174300,0,1,3400,-63,63,62,18,18,1.0,0.0,0.0,27,3.5,0.0,0.0,0.0,0.0,0.0,0.0,1.0
174549,0,1,3400,-63,63,62,18,18,1.0,0.0,0.0,27,3.5,0.0,0.0,0.0,0.0,0.0,0.0,1.0
174798,0,1,3400,-63,63,57,18,18,1.0,0.0,0.0,27,3.5,0.0,0.0,0.0,0.0,0.0,0.0,1.0
175047,0,1,3400,-63,63,50,18,19,1.0,0.0,0.0,27,3.5,0.0,0.0,0.0,0.0,0.0,0.0,1.0
175296,0,1,3400,-63,63,49,18,18,1.0,0.0,0.0,27,3.5,0.0,0.0,0.0,0.0,0.0,0.0,1.0
175545,0,1,3400,-63,63,51,18,18,1.0,0.0,0.0,27,3.5,0.0,0.0,0.0,0.0,0.0,0.0,1.0
175794,0,1,3400,-63,63,44,18,18,1.0,0.0,0.0,27,3.5,0.0,0.0,0.0,0.0,0.0,0.0,1.0
176043,0,1,3400,-63,63,38,18,19,1.0,0.0,0.0,27,3.5,0.0,0.0,0.0,0.0,0.0,0.0,1.0
176292,0,1,3400,-63,63,46,18,18,1.0,0.0,0.0,27,3.5,0.0,0.0,0.0,0.0,0.0,0.0,1.0
176541,0,1,3400,-63,63,53,18,19,1.0,0.0,0.0,27,3.5,0.0,0.0,0.0,0.0,0.0,0.0,1.0
176790,0,1,3400,-63,63,50,18,19,1.0,0.0,0.0,27,3.5,0.0,0.0,0.0,0.0,0.0,0.0,1.0
177039,0,1,3400,-63,63,45,18,18,1.0,0.0,0.0,27,3.5,0.0,0.0,0.0,0.0,0.0,0.0,1.0
177288,0,1,3400,-63,63,45,18,18,1.0,0.0,0.0,27,3.5,0.0,0.0,0.0,0.0,0.0,0.0,1.0
177537,0,1,3400,-63,63,40,18,19,1.0,0.0,0.0,27,3.5,0.0,0.0,0.0,0.0,0.0,0.0,1.0
177786,0,1,3400,-63,63,37,18,18,1.0,0.0,0.0,27,3.5,0.0,0.0,0.0,0.0,0.0,0.0,1.0
178035,0,1,3400,-63,63,40,18,19,1.0,0.0,0.0,27,3.5,0.0,0.0,0.0,0.0,0.0,0.0,1.0
178284,0,1,3400,-63,63,46,18,18,1.0,0.0,0.0,27,3.5,0.0,0.0,0.0,0.0,0.0,0.0,1.0
178533,0,1,3400,-63,63,46,18,19,1.0,0.0,0.0,27,3.5,0.0,0.0,0.0,0.0,0.0,0.0,1.0
178782,0,1,3400,-63,63,47,18,19,1.0,0.0,0.0,27,3.5,0.0,0.0,0.0,0.0,0.0,0.0,1.0
179031,0,1,3400,-63,63,47,18,19,1.0,0.0,0.0,27,3.5,0.0,0.0,0.0,0.0,0.0,0.0,1.0
179280,0,1,3400,-63,63,52,18,18,1.0,0.0,0.0,27,3.5,0.0,0.0,0.0,0.0,0.0,0.0,1.0
179529,0,1,3400,-63,63,51,18,18,1.0,0.0,0.0,27,3.5,0.0,0.0,0.0,0.0,0.0,0.0,1.0
179778,0,1,3400,-63,63,49,18,18,1.0,0.0,0.0,27,3.5,0.0,0.0,0.0,0.0,0.0,0.0,1.0
180027,0,1,3400,-63,63,50,18,18,1.0,0.0,0.0,27,3.5,0.0,0.0,0.0,0.0,0.0,0.0,1.0
180276,0,1,3400,-63,63,50,18,19,1.0,0.0,0.0,27,3.5,0.0,0.0,0.0,0.0,0.0,0.0,1.0
180525,0,1,3400,-63,63,50,18,18,1.0,0.0,0.0,27,3.5,0.0,0.0,0.0,0.0,0.0,0.0,1.0
180774,0,1,3400,-63,63,49,18,19,1.0,0.0,0.0,27,3.5,0.0,0.0,0.0,0.0,0.0,0.0,1.0
181023,0,1,3400,-63,63,45,18,19,1.0,0.0,0.0,27,3.5,0.0,0.0,0.0,0.0,0.0,0.0,1.0
181272,0,1,3400,-63,63,42,18,18,1.0,0.0,0.0,27,3.5,0.0,0.0,0.0,0.0,0.0,0.0,1.0
181521,0,1,3400,-63,63,45,18,18,1.00,0.0,0.0,27,3.5,0.0,0.0,0.0,0.0,0.0,0.0,1.0
181770,0,1,3400,-63,63,50,18,18,1.0,0.0,0.0,27,3.5,0.0,0.0,0.0,0.0,0.0,0.0,1.0
182019,0,1,3400,-63,63,54,18,18,1.0,0.0,0.0,27,3.5,0.0,0.0,0.0,0.0,0.0,0.0,1.0
182268,0,1,3400,-63,63,55,18,19,1.0,0.0,0.0,27,3.5,0.0,0.0,0.0,0.0,0.0,0.0,1.0
182517,0,1,3400,-63,63,57,18,19,1.0,0.0,0.0,27,3.5,0.0,0.0,0.0,0.0,0.0,0.0,1.0
182766,0,1,3400,-63,63,65,18,18,1.0,0.0,0.0,27,3.5,0.0,0.0,0.0,0.0,0.0,0.0,1.0
183015,0,1,3400,-63,63,67,18,18,1.0,0.0,0.0,27,3.5,0.0,0.0,0.0,0.0,0.0,0.0,1.0
183264,0,1,3400,-63,63,65,18,19,1.0,0.0,0.0,27,3.5,0.0,0.0,0.0,0.0,0.0,0.0,1.0
183513,0,1,3400,-63,63,64,18,19,1.0,0.0,0.0,27,3.5,0.0,0.0,0.0,0.0,0.0,0.0,1.0
183762,0,1,3400,-63,63,56,18,19,1.0,0.0,0.0,27,3.5,0.0,0.0,0.0,0.0,0.0,0.0,1.0
184011,0,1,3400,-63,63,47,18,18,1.0,0.0,0.0,27,3.5,0.0,0.0,0.0,0.0,0.0,0.0,1.0
184260,0,1,3400,-63,63,52,18,19,1.0,0.0,0.0,27,3.5,0.0,0.0,0.0,0.0,0.0,0.0,1.0
184509,0,1,3400,-63,63,52,18,18,1.0,0.0,0.0,27,3.5,0.0,0.0,0.0,0.0,0.0,0.0,1.0
184758,0,1,3400,-63,63,50,18,17,1.0,0.0,0.0,27,3.5,0.0,0.0,0.0,0.0,0.0,0.0,1.0
185007,0,1,3400,-63,63,54,18,18,1.0,0.0,0.0,27,3.5,0.0,0.0,0.0,0.0,0.0,0.0,1.0
185256,0,1,3400,-63,63,57,18,18,1.0,0.0,0.0,27,3.5,0.0,0.0,0.0,0.0,0.0,0.0,1.0
185505,0,1,3400,-63,63,54,18,18,1.0,0.0,0.0,27,3.5,0.0,0.0,0.0,0.0,0.0,0.0,1.0
185754,0,1,3400,-63,63,57,18,18,1.0,0.0,0.0,27,3.5,0.0,0.0,0.0,0.0,0.0,0.0,1.0
186003,0,1,3400,-63,63,56,18,19,1.00,0.0,0.0,27,3.5,0.0,0.0,0.0,0.0,0.0,0.0,1.0
186252,0,1,3400,-63,63,47,18,18,1.0,0.0,0.0,27,3.5,0.0,0.0,0.0,0.0,0.0,0.0,1.0
186501,0,1,3400,-63,63,50,18,17,1.0,0.0,0.0,27,3.5,0.0,0.0,0.0,0.0,0.0,0.0,1.0
186750,0,1,3400,-63,63,54,18,19,1.0,0.0,0.0,27,3.5,0.0,0.0,0.0,0.0,0.0,0.0,1.0
186999,0,1,3400,-63,63,57,18,19,1.0,0.0,0.0,27,3.5,0.0,0.0,0.0,0.0,0.0,0.0,1.0
187248,0,1,3400,-63,63,54,18,18,1.0,0.0,0.0,27,3.5,0.0,0.0,0.0,0.0,0.0,0.0,1.0
187497,0,1,3400,-63,63,49,18,18,1.0,0.0,0.0,27,3.5,0.0,0.0,0.0,0.0,0.0,0.0,1.0
187746,0,1,3400,-63,63,55,18,18,1.0,0.0,0.0,27,3.5,0.0,0.0,0.0,0.0,0.0,0.0,1.0
187995,0,1,3400,-63,63,54,18,19,1.00,0.0,0.0,27,3.5,0.0,0.0,0.0,0.0,0.0,0.0,1.0
188244,0,1,3400,-63,63,57,18,19,1.0,0.0,0.0,27,3.5,0.0,0.0,0.0,0.0,0.0,0.0,1.0
188493,0,1,3400,-63,63,57,18,19,1.0,0.0,0.0,27,3.5,0.0,0.0,0.0,0.0,0.0,0.0,1.0
188742,0,1,3400,-63,63,57,18,18,1.0,0.0,0.0,27,3.5,0.0,0.0,0.0,0.0,0.0,0.0,1.0
188991,0,1,3400,-63,63,61,18,18,1.0,0.0,0.0,27,3.5,0.0,0.0,0.0,0.0,0.0,0.0,1.0
189240,0,1,3400,-63,63,62,18,18,1.0,0.0,0.0,27,3.5,0.0,0.0,0.0,0.0,0.0,0.0,1.0
189489,0,1,3400,-63,63,60,18,18,1.0,0.0,0.0,27,3.5,0.0,0.0,0.0,0.0,0.0,0.0,1.0
189738,0,1,3400,-63,63,55,18,19,1.0,0.0,0.0,27,3.5,0.0,0.0,0.0,0.0,0.0,0.0,1.0
189987,0,1,3400,-63,63,48,18,18,1.0,0.0,0.0,27,3.5,0.0,0.0,0.0,0.0,0.0,0.0,1.0
190236,0,1,3400,-63,63,52,18,18,1.0,0.0,0.0,27,3.5,0.0,0.0,0.0,0.0,0.0,0.0,1.0
190485,0,1,3400,-63,63,60,18,17,1.0,0.0,0.0,27,3.5,0.0,0.0,0.0,0.0,0.0,0.0,1.0
190734,0,1,3400,-63,63,59,18,18,1.0,0.0,0.0,27,3.5,0.0,0.0,0.0,0.0,0.0,0.0,1.0
190983,0,1,3400,-63,63,55,18,19,1.0,0.0,0.0,27,3.5,0.0,0.0,0.0,0.0,0.0,0.0,1.0
191232,0,1,3400,-63,63,57,18,18,1.0,0.0,0.0,27,3.5,0.0,0.0,0.0,0.0,0.0,0.0,1.0
191481,0,1,3400,-63,63,58,18,18,1.0,0.0,0.0,27,3.5,0.0,0.0,0.0,0.0,0.0,0.0,1.0
191730,0,1,3400,-63,63,56,18,19,1.0,0.0,0.0,27,3.5,0.0,0.0,0.0,0.0,0.0,0.0,1.0
191979,0,1,3400,-63,63,59,18,18,1.0,0.0,0.0,27,3.5,0.0,0.0,0.0,0.0,0.0,0.0,1.0
192228,0,1,3400,-63,63,59,18,19,1.0,0.0,0.0,27,3.5,0.0,0.0,0.0,0.0,0.0,0.0,1.0
192477,0,1,3400,-63,63,60,18,18,1.0,0.0,0.0,27,3.5,0.0,0.0,0.0,0.0,0.0,0.0,1.0
192726,0,1,3400,-63,63,60,18,18,1.0,0.0,0.0,27,3.5,0.0,0.0,0.0,0.0,0.0,0.0,1.0
192975,0,1,3400,-63,63,60,18,18,1.0,0.0,0.0,27,3.5,0.0,0.0,0.0,0.0,0.0,0.0,1.0
193224,0,1,3400,-63,63,65,18,18,1.0,0.0,0.0,27,3.5,0.0,0.0,0.0,0.0,0.0,0.0,1.0
193473,0,1,3400,-63,63,65,18,19,1.0,0.0,0.0,27,3.5,0.0,0.0,0.0,0.0,0.0,0.0,1.0
193722,0,1,3400,-63,63,62,18,19,1.0,0.0,0.0,27,3.5,0.0,0.0,0.0,0.0,0.0,0.0,1.0
193971,0,1,3400,-63,63,50,18,19,1.0,0.0,0.0,27,3.5,0.0,0.0,0.0,0.0,0.0,0.0,1.0
194220,0,1,3400,-63,63,52,18,18,1.00,0.0,0.0,27,3.5,0.0,0.0,0.0,0.0,0.0,0.0,1.0
194469,0,1,3400,-63,63,52,18,18,1.0,0.0,0.0,27,3.5,0.0,0.0,0.0,0.0,0.0,0.0,1.0
194718,0,1,3400,-63,63,50,18,18,1.0,0.0,0.0,27,3.5,0.0,0.0,0.0,0.0,0.0,0.0,1.0
194967,0,1,3400,-63,63,52,18,19,1.0,0.0,0.0,27,3.5,0.0,0.0,0.0,0.0,0.0,0.0,1.0
195216,0,1,3400,-63,63,51,18,19,1.0,0.0,0.0,27,3.5,0.0,0.0,0.0,0.0,0.0,0.0,1.0
195465,0,1,3400,-63,63,40,18,19,1.0,0.0,0.0,27,3.5,0.0,0.0,0.0,0.0,0.0,0.0,1.0
195714,0,1,3400,-63,63,43,18,19,1.0,0.0,0.0,27,3.5,0.0,0.0,0.0,0.0,0.0,0.0,1.0
195963,0,1,3400,-63,63,44,18,18,1.0,0.0,0.0,27,3.5,0.0,0.0,0.0,0.0,0.0,0.0,1.0
196212,0,1,3400,-63,63,43,18,18,1.0,0.0,0.0,27,3.5,0.0,0.0,0.0,0.0,0.0,0.0,1.0
196461,0,1,3400,-63,63,45,18,18,1.0,0.0,0.0,27,3.5,0.0,0.0,0.0,0.0,0.0,0.0,1.0
196710,0,1,3400,-63,63,45,18,18,1.0,0.0,0.0,27,3.5,0.0,0.0,0.0,0.0,0.0,0.0,1.0
196959,0,1,3400,-63,63,44,18,18,1.0,0.0,0.0,27,3.5,0.0,0.0,0.0,0.0,0.0,0.0,1.0
197208,0,1,3400,-63,63,38,18,19,1.0,0.0,0.0,27,3.5,0.0,0.0,0.0,0.0,0.0,0.0,1.0
197457,0,1,3400,-63,63,39,18,18,1.0,0.0,0.0,27,3.5,0.0,0.0,0.0,0.0,0.0,0.0,1.0
197706,0,1,3400,-63,63,45,18,18,1.0,0.0,0.0,27,3.5,0.0,0.0,0.0,0.0,0.0,0.0,1.0
197955,0,1,3400,-63,63,46,18,19,1.0,0.0,0.0,27,3.5,0.0,0.0,0.0,0.0,0.0,0.0,1.0
198204,0,1,3400,-63,63,46,18,19,1.0,0.0,0.0,27,3.5,0.0,0.0,0.0,0.0,0.0,0.0,1.0
198453,0,1,3400,-63,63,49,18,19,1.0,0.0,0.0,27,3.5,0.0,0.0,0.0,0.0,0.0,0.0,1.0
198702,0,1,3400,-63,63,49,18,19,1.0,0.0,0.0,27,3.5,0.0,0.0,0.0,0.0,0.0,0.0,1.0
198951,0,1,3400,-63,63,43,18,18,1.0,0.0,0.0,27,3.5,0.0,0.0,0.0,0.0,0.0,0.0,1.0
199200,0,1,3400,-63,63,37,18,19,1.0,0.0,0.0,27,3.5,0.0,0.0,0.0,0.0,0.0,0.0,1.0
199449,0,1,3400,-63,63,38,18,18,1.0,0.0,0.0,27,3.5,0.0,0.0,0.0,0.0,0.0,0.0,1.0
199698,0,1,3400,-63,63,39,18,18,1.0,0.0,0.0,27,3.5,0.0,0.0,0.0,0.0,0.0,0.0,1.0
199947,0,1,3400,-63,63,37,18,18,1.0,0.0,0.0,27,3.5,0.0,0.0,0.0,0.0,0.0,0.0,1.0
200196,0,1,3400,-63,63,34,18,19,1.0,0.0,0.0,27,3.5,0.0,0.0,0.0,0.0,0.0,0.0,1.0
200445,0,1,3400,-63,63,31,18,19,1.0,0.0,0.0,27,3.5,0.0,0.0,0.0,0.0,0.0,0.0,1.0
200694,0,1,3400,-63,63,37,18,18,1.0,0.0,0.0,27,3.5,0.0,0.0,0.0,0.0,0.0,0.0,1.0
200943,0,1,3400,-63,63,44,18,18,1.0,0.0,0.0,27,3.5,0.0,0.0,0.0,0.0,0.0,0.0,1.0
201192,0,1,3400,-63,63,46,18,18,1.0,0.0,0.0,27,3.5,0.0,0.0,0.0,0.0,0.0,0.0,1.0
201441,0,1,3400,-63,63,47,18,19,1.0,0.0,0.0,27,3.5,0.0,0.0,0.0,0.0,0.0,0.0,1.0
201690,0,1,3400,-63,63,47,18,19,1.0,0.0,0.0,27,3.5,0.0,0.0,0.0,0.0,0.0,0.0,1.0
201939,0,1,3400,-63,63,45,18,19,1.0,0.0,0.0,27,3.5,0.0,0.0,0.0,0.0,0.0,0.0,1.0
202188,0,1,3400,-63,63,44,18,19,1.0,0.0,0.0,27,3.5,0.0,0.0,0.0,0.0,0.0,0.0,1.0
202437,0,1,3400,-63,63,42,18,18,1.0,0.0,0.0,27,3.5,0.0,0.0,0.0,0.0,0.0,0.0,1.0
202686,0,1,3400,-63,63,38,18,18,1.0,0.0,0.0,27,3.5,0.0,0.0,0.0,0.0,0.0,0.0,1.0
202935,0,1,3400,-63,63,39,18,17,1.0,0.0,0.0,27,3.5,0.0,0.0,0.0,0.0,0.0,0.0,1.0
203184,0,1,3400,-63,63,40,18,19,1.0,0.0,0.0,27,3.5,0.0,0.0,0.0,0.0,0.0,0.0,1.0
203433,0,1,3400,-63,63,47,18,18,1.0,0.0,0.0,27,3.5,0.0,0.0,0.0,0.0,0.0,0.0,1.0
203682,0,1,3400,-63,63,50,18,18,1.0,0.0,0.0,27,3.5,0.0,0.0,0.0,0.0,0.0,0.0,1.0
203931,0,1,3400,-63,63,49,18,18,1.0,0.0,0.0,27,3.5,0.0,0.0,0.0,0.0,0.0,0.0,1.0
204180,0,1,3400,-63,63,48,18,19,1.0,0.0,0.0,27,3.5,0.0,0.0,0.0,0.0,0.0,0.0,1.0
204429,0,1,3400,-63,63,48,18,18,1.0,0.0,0.0,27,3.5,0.0,0.0,0.0,0.0,0.0,0.0,1.0
204678,0,1,3400,-63,63,49,18,19,1.0,0.0,0.0,27,3.5,0.0,0.0,0.0,0.0,0.0,0.0,1.0
204927,0,1,3400,-63,63,46,18,19,1.0,0.0,0.0,27,3.5,0.0,0.0,0.0,0.0,0.0,0.0,1.0
205176,0,1,3400,-63,63,42,18,19,1.0,0.0,0.0,27,3.5,0.0,0.0,0.0,0.0,0.0,0.0,1.0
205425,0,1,3400,-63,63,43,18,19,1.0,0.0,0.0,27,3.5,0.0,0.0,0.0,0.0,0.0,0.0,1.0
205674,0,1,3400,-63,63,44,18,19,1.0,0.0,0.0,27,3.5,0.0,0.0,0.0,0.0,0.0,0.0,1.0
205923,0,1,3400,-63,63,44,18,19,1.0,0.0,0.0,27,3.5,0.0,0.0,0.0,0.0,0.0,0.0,1.0
206172,0,1,3400,-63,63,42,18,18,1.0,0.0,0.0,27,3.5,0.0,0.0,0.0,0.0,0.0,0.0,1.0
206421,0,1,3400,-63,63,39,18,18,1.0,0.0,0.0,27,3.5,0.0,0.0,0.0,0.0,0.0,0.0,1.0
206670,0,1,3400,-63,63,40,18,18,1.0,0.0,0.0,27,3.5,0.0,0.0,0.0,0.0,0.0,0.0,1.0
206919,0,1,3400,-63,63,41,18,18,1.0,0.0,0.0,27,3.5,0.0,0.0,0.0,0.0,0.0,0.0,1.0
207168,0,1,3400,-63,63,39,18,18,1.00,0.0,0.0,27,3.5,0.0,0.0,0.0,0.0,0.0,0.0,1.0
207417,0,1,3400,-63,63,39,18,19,1.0,0.0,0.0,27,3.5,0.0,0.0,0.0,0.0,0.0,0.0,1.0
207666,0,1,3400,-63,63,44,18,18,1.0,0.0,0.0,27,3.5,0.0,0.0,0.0,0.0,0.0,0.0,1.0
207915,0,1,3400,-63,63,43,18,18,1.0,0.0,0.0,27,3.5,0.0,0.0,0.0,0.0,0.0,0.0,1.0
208164,0,1,3400,-63,63,41,18,18,1.0,0.0,0.0,27,3.5,0.0,0.0,0.0,0.0,0.0,0.0,1.0
208413,0,1,3400,-63,63,47,18,19,1.0,0.0,0.0,27,3.5,0.0,0.0,0.0,0.0,0.0,0.0,1.0
208662,0,1,3400,-63,63,50,18,18,1.0,0.0,0.0,27,3.5,0.0,0.0,0.0,0.0,0.0,0.0,1.0
208911,0,1,3400,-63,63,54,18,18,1.0,0.0,0.0,27,3.5,0.0,0.0,0.0,0.0,0.0,0.0,1.0
209160,0,1,3400,-63,63,56,18,18,1.0,0.0,0.0,27,3.5,0.0,0.0,0.0,0.0,0.0,0.0,1.0
209409,0,1,3400,-63,63,49,18,19,1.0,0.0,0.0,27,3.5,0.0,0.0,0.0,0.0,0.0,0.0,1.0
209658,0,1,3400,-63,63,51,18,19,1.0,0.0,0.0,27,3.5,0.0,0.0,0.0,0.0,0.0,0.0,1.0
209907,0,1,3400,-63,63,54,18,19,1.0,0.0,0.0,27,3.5,0.0,0.0,0.0,0.0,0.0,0.0,1.0
210156,0,1,3400,-63,63,52,18,19,1.0,0.0,0.0,27,3.5,0.0,0.0,0.0,0.0,0.0,0.0,1.0
210405,0,1,3400,-63,63,49,18,18,1.0,0.0,0.0,27,3.5,0.0,0.0,0.0,0.0,0.0,0.0,1.0
210654,0,1,3400,-63,63,51,18,19,1.0,0.0,0.0,27,3.5,0.0,0.0,0.0,0.0,0.0,0.0,1.0
210903,0,1,3400,-63,63,55,18,18,1.0,0.0,0.0,27,3.5,0.0,0.0,0.0,0.0,0.0,0.0,1.0
211152,0,1,3400,-63,63,59,18,17,1.0,0.0,0.0,27,3.5,0.0,0.0,0.0,0.0,0.0,0.0,1.0
211401,0,1,3400,-63,63,56,18,18,1.0,0.0,0.0,27,3.5,0.0,0.0,0.0,0.0,0.0,0.0,1.0
211650,0,1,3400,-63,63,56,18,18,1.0,0.0,0.0,27,3.5,0.0,0.0,0.0,0.0,0.0,0.0,1.0
211899,0,1,3400,-63,63,48,18,18,1.0,0.0,0.0,27,3.5,0.0,0.0,0.0,0.0,0.0,0.0,1.0
212148,0,1,3400,-63,63,46,18,19,1.0,0.0,0.0,27,3.5,0.0,0.0,0.0,0.0,0.0,0.0,1.0
212397,0,1,3400,-63,63,51,18,19,1.0,0.0,0.0,27,3.5,0.0,0.0,0.0,0.0,0.0,0.0,1.0
212646,0,1,3400,-63,63,52,18,19,1.0,0.0,0.0,27,3.5,0.0,0.0,0.0,0.0,0.0,0.0,1.0
212895,0,1,3400,-63,63,55,18,18,1.0,0.0,0.0,27,3.5,0.0,0.0,0.0,0.0,0.0,0.0,1.0
213144,0,1,3400,-63,63,54,18,18,1.0,0.0,0.0,27,3.5,0.0,0.0,0.0,0.0,0.0,0.0,1.0
213393,0,1,3400,-63,63,47,18,18,1.0,0.0,0.0,27,3.5,0.0,0.0,0.0,0.0,0.0,0.0,1.0
213642,0,1,3400,-63,63,42,18,19,1.0,0.0,0.0,27,3.5,0.0,0.0,0.0,0.0,0.0,0.0,1.0
213891,0,1,3400,-63,63,47,18,18,1.0,0.0,0.0,27,3.5,0.0,0.0,0.0,0.0,0.0,0.0,1.0
214140,0,1,3400,-63,63,48,18,18,1.0,0.0,0.0,27,3.5,0.0,0.0,0.0,0.0,0.0,0.0,1.0
214389,0,1,3400,-63,63,47,18,18,1.0,0.0,0.0,27,3.5,0.0,0.0,0.0,0.0,0.0,0.0,1.0
214638,0,1,3400,-63,63,45,18,18,1.0,0.0,0.0,27,3.5,0.0,0.0,0.0,0.0,0.0,0.0,1.0
214887,0,1,3400,-63,63,43,18,18,1.0,0.0,0.0,27,3.5,0.0,0.0,0.0,0.0,0.0,0.0,1.0
215136,0,1,3400,-63,63,42,18,18,1.0,0.0,0.0,27,3.5,0.0,0.0,0.0,0.0,0.0,0.0,1.0
215385,0,1,3400,-63,63,44,18,19,1.0,0.0,0.0,27,3.5,0.0,0.0,0.0,0.0,0.0,0.0,1.0
215634,0,1,3400,-63,63,43,18,19,1.0,0.0,0.0,27,3.5,0.0,0.0,0.0,0.0,0.0,0.0,1.0
215883,0,1,3400,-63,63,46,18,18,1.0,0.0,0.0,27,3.5,0.0,0.0,0.0,0.0,0.0,0.0,1.0
216132,0,1,3400,-63,63,53,18,19,1.0,0.0,0.0,27,3.5,0.0,0.0,0.0,0.0,0.0,0.0,1.0
216381,0,1,3400,-63,63,57,18,18,1.0,0.0,0.0,27,3.5,0.0,0.0,0.0,0.0,0.0,0.0,1.0
216630,0,1,3400,-63,63,52,18,18,1.0,0.0,0.0,27,3.5,0.0,0.0,0.0,0.0,0.0,0.0,1.0
216879,0,1,3400,-63,63,49,18,18,1.0,0.0,0.0,27,3.5,0.0,0.0,0.0,0.0,0.0,0.0,1.0
217128,0,1,3400,-63,63,50,18,18,1.0,0.0,0.0,27,3.5,0.0,0.0,0.0,0.0,0.0,0.0,1.0
217377,0,1,3400,-63,63,51,18,17,1.0,0.0,0.0,27,3.5,0.0,0.0,0.0,0.0,0.0,0.0,1.0
217626,0,1,3400,-63,63,56,18,18,1.0,0.0,0.0,27,3.5,0.0,0.0,0.0,0.0,0.0,0.0,1.0
217875,0,1,3400,-63,63,54,18,18,1.0,0.0,0.0,27,3.5,0.0,0.0,0.0,0.0,0.0,0.0,1.0
218124,0,1,3400,-63,63,47,18,18,1.0,0.0,0.0,27,3.5,0.0,0.0,0.0,0.0,0.0,0.0,1.0
218373,0,1,3400,-63,63,48,18,19,1.0,0.0,0.0,27,3.5,0.0,0.0,0.0,0.0,0.0,0.0,1.0
218622,0,1,3400,-63,63,52,18,19,1.0,0.0,0.0,27,3.5,0.0,0.0,0.0,0.0,0.0,0.0,1.0
218871,0,1,3400,-63,63,52,18,18,1.0,0.0,0.0,27,3.5,0.0,0.0,0.0,0.0,0.0,0.0,1.0
219120,0,1,3400,-63,63,54,18,19,1.0,0.0,0.0,27,3.5,0.0,0.0,0.0,0.0,0.0,0.0,1.0
219369,0,1,3400,-63,63,56,18,19,1.0,0.0,0.0,27,3.5,0.0,0.0,0.0,0.0,0.0,0.0,1.0
219618,0,1,3400,-63,63,59,18,19,1.0,0.0,0.0,27,3.5,0.0,0.0,0.0,0.0,0.0,0.0,1.0
219867,0,1,3400,-63,63,61,18,18,1.0,0.0,0.0,27,3.5,0.0,0.0,0.0,0.0,0.0,0.0,1.0
220116,0,1,3400,-63,63,60,18,18,1.0,0.0,0.0,27,3.5,0.0,0.0,0.0,0.0,0.0,0.0,1.0
220365,0,1,3400,-63,63,58,18,18,1.0,0.0,0.0,27,3.5,0.0,0.0,0.0,0.0,0.0,0.0,1.0
220614,0,1,3400,-63,63,59,18,18,1.0,0.0,0.0,27,3.5,0.0,0.0,0.0,0.0,0.0,0.0,1.0
220863,0,1,3400,-63,63,60,18,18,1.0,0.0,0.0,27,3.5,0.0,0.0,0.0,0.0,0.0,0.0,1.0
221112,0,1,3400,-63,63,60,18,18,1.0,0.0,0.0,27,3.5,0.0,0.0,0.0,0.0,0.0,0.0,1.0
221361,0,1,3400,-63,63,61,18,19,1.0,0.0,0.0,27,3.5,0.0,0.0,0.0,0.0,0.0,0.0,1.0
221610,0,1,3400,-63,63,63,18,18,1.0,0.0,0.0,27,3.5,0.0,0.0,0.0,0.0,0.0,0.0,1.0
221859,0,1,3400,-63,63,59,18,19,1.0,0.0,0.0,27,3.5,0.0,0.0,0.0,0.0,0.0,0.0,1.0
222108,0,1,3400,-63,63,58,18,18,1.0,0.0,0.0,27,3.5,0.0,0.0,0.0,0.0,0.0,0.0,1.0
222357,0,1,3400,-63,63,58,18,18,1.0,0.0,0.0,27,3.5,0.0,0.0,0.0,0.0,0.0,0.0,1.0
222606,0,1,3400,-63,63,59,18,18,1.0,0.0,0.0,27,3.5,0.0,0.0,0.0,0.0,0.0,0.0,1.0
222855,0,1,3400,-63,63,56,18,18,1.0,0.0,0.0,27,3.5,0.0,0.0,0.0,0.0,0.0,0.0,1.0
223104,0,1,3400,-63,63,53,18,18,1.0,0.0,0.0,27,3.5,0.0,0.0,0.0,0.0,0.0,0.0,1.0
223353,0,1,3400,-63,63,47,18,17,1.0,0.0,0.0,27,3.5,0.0,0.0,0.0,0.0,0.0,0.0,1.0
223602,0,1,3400,-63,63,45,18,19,1.0,0.0,0.0,27,3.5,0.0,0.0,0.0,0.0,0.0,0.0,1.0
223851,0,1,3400,-63,63,44,18,18,1.0,0.0,0.0,27,3.5,0.0,0.0,0.0,0.0,0.0,0.0,1.0
224100,0,1,3400,-63,63,47,18,18,1.0,0.0,0.0,27,3.5,0.0,0.0,0.0,0.0,0.0,0.0,1.0
224349,0,1,3400,-63,63,48,18,18,1.0,0.0,0.0,27,3.5,0.0,0.0,0.0,0.0,0.0,0.0,1.0
224598,0,1,3400,-63,63,54,18,18,1.0,0.0,0.0,27,3.5,0.0,0.0,0.0,0.0,0.0,0.0,1.0
224847,0,1,3400,-63,63,52,18,18,1.0,0.0,0.0,27,3.5,0.0,0.0,0.0,0.0,0.0,0.0,1.0
225096,0,1,3400,-63,63,50,18,19,1.0,0.0,0.0,27,3.5,0.0,0.0,0.0,0.0,0.0,0.0,1.0
225345,0,1,3400,-63,63,48,18,18,1.0,0.0,0.0,27,3.5,0.0,0.0,0.0,0.0,0.0,0.0,1.0
225594,0,1,3400,-63,63,46,18,18,1.0,0.0,0.0,27,3.5,0.0,0.0,0.0,0.0,0.0,0.0,1.0
225843,0,1,3400,-63,63,45,18,18,1.00,0.0,0.0,27,3.6,0.0,0.0,0.0,0.0,0.0,0.0,1.0
226092,0,1,3400,-63,63,48,18,18,1.0,0.0,0.0,27,3.5,0.0,0.0,0.0,0.0,0.0,0.0,1.0
226341,0,1,3400,-63,63,42,18,18,1.0,0.0,0.0,27,3.5,0.0,0.0,0.0,0.0,0.0,0.0,1.0
226590,0,1,3400,-63,63,41,18,19,1.0,0.0,0.0,27,3.5,0.0,0.0,0.0,0.0,0.0,0.0,1.0
226839,0,1,3400,-63,63,48,18,19,1.0,0.0,0.0,27,3.5,0.0,0.0,0.0,0.0,0.0,0.0,1.0
227088,0,1,3400,-63,63,51,18,18,1.0,0.0,0.0,27,3.5,0.0,0.0,0.0,0.0,0.0,0.0,1.0
227337,0,1,3400,-63,63,44,18,19,1.0,0.0,0.0,27,3.5,0.0,0.0,0.0,0.0,0.0,0.0,1.0
227586,0,1,3400,-63,63,46,18,18,1.0,0.0,0.0,27,3.5,0.0,0.0,0.0,0.0,0.0,0.0,1.0
227835,0,1,3400,-63,63,45,18,19,1.0,0.0,0.0,27,3.5,0.0,0.0,0.0,0.0,0.0,0.0,1.0
228084,0,1,3400,-63,63,44,18,18,1.0,0.0,0.0,27,3.5,0.0,0.0,0.0,0.0,0.0,0.0,1.0
228333,0,1,3400,-63,63,41,18,18,1.0,0.0,0.0,27,3.5,0.0,0.0,0.0,0.0,0.0,0.0,1.0
228582,0,1,3400,-63,63,36,18,19,1.0,0.0,0.0,27,3.5,0.0,0.0,0.0,0.0,0.0,0.0,1.0
228831,0,1,3400,-63,63,45,18,18,1.0,0.0,0.0,27,3.5,0.0,0.0,0.0,0.0,0.0,0.0,1.0
229080,0,1,3400,-63,63,52,18,19,1.0,0.0,0.0,27,3.5,0.0,0.0,0.0,0.0,0.0,0.0,1.0
229329,0,1,3400,-63,63,47,18,19,1.0,0.0,0.0,27,3.5,0.0,0.0,0.0,0.0,0.0,0.0,1.0
229578,0,1,3400,-63,63,47,18,18,1.0,0.0,0.0,27,3.5,0.0,0.0,0.0,0.0,0.0,0.0,1.0
229827,0,1,3400,-63,63,50,18,19,1.0,0.0,0.0,27,3.5,0.0,0.0,0.0,0.0,0.0,0.0,1.0
230076,0,1,3400,-63,63,47,18,19,1.0,0.0,0.0,27,3.5,0.0,0.0,0.0,0.0,0.0,0.0,1.0
230325,0,1,3400,-63,63,43,18,19,1.0,0.0,0.0,27,3.5,0.0,0.0,0.0,0.0,0.0,0.0,1.0
230574,0,1,3400,-63,63,42,18,18,1.0,0.0,0.0,27,3.5,0.0,0.0,0.0,0.0,0.0,0.0,1.0
230824,0,1,3400,-63,63,46,18,18,1.0,0.0,0.0,27,3.5,0.0,0.0,0.0,0.0,0.0,0.0,1.0
231073,0,1,3400,-63,63,46,18,18,1.0,0.0,0.0,27,3.5,0.0,0.0,0.0,0.0,0.0,0.0,1.0
231322,0,1,3400,-63,63,43,18,19,1.0,0.0,0.0,27,3.5,0.0,0.0,0.0,0.0,0.0,0.0,1.0
231571,0,1,3400,-63,63,46,18,18,1.0,0.0,0.0,27,3.5,0.0,0.0,0.0,0.0,0.0,0.0,1.0
231820,0,1,3400,-63,63,46,18,19,1.0,0.0,0.0,27,3.5,0.0,0.0,0.0,0.0,0.0,0.0,1.0
232069,0,1,3400,-63,63,49,18,18,1.0,0.0,0.0,27,3.5,0.0,0.0,0.0,0.0,0.0,0.0,1.0
232318,0,1,3400,-63,63,49,18,18,1.0,0.0,0.0,27,3.5,0.0,0.0,0.0,0.0,0.0,0.0,1.0
232567,0,1,3400,-63,63,44,18,18,1.0,0.0,0.0,27,3.5,0.0,0.0,0.0,0.0,0.0,0.0,1.0
232816,0,1,3400,-63,63,46,18,18,1.0,0.0,0.0,27,3.5,0.0,0.0,0.0,0.0,0.0,0.0,1.0
233065,0,1,3400,-63,63,42,18,19,1.0,0.0,0.0,27,3.5,0.0,0.0,0.0,0.0,0.0,0.0,1.0
233314,0,1,3400,-63,63,40,18,17,1.0,0.0,0.0,27,3.5,0.0,0.0,0.0,0.0,0.0,0.0,1.0
233563,0,1,3400,-63,63,45,18,18,1.0,0.0,0.0,27,3.5,0.0,0.0,0.0,0.0,0.0,0.0,1.0
233812,0,1,3400,-63,63,49,18,18,1.0,0.0,0.0,27,3.5,0.0,0.0,0.0,0.0,0.0,0.0,1.0
234061,0,1,3400,-63,63,54,18,18,1.0,0.0,0.0,27,3.5,0.0,0.0,0.0,0.0,0.0,0.0,1.0
234310,0,1,3400,-63,63,53,18,18,1.0,0.0,0.0,27,3.5,0.0,0.0,0.0,0.0,0.0,0.0,1.0
234559,0,1,3400,-63,63,50,18,19,1.0,0.0,0.0,27,3.5,0.0,0.0,0.0,0.0,0.0,0.0,1.0
234808,0,1,3400,-63,63,53,18,18,1.0,0.0,0.0,27,3.5,0.0,0.0,0.0,0.0,0.0,0.0,1.0
235057,0,1,3400,-63,63,59,18,18,1.0,0.0,0.0,27,3.5,0.0,0.0,0.0,0.0,0.0,0.0,1.0
235306,0,1,3400,-63,63,58,18,17,1.0,0.0,0.0,27,3.5,0.0,0.0,0.0,0.0,0.0,0.0,1.0
235555,0,1,3400,-63,63,57,18,18,1.0,0.0,0.0,27,3.5,0.0,0.0,0.0,0.0,0.0,0.0,1.0
235804,0,1,3400,-63,63,57,18,18,1.0,0.0,0.0,27,3.5,0.0,0.0,0.0,0.0,0.0,0.0,1.0
236053,0,1,3400,-63,63,54,18,18,1.0,0.0,0.0,27,3.5,0.0,0.0,0.0,0.0,0.0,0.0,1.0
236302,0,1,3400,-63,63,49,18,18,1.0,0.0,0.0,27,3.5,0.0,0.0,0.0,0.0,0.0,0.0,1.0
236551,0,1,3400,-63,63,49,18,19,1.0,0.0,0.0,27,3.5,0.0,0.0,0.0,0.0,0.0,0.0,1.0
236800,0,1,3400,-63,63,46,18,18,1.0,0.0,0.0,27,3.5,0.0,0.0,0.0,0.0,0.0,0.0,1.0
237049,0,1,3400,-63,63,45,18,18,1.0,0.0,0.0,27,3.5,0.0,0.0,0.0,0.0,0.0,0.0,1.0
237298,0,1,3400,-63,63,44,18,18,1.0,0.0,0.0,27,3.5,0.0,0.0,0.0,0.0,0.0,0.0,1.0
237547,0,1,3400,-63,63,49,18,18,1.0,0.0,0.0,27,3.5,0.0,0.0,0.0,0.0,0.0,0.0,1.0
237796,0,1,3400,-63,63,51,18,17,1.0,0.0,0.0,27,3.5,0.0,0.0,0.0,0.0,0.0,0.0,1.0
238045,0,1,3400,-63,63,49,18,18,1.0,0.0,0.0,27,3.5,0.0,0.0,0.0,0.0,0.0,0.0,1.0
238294,0,1,3400,-63,63,47,18,19,1.0,0.0,0.0,27,3.5,0.0,0.0,0.0,0.0,0.0,0.0,1.0
238543,0,1,3400,-63,63,44,18,19,1.0,0.0,0.0,27,3.5,0.0,0.0,0.0,0.0,0.0,0.0,1.0
238792,0,1,3400,-63,63,42,18,18,1.0,0.0,0.0,27,3.5,0.0,0.0,0.0,0.0,0.0,0.0,1.0
239041,0,1,3400,-63,63,41,18,18,1.0,0.0,0.0,27,3.5,0.0,0.0,0.0,0.0,0.0,0.0,1.0
239290,0,1,3400,-63,63,41,18,18,1.0,0.0,0.0,27,3.5,0.0,0.0,0.0,0.0,0.0,0.0,1.0
239539,0,1,3400,-63,63,45,18,19,1.0,0.0,0.0,27,3.5,0.0,0.0,0.0,0.0,0.0,0.0,1.0
239788,0,1,3400,-63,63,46,18,18,1.0,0.0,0.0,27,3.5,0.0,0.0,0.0,0.0,0.0,0.0,1.0
240037,0,1,3400,-63,63,46,18,18,1.0,0.0,0.0,27,3.5,0.0,0.0,0.0,0.0,0.0,0.0,1.0
240286,0,1,3400,-63,63,48,18,18,1.0,0.0,0.0,27,3.5,0.0,0.0,0.0,0.0,0.0,0.0,1.0
240535,0,1,3400,-63,63,50,18,18,1.0,0.0,0.0,27,3.5,0.0,0.0,0.0,0.0,0.0,0.0,1.0
240784,0,1,3400,-63,63,50,18,18,1.0,0.0,0.0,27,3.5,0.0,0.0,0.0,0.0,0.0,0.0,1.0
241033,0,1,3400,-63,63,50,18,19,1.0,0.0,0.0,27,3.5,0.0,0.0,0.0,0.0,0.0,0.0,1.0
241282,0,1,3400,-63,63,44,18,19,1.0,0.0,0.0,27,3.5,0.0,0.0,0.0,0.0,0.0,0.0,1.0
241531,0,1,3400,-63,63,47,18,18,1.0,0.0,0.0,27,3.5,0.0,0.0,0.0,0.0,0.0,0.0,1.0
241780,0,1,3400,-63,63,46,18,19,1.0,0.0,0.0,27,3.5,0.0,0.0,0.0,0.0,0.0,0.0,1.0
242029,0,1,3400,-63,63,46,18,19,1.0,0.0,0.0,27,3.5,0.0,0.0,0.0,0.0,0.0,0.0,1.0
242278,0,1,3400,-63,63,48,18,18,1.0,0.0,0.0,27,3.5,0.0,0.0,0.0,0.0,0.0,0.0,1.0
242527,0,1,3400,-63,63,49,18,18,1.0,0.0,0.0,27,3.5,0.0,0.0,0.0,0.0,0.0,0.0,1.0
242776,0,1,3400,-63,63,54,18,18,1.0,0.0,0.0,27,3.5,0.0,0.0,0.0,0.0,0.0,0.0,1.0
243025,0,1,3400,-63,63,52,18,18,1.0,0.0,0.0,27,3.5,0.0,0.0,0.0,0.0,0.0,0.0,1.0
243274,0,1,3400,-63,63,47,18,18,1.0,0.0,0.0,27,3.5,0.0,0.0,0.0,0.0,0.0,0.0,1.0
243523,0,1,3400,-63,63,51,18,18,1.0,0.0,0.0,27,3.5,0.0,0.0,0.0,0.0,0.0,0.0,1.0
243772,0,1,3400,-63,63,53,18,18,1.0,0.0,0.0,27,3.5,0.0,0.0,0.0,0.0,0.0,0.0,1.0
244021,0,1,3400,-63,63,53,18,18,1.0,0.0,0.0,27,3.5,0.0,0.0,0.0,0.0,0.0,0.0,1.0
244270,0,1,3400,-63,63,50,18,18,1.0,0.0,0.0,27,3.5,0.0,0.0,0.0,0.0,0.0,0.0,1.0
244519,0,1,3400,-63,63,55,18,17,1.0,0.0,0.0,27,3.5,0.0,0.0,0.0,0.0,0.0,0.0,1.0
244768,0,1,3400,-63,63,50,18,18,1.0,0.0,0.0,27,3.5,0.0,0.0,0.0,0.0,0.0,0.0,1.0
245017,0,1,3400,-63,63,51,18,19,1.0,0.0,0.0,27,3.5,0.0,0.0,0.0,0.0,0.0,0.0,1.0
245266,0,1,3400,-63,63,47,18,18,1.0,0.0,0.0,27,3.5,0.0,0.0,0.0,0.0,0.0,0.0,1.0
245515,0,1,3400,-63,63,46,18,18,1.0,0.0,0.0,27,3.5,0.0,0.0,0.0,0.0,0.0,0.0,1.0
245764,0,1,3400,-63,63,55,18,18,1.0,0.0,0.0,27,3.5,0.0,0.0,0.0,0.0,0.0,0.0,1.0
246013,0,1,3400,-63,63,51,18,17,1.0,0.0,0.0,27,3.5,0.0,0.0,0.0,0.0,0.0,0.0,1.0
246262,0,1,3400,-63,63,48,18,18,1.0,0.0,0.0,27,3.5,0.0,0.0,0.0,0.0,0.0,0.0,1.0
246511,0,1,3400,-63,63,51,18,18,1.0,0.0,0.0,27,3.5,0.0,0.0,0.0,0.0,0.0,0.0,1.0
246760,0,1,3400,-63,63,51,18,18,1.0,0.0,0.0,27,3.5,0.0,0.0,0.0,0.0,0.0,0.0,1.0
247009,0,1,3400,-63,63,50,18,19,1.0,0.0,0.0,27,3.5,0.0,0.0,0.0,0.0,0.0,0.0,1.0
247258,0,1,3400,-63,63,46,18,18,1.0,0.0,0.0,27,3.5,0.0,0.0,0.0,0.0,0.0,0.0,1.0
247507,0,1,3400,-63,63,40,18,17,1.0,0.0,0.0,27,3.5,0.0,0.0,0.0,0.0,0.0,0.0,1.0
247756,0,1,3400,-63,63,43,18,18,1.0,0.0,0.0,27,3.5,0.0,0.0,0.0,0.0,0.0,0.0,1.0
248005,0,1,3400,-63,63,52,18,18,1.0,0.0,0.0,27,3.5,0.0,0.0,0.0,0.0,0.0,0.0,1.0
248254,0,1,3400,-63,63,49,18,18,1.0,0.0,0.0,27,3.5,0.0,0.0,0.0,0.0,0.0,0.0,1.0
248503,0,1,3400,-63,63,49,18,19,1.0,0.0,0.0,27,3.5,0.0,0.0,0.0,0.0,0.0,0.0,1.0
248752,0,1,3400,-63,63,52,18,18,1.0,0.0,0.0,27,3.5,0.0,0.0,0.0,0.0,0.0,0.0,1.0
249001,0,1,3400,-63,63,53,18,18,1.0,0.0,0.0,27,3.5,0.0,0.0,0.0,0.0,0.0,0.0,1.0
249250,0,1,3400,-63,63,54,18,19,1.0,0.0,0.0,27,3.5,0.0,0.0,0.0,0.0,0.0,0.0,1.0
249499,0,1,3400,-63,63,58,18,18,1.0,0.0,0.0,27,3.5,0.0,0.0,0.0,0.0,0.0,0.0,1.0
249748,0,1,3400,-63,63,59,18,19,1.0,0.0,0.0,27,3.5,0.0,0.0,0.0,0.0,0.0,0.0,1.0
249997,0,1,3400,-63,63,56,18,18,1.0,0.0,0.0,27,3.5,0.0,0.0,0.0,0.0,0.0,0.0,1.0
250246,0,1,3400,-63,63,50,18,18,1.0,0.0,0.0,27,3.5,0.0,0.0,0.0,0.0,0.0,0.0,1.0
250495,0,1,3400,-63,63,48,18,18,1.0,0.0,0.0,27,3.5,0.0,0.0,0.0,0.0,0.0,0.0,1.0
250744,0,1,3400,-63,63,47,18,19,1.0,0.0,0.0,27,3.5,0.0,0.0,0.0,0.0,0.0,0.0,1.0
250993,0,1,3400,-63,63,45,18,18,1.0,0.0,0.0,27,3.5,0.0,0.0,0.0,0.0,0.0,0.0,1.0
251242,0,1,3400,-63,63,51,18,19,1.0,0.0,0.0,27,3.5,0.0,0.0,0.0,0.0,0.0,0.0,1.0
251491,0,1,3400,-63,63,50,18,18,1.0,0.0,0.0,27,3.5,0.0,0.0,0.0,0.0,0.0,0.0,1.0
251740,0,1,3400,-63,63,47,18,17,1.0,0.0,0.0,27,3.5,0.0,0.0,0.0,0.0,0.0,0.0,1.0
251989,0,1,3400,-63,63,38,18,18,1.0,0.0,0.0,27,3.5,0.0,0.0,0.0,0.0,0.0,0.0,1.0
252238,0,1,3400,-63,63,42,18,18,1.0,0.0,0.0,27,3.5,0.0,0.0,0.0,0.0,0.0,0.0,1.0
252487,0,1,3400,-63,63,39,18,18,1.0,0.0,0.0,27,3.5,0.0,0.0,0.0,0.0,0.0,0.0,1.0
252736,0,1,3400,-63,63,43,18,18,1.0,0.0,0.0,27,3.5,0.0,0.0,0.0,0.0,0.0,0.0,1.0
252985,0,1,3400,-63,63,43,18,18,1.0,0.0,0.0,27,3.5,0.0,0.0,0.0,0.0,0.0,0.0,1.0
253234,0,1,3400,-63,63,43,18,17,1.0,0.0,0.0,27,3.5,0.0,0.0,0.0,0.0,0.0,0.0,1.0
253483,0,1,3400,-63,63,47,18,18,1.0,0.0,0.0,27,3.5,0.0,0.0,0.0,0.0,0.0,0.0,1.0
253732,0,1,3400,-63,63,47,18,17,1.0,0.0,0.0,27,3.5,0.0,0.0,0.0,0.0,0.0,0.0,1.0
253981,0,1,3400,-63,63,49,18,17,1.0,0.0,0.0,27,3.5,0.0,0.0,0.0,0.0,0.0,0.0,1.0
254230,0,1,3400,-63,63,56,18,18,1.0,0.0,0.0,27,3.5,0.0,0.0,0.0,0.0,0.0,0.0,1.0
254479,0,1,3400,-63,63,57,18,19,1.0,0.0,0.0,27,3.5,0.0,0.0,0.0,0.0,0.0,0.0,1.0
254728,0,1,3400,-63,63,58,18,19,1.0,0.0,0.0,27,3.5,0.0,0.0,0.0,0.0,0.0,0.0,1.0
254977,0,1,3400,-63,63,59,18,17,1.0,0.0,0.0,27,3.5,0.0,0.0,0.0,0.0,0.0,0.0,1.0
255226,0,1,3400,-63,63,57,18,18,1.0,0.0,0.0,27,3.5,0.0,0.0,0.0,0.0,0.0,0.0,1.0
255475,0,1,3400,-63,63,55,18,18,1.0,0.0,0.0,27,3.5,0.0,0.0,0.0,0.0,0.0,0.0,1.0
255724,0,1,3400,-63,63,52,18,18,1.0,0.0,0.0,27,3.5,0.0,0.0,0.0,0.0,0.0,0.0,1.0
255973,0,1,3400,-63,63,52,18,19,1.0,0.0,0.0,27,3.5,0.0,0.0,0.0,0.0,0.0,0.0,1.0
256222,0,1,3400,-63,63,57,18,18,1.0,0.0,0.0,27,3.5,0.0,0.0,0.0,0.0,0.0,0.0,1.0
256471,0,1,3400,-63,63,59,18,18,1.0,0.0,0.0,27,3.5,0.0,0.0,0.0,0.0,0.0,0.0,1.0
256720,0,1,3400,-63,63,56,18,17,1.0,0.0,0.0,27,3.5,0.0,0.0,0.0,0.0,0.0,0.0,1.0
256969,0,1,3400,-63,63,50,18,18,1.0,0.0,0.0,27,3.5,0.0,0.0,0.0,0.0,0.0,0.0,1.0
257218,0,1,3400,-63,63,43,18,18,1.0,0.0,0.0,27,3.5,0.0,0.0,0.0,0.0,0.0,0.0,1.0
257467,0,1,3400,-63,63,39,18,18,1.0,0.0,0.0,27,3.5,0.0,0.0,0.0,0.0,0.0,0.0,1.0
257716,0,1,3400,-63,63,41,18,18,1.0,0.0,0.0,27,3.5,0.0,0.0,0.0,0.0,0.0,0.0,1.0
257965,0,1,3400,-63,63,43,18,18,1.0,0.0,0.0,27,3.5,0.0,0.0,0.0,0.0,0.0,0.0,1.0
258214,0,1,3400,-63,63,51,18,19,1.0,0.0,0.0,27,3.5,0.0,0.0,0.0,0.0,0.0,0.0,1.0
258463,0,1,3400,-63,63,60,18,19,1.0,0.0,0.0,27,3.5,0.0,0.0,0.0,0.0,0.0,0.0,1.0
258712,0,1,3400,-63,63,61,18,19,1.0,0.0,0.0,27,3.5,0.0,0.0,0.0,0.0,0.0,0.0,1.0
258961,0,1,3400,-63,63,60,18,17,1.0,0.0,0.0,27,3.5,0.0,0.0,0.0,0.0,0.0,0.0,1.0
259210,0,1,3400,-63,63,62,18,18,1.0,0.0,0.0,27,3.5,0.0,0.0,0.0,0.0,0.0,0.0,1.0
259459,0,1,3400,-63,63,56,18,18,1.0,0.0,0.0,27,3.5,0.0,0.0,0.0,0.0,0.0,0.0,1.0
259708,0,1,3400,-63,63,53,18,18,1.0,0.0,0.0,27,3.5,0.0,0.0,0.0,0.0,0.0,0.0,1.0
259957,0,1,3400,-63,63,54,18,18,1.0,0.0,0.0,27,3.5,0.0,0.0,0.0,0.0,0.0,0.0,1.0
260206,0,1,3400,-63,63,55,18,18,1.0,0.0,0.0,27,3.5,0.0,0.0,0.0,0.0,0.0,0.0,1.0
260455,0,1,3400,-63,63,50,18,18,1.0,0.0,0.0,27,3.5,0.0,0.0,0.0,0.0,0.0,0.0,1.0
260704,0,1,3400,-63,63,51,18,18,1.0,0.0,0.0,27,3.5,0.0,0.0,0.0,0.0,0.0,0.0,1.0
260953,0,1,3400,-63,63,50,18,18,1.0,0.0,0.0,27,3.5,0.0,0.0,0.0,0.0,0.0,0.0,1.0
261202,0,1,3400,-63,63,48,18,18,1.0,0.0,0.0,27,3.5,0.0,0.0,0.0,0.0,0.0,0.0,1.0
261451,0,1,3400,-63,63,47,18,18,1.0,0.0,0.0,27,3.5,0.0,0.0,0.0,0.0,0.0,0.0,1.0
261700,0,1,3400,-63,63,45,18,18,1.0,0.0,0.0,27,3.5,0.0,0.0,0.0,0.0,0.0,0.0,1.0
261949,0,1,3400,-63,63,47,18,18,1.0,0.0,0.0,27,3.5,0.0,0.0,0.0,0.0,0.0,0.0,1.0
262198,0,1,3400,-63,63,55,18,19,1.0,0.0,0.0,27,3.5,0.0,0.0,0.0,0.0,0.0,0.0,1.0
262447,0,1,3400,-63,63,59,18,18,1.0,0.0,0.0,27,3.5,0.0,0.0,0.0,0.0,0.0,0.0,1.0
262696,0,1,3400,-63,63,55,18,20,1.0,0.0,0.0,27,3.5,0.0,0.0,0.0,0.0,0.0,0.0,1.0
262945,0,1,3400,-63,63,51,18,18,1.0,0.0,0.0,27,3.5,0.0,0.0,0.0,0.0,0.0,0.0,1.0
263194,0,1,3400,-63,63,54,18,19,1.0,0.0,0.0,27,3.5,0.0,0.0,0.0,0.0,0.0,0.0,1.0
263443,0,1,3400,-63,63,53,18,18,1.0,0.0,0.0,27,3.5,0.0,0.0,0.0,0.0,0.0,0.0,1.0
263692,0,1,3400,-63,63,50,18,18,1.0,0.0,0.0,27,3.5,0.0,0.0,0.0,0.0,0.0,0.0,1.0
263941,0,1,3400,-63,63,44,18,18,1.0,0.0,0.0,27,3.5,0.0,0.0,0.0,0.0,0.0,0.0,1.0
264190,0,1,3400,-63,63,46,18,18,1.0,0.0,0.0,27,3.5,0.0,0.0,0.0,0.0,0.0,0.0,1.0
264439,0,1,3400,-63,63,48,18,19,1.0,0.0,0.0,27,3.5,0.0,0.0,0.0,0.0,0.0,0.0,1.0
264688,0,1,3400,-63,63,51,18,18,1.0,0.0,0.0,27,3.5,0.0,0.0,0.0,0.0,0.0,0.0,1.0
264937,0,1,3400,-63,63,53,18,18,1.0,0.0,0.0,27,3.5,0.0,0.0,0.0,0.0,0.0,0.0,1.0
265186,0,1,3400,-63,63,51,18,18,1.0,0.0,0.0,27,3.5,0.0,0.0,0.0,0.0,0.0,0.0,1.0
265435,0,1,3400,-63,63,57,18,18,1.0,0.0,0.0,27,3.5,0.0,0.0,0.0,0.0,0.0,0.0,1.0
265684,0,1,3400,-63,63,61,18,18,1.0,0.0,0.0,27,3.5,0.0,0.0,0.0,0.0,0.0,0.0,1.0
265933,0,1,3400,-63,63,64,18,18,1.0,0.0,0.0,27,3.5,0.0,0.0,0.0,0.0,0.0,0.0,1.0
266182,0,1,3400,-63,63,61,18,19,1.0,0.0,0.0,27,3.5,0.0,0.0,0.0,0.0,0.0,0.0,1.0
266431,0,1,3400,-63,63,48,18,18,1.0,0.0,0.0,27,3.5,0.0,0.0,0.0,0.0,0.0,0.0,1.0
266680,0,1,3400,-63,63,46,18,18,1.0,0.0,0.0,27,3.5,0.0,0.0,0.0,0.0,0.0,0.0,1.0
266929,0,1,3400,-63,63,46,18,18,1.0,0.0,0.0,27,3.5,0.0,0.0,0.0,0.0,0.0,0.0,1.0
267178,0,1,3400,-63,63,42,18,18,1.0,0.0,0.0,27,3.5,0.0,0.0,0.0,0.0,0.0,0.0,1.0
267427,0,1,3400,-63,63,41,18,18,1.0,0.0,0.0,27,3.5,0.0,0.0,0.0,0.0,0.0,0.0,1.0
267676,0,1,3400,-63,63,47,18,17,1.0,0.0,0.0,27,3.5,0.0,0.0,0.0,0.0,0.0,0.0,1.0
267925,0,1,3400,-63,63,48,18,18,1.0,0.0,0.0,27,3.5,0.0,0.0,0.0,0.0,0.0,0.0,1.0
268174,0,1,3400,-63,63,48,18,18,1.0,0.0,0.0,27,3.5,0.0,0.0,0.0,0.0,0.0,0.0,1.0
268423,0,1,3400,-63,63,53,18,18,1.0,0.0,0.0,27,3.5,0.0,0.0,0.0,0.0,0.0,0.0,1.0
268672,0,1,3400,-63,63,59,18,18,1.0,0.0,0.0,27,3.5,0.0,0.0,0.0,0.0,0.0,0.0,1.0
268921,0,1,3400,-63,63,61,18,18,1.0,0.0,0.0,27,3.5,0.0,0.0,0.0,0.0,0.0,0.0,1.0
269170,0,1,3400,-63,63,56,18,18,1.0,0.0,0.0,27,3.5,0.0,0.0,0.0,0.0,0.0,0.0,1.0
269419,0,1,3400,-63,63,53,18,18,1.0,0.0,0.0,27,3.5,0.0,0.0,0.0,0.0,0.0,0.0,1.0
269668,0,1,3400,-63,63,50,18,18,1.0,0.0,0.0,27,3.5,0.0,0.0,0.0,0.0,0.0,0.0,1.0
269917,0,1,3400,-63,63,48,18,19,1.0,0.0,0.0,27,3.5,0.0,0.0,0.0,0.0,0.0,0.0,1.0
270166,0,1,3400,-63,63,47,18,18,1.0,0.0,0.0,27,3.5,0.0,0.0,0.0,0.0,0.0,0.0,1.0
270415,0,1,3400,-63,63,46,18,18,1.0,0.0,0.0,27,3.5,0.0,0.0,0.0,0.0,0.0,0.0,1.0
270664,0,1,3400,-63,63,48,18,18,1.0,0.0,0.0,27,3.5,0.0,0.0,0.0,0.0,0.0,0.0,1.0
270913,0,1,3400,-63,63,47,18,18,1.0,0.0,0.0,27,3.5,0.0,0.0,0.0,0.0,0.0,0.0,1.0
271162,0,1,3400,-63,63,47,18,17,1.0,0.0,0.0,27,3.5,0.0,0.0,0.0,0.0,0.0,0.0,1.0
271411,0,1,3400,-63,63,49,18,18,1.0,0.0,0.0,27,3.5,0.0,0.0,0.0,0.0,0.0,0.0,1.0
271660,0,1,3400,-63,63,42,18,19,1.0,0.0,0.0,27,3.5,0.0,0.0,0.0,0.0,0.0,0.0,1.0
271909,0,1,3400,-63,63,41,18,18,1.0,0.0,0.0,27,3.5,0.0,0.0,0.0,0.0,0.0,0.0,1.0
272158,0,1,3400,-63,63,42,18,18,1.0,0.0,0.0,27,3.5,0.0,0.0,0.0,0.0,0.0,0.0,1.0
272407,0,1,3400,-63,63,40,18,18,1.0,0.0,0.0,27,3.5,0.0,0.0,0.0,0.0,0.0,0.0,1.0
272656,0,1,3400,-63,63,34,18,19,1.0,0.0,0.0,27,3.5,0.0,0.0,0.0,0.0,0.0,0.0,1.0
272905,0,1,3400,-63,63,34,18,19,1.0,0.0,0.0,27,3.5,0.0,0.0,0.0,0.0,0.0,0.0,1.0
273154,0,1,3400,-63,63,36,18,18,1.0,0.0,0.0,27,3.5,0.0,0.0,0.0,0.0,0.0,0.0,1.0
273403,0,1,3400,-63,63,40,18,18,1.0,0.0,0.0,27,3.5,0.0,0.0,0.0,0.0,0.0,0.0,1.0
273652,0,1,3400,-63,63,38,18,18,1.0,0.0,0.0,27,3.5,0.0,0.0,0.0,0.0,0.0,0.0,1.0
273901,0,1,3400,-63,63,34,18,18,1.0,0.0,0.0,27,3.5,0.0,0.0,0.0,0.0,0.0,0.0,1.0
274150,0,1,3400,-63,63,35,18,18,1.0,0.0,0.0,27,3.5,0.0,0.0,0.0,0.0,0.0,0.0,1.0
274399,0,1,3400,-63,63,35,18,19,1.0,0.0,0.0,27,3.5,0.0,0.0,0.0,0.0,0.0,0.0,1.0
274648,0,1,3400,-63,63,33,18,19,1.0,0.0,0.0,27,3.5,0.0,0.0,0.0,0.0,0.0,0.0,1.0
274897,0,1,3400,-63,63,34,18,18,1.0,0.0,0.0,27,3.5,0.0,0.0,0.0,0.0,0.0,0.0,1.0
275146,0,1,3400,-63,63,42,18,18,1.0,0.0,0.0,27,3.5,0.0,0.0,0.0,0.0,0.0,0.0,1.0
275395,0,1,3400,-63,63,44,18,18,1.0,0.0,0.0,27,3.5,0.0,0.0,0.0,0.0,0.0,0.0,1.0
275644,0,1,3400,-63,63,42,18,17,1.0,0.0,0.0,27,3.5,0.0,0.0,0.0,0.0,0.0,0.0,1.0
275893,0,1,3400,-63,63,44,18,18,1.0,0.0,0.0,27,3.5,0.0,0.0,0.0,0.0,0.0,0.0,1.0
276142,0,1,3400,-63,63,41,18,17,1.0,0.0,0.0,27,3.5,0.0,0.0,0.0,0.0,0.0,0.0,1.0
276391,0,1,3400,-63,63,42,18,18,1.0,0.0,0.0,27,3.5,0.0,0.0,0.0,0.0,0.0,0.0,1.0
276640,0,1,3400,-63,63,35,18,18,1.0,0.0,0.0,27,3.5,0.0,0.0,0.0,0.0,0.0,0.0,1.0
276889,0,1,3400,-63,63,37,18,18,1.0,0.0,0.0,27,3.5,0.0,0.0,0.0,0.0,0.0,0.0,1.0
277138,0,1,3400,-63,63,37,18,17,1.0,0.0,0.0,27,3.5,0.0,0.0,0.0,0.0,0.0,0.0,1.0
277387,0,1,3400,-63,63,36,18,18,1.0,0.0,0.0,27,3.5,0.0,0.0,0.0,0.0,0.0,0.0,1.0
277636,0,1,3400,-63,63,39,18,18,1.0,0.0,0.0,27,3.5,0.0,0.0,0.0,0.0,0.0,0.0,1.0
277885,0,1,3400,-63,63,38,18,18,1.0,0.0,0.0,27,3.5,0.0,0.0,0.0,0.0,0.0,0.0,1.0
278134,0,1,3400,-63,63,42,18,17,1.0,0.0,0.0,27,3.5,0.0,0.0,0.0,0.0,0.0,0.0,1.0
278383,0,1,3400,-63,63,39,18,18,1.0,0.0,0.0,27,3.5,0.0,0.0,0.0,0.0,0.0,0.0,1.0
278632,0,1,3400,-63,63,38,18,18,1.0,0.0,0.0,27,3.5,0.0,0.0,0.0,0.0,0.0,0.0,1.0
278881,0,1,3400,-63,63,43,18,18,1.0,0.0,0.0,27,3.5,0.0,0.0,0.0,0.0,0.0,0.0,1.0
279130,0,1,3400,-63,63,44,18,18,1.0,0.0,0.0,27,3.5,0.0,0.0,0.0,0.0,0.0,0.0,1.0
279379,0,1,3400,-63,63,44,18,18,1.0,0.0,0.0,27,3.5,0.0,0.0,0.0,0.0,0.0,0.0,1.0
279628,0,1,3400,-63,63,36,18,17,1.0,0.0,0.0,27,3.5,0.0,0.0,0.0,0.0,0.0,0.0,1.0
279877,0,1,3400,-63,63,35,18,18,1.0,0.0,0.0,27,3.5,0.0,0.0,0.0,0.0,0.0,0.0,1.0
280126,0,1,3400,-63,63,35,18,17,1.0,0.0,0.0,27,3.5,0.0,0.0,0.0,0.0,0.0,0.0,1.0
280375,0,1,3400,-63,63,34,18,18,1.0,0.0,0.0,27,3.5,0.0,0.0,0.0,0.0,0.0,0.0,1.0
280624,0,1,3400,-63,63,32,18,18,1.0,0.0,0.0,27,3.5,0.0,0.0,0.0,0.0,0.0,0.0,1.0
280873,0,1,3400,-63,63,31,18,18,1.0,0.0,0.0,27,3.5,0.0,0.0,0.0,0.0,0.0,0.0,1.0
281122,0,1,3400,-63,63,30,18,18,1.0,0.0,0.0,27,3.5,0.0,0.0,0.0,0.0,0.0,0.0,1.0
281371,0,1,3400,-63,63,38,18,18,1.0,0.0,0.0,27,3.5,0.0,0.0,0.0,0.0,0.0,0.0,1.0
281620,0,1,3400,-63,63,40,18,18,1.0,0.0,0.0,27,3.5,0.0,0.0,0.0,0.0,0.0,0.0,1.0
281869,0,1,3400,-63,63,37,18,18,1.0,0.0,0.0,27,3.5,0.0,0.0,0.0,0.0,0.0,0.0,1.0
282118,0,1,3400,-63,63,44,18,18,1.0,0.0,0.0,27,3.5,0.0,0.0,0.0,0.0,0.0,0.0,1.0
282367,0,1,3400,-63,63,45,18,17,1.0,0.0,0.0,27,3.5,0.0,0.0,0.0,0.0,0.0,0.0,1.0
282616,0,1,3400,-63,63,44,18,18,1.0,0.0,0.0,27,3.5,0.0,0.0,0.0,0.0,0.0,0.0,1.0
282865,0,1,3400,-63,63,51,18,18,1.0,0.0,0.0,27,3.5,0.0,0.0,0.0,0.0,0.0,0.0,1.0
283114,0,1,3400,-63,63,52,18,18,1.0,0.0,0.0,27,3.5,0.0,0.0,0.0,0.0,0.0,0.0,1.0
283363,0,1,3400,-63,63,53,18,19,1.0,0.0,0.0,27,3.5,0.0,0.0,0.0,0.0,0.0,0.0,1.0
283612,0,1,3400,-63,63,49,18,18,1.0,0.0,0.0,27,3.5,0.0,0.0,0.0,0.0,0.0,0.0,1.0
283861,0,1,3400,-63,63,46,18,18,1.0,0.0,0.0,27,3.5,0.0,0.0,0.0,0.0,0.0,0.0,1.0
284110,0,1,3400,-63,63,48,18,17,1.0,0.0,0.0,27,3.5,0.0,0.0,0.0,0.0,0.0,0.0,1.0
284359,0,1,3400,-63,63,46,18,18,1.0,0.0,0.0,27,3.5,0.0,0.0,0.0,0.0,0.0,0.0,1.0
284608,0,1,3400,-63,63,46,18,18,1.0,0.0,0.0,27,3.5,0.0,0.0,0.0,0.0,0.0,0.0,1.0
284857,0,1,3400,-63,63,45,18,18,1.0,0.0,0.0,27,3.5,0.0,0.0,0.0,0.0,0.0,0.0,1.0
285106,0,1,3400,-63,63,48,18,18,1.0,0.0,0.0,27,3.5,0.0,0.0,0.0,0.0,0.0,0.0,1.0
285355,0,1,3400,-63,63,47,18,18,1.0,0.0,0.0,27,3.5,0.0,0.0,0.0,0.0,0.0,0.0,1.0
285604,0,1,3400,-63,63,43,18,17,1.0,0.0,0.0,27,3.5,0.0,0.0,0.0,0.0,0.0,0.0,1.0
285853,0,1,3400,-63,63,40,18,17,1.0,0.0,0.0,27,3.5,0.0,0.0,0.0,0.0,0.0,0.0,1.0
286102,0,1,3400,-63,63,43,18,18,1.0,0.0,0.0,27,3.5,0.0,0.0,0.0,0.0,0.0,0.0,1.0
286351,0,1,3400,-63,63,41,18,18,1.0,0.0,0.0,27,3.5,0.0,0.0,0.0,0.0,0.0,0.0,1.0
286600,0,1,3400,-63,63,34,18,18,1.0,0.0,0.0,27,3.5,0.0,0.0,0.0,0.0,0.0,0.0,1.0
286849,0,1,3400,-63,63,40,18,18,1.0,0.0,0.0,27,3.5,0.0,0.0,0.0,0.0,0.0,0.0,1.0
287098,0,1,3400,-63,63,48,18,18,1.0,0.0,0.0,27,3.5,0.0,0.0,0.0,0.0,0.0,0.0,1.0
287347,0,1,3400,-63,63,47,18,18,1.0,0.0,0.0,27,3.5,0.0,0.0,0.0,0.0,0.0,0.0,1.0
287596,0,1,3400,-63,63,45,18,18,1.0,0.0,0.0,27,3.5,0.0,0.0,0.0,0.0,0.0,0.0,1.0
287845,0,1,3400,-63,63,47,18,18,1.0,0.0,0.0,27,3.5,0.0,0.0,0.0,0.0,0.0,0.0,1.0
288094,0,1,3400,-63,63,51,18,18,1.0,0.0,0.0,27,3.5,0.0,0.0,0.0,0.0,0.0,0.0,1.0
288343,0,1,3400,-63,63,47,18,18,1.0,0.0,0.0,27,3.5,0.0,0.0,0.0,0.0,0.0,0.0,1.0
288592,0,1,3400,-63,63,42,18,17,1.0,0.0,0.0,27,3.5,0.0,0.0,0.0,0.0,0.0,0.0,1.0
288841,0,1,3400,-63,63,42,18,18,1.0,0.0,0.0,27,3.5,0.0,0.0,0.0,0.0,0.0,0.0,1.0
289090,0,1,3400,-63,63,41,18,17,1.0,0.0,0.0,27,3.5,0.0,0.0,0.0,0.0,0.0,0.0,1.0
289339,0,1,3400,-63,63,47,18,17,1.0,0.0,0.0,27,3.5,0.0,0.0,0.0,0.0,0.0,0.0,1.0
289588,0,1,3400,-63,63,53,18,18,1.0,0.0,0.0,27,3.5,0.0,0.0,0.0,0.0,0.0,0.0,1.0
289837,0,1,3400,-63,63,55,18,17,1.0,0.0,0.0,27,3.5,0.0,0.0,0.0,0.0,0.0,0.0,1.0
290086,0,1,3400,-63,63,54,18,19,1.0,0.0,0.0,27,3.5,0.0,0.0,0.0,0.0,0.0,0.0,1.0
290335,0,1,3400,-63,63,54,18,19,1.0,0.0,0.0,27,3.5,0.0,0.0,0.0,0.0,0.0,0.0,1.0
290584,0,1,3400,-63,63,58,18,18,1.0,0.0,0.0,27,3.5,0.0,0.0,0.0,0.0,0.0,0.0,1.0
290833,0,1,3400,-63,63,54,18,18,1.0,0.0,0.0,27,3.5,0.0,0.0,0.0,0.0,0.0,0.0,1.0
291082,0,1,3400,-63,63,54,18,17,1.0,0.0,0.0,27,3.5,0.0,0.0,0.0,0.0,0.0,0.0,1.0
291331,0,1,3400,-63,63,55,18,18,1.0,0.0,0.0,27,3.5,0.0,0.0,0.0,0.0,0.0,0.0,1.0
291580,0,1,3400,-63,63,54,18,18,1.0,0.0,0.0,27,3.5,0.0,0.0,0.0,0.0,0.0,0.0,1.0
291829,0,1,3400,-63,63,55,18,18,1.0,0.0,0.0,27,3.5,0.0,0.0,0.0,0.0,0.0,0.0,1.0
292078,0,1,3400,-63,63,50,18,17,1.0,0.0,0.0,27,3.5,0.0,0.0,0.0,0.0,0.0,0.0,1.0
292327,0,1,3400,-63,63,49,18,18,1.0,0.0,0.0,27,3.5,0.0,0.0,0.0,0.0,0.0,0.0,1.0
292576,0,1,3400,-63,63,48,18,18,1.0,0.0,0.0,27,3.5,0.0,0.0,0.0,0.0,0.0,0.0,1.0
292825,0,1,3400,-63,63,47,18,17,1.0,0.0,0.0,27,3.5,0.0,0.0,0.0,0.0,0.0,0.0,1.0
293074,0,1,3400,-63,63,48,18,18,1.0,0.0,0.0,27,3.5,0.0,0.0,0.0,0.0,0.0,0.0,1.0
293323,0,1,3400,-63,63,47,18,18,1.0,0.0,0.0,27,3.5,0.0,0.0,0.0,0.0,0.0,0.0,1.0
293572,0,1,3400,-63,63,47,18,17,1.0,0.0,0.0,27,3.5,0.0,0.0,0.0,0.0,0.0,0.0,1.0
293821,0,1,3400,-63,63,47,18,18,1.0,0.0,0.0,27,3.5,0.0,0.0,0.0,0.0,0.0,0.0,1.0
294070,0,1,3400,-63,63,49,18,18,1.0,0.0,0.0,27,3.5,0.0,0.0,0.0,0.0,0.0,0.0,1.0
294319,0,1,3400,-63,63,52,18,18,1.0,0.0,0.0,27,3.5,0.0,0.0,0.0,0.0,0.0,0.0,1.0
294568,0,1,3400,-63,63,51,18,18,1.0,0.0,0.0,27,3.5,0.0,0.0,0.0,0.0,0.0,0.0,1.0
294817,0,1,3400,-63,63,49,18,18,1.0,0.0,0.0,27,3.5,0.0,0.0,0.0,0.0,0.0,0.0,1.0
295066,0,1,3400,-63,63,45,18,17,1.0,0.0,0.0,27,3.5,0.0,0.0,0.0,0.0,0.0,0.0,1.0
295315,0,1,3400,-63,63,45,18,18,1.0,0.0,0.0,27,3.5,0.0,0.0,0.0,0.0,0.0,0.0,1.0
295564,0,1,3400,-63,63,46,18,18,1.0,0.0,0.0,27,3.5,0.0,0.0,0.0,0.0,0.0,0.0,1.0
295813,0,1,3400,-63,63,42,18,17,1.0,0.0,0.0,27,3.5,0.0,0.0,0.0,0.0,0.0,0.0,1.0
296062,0,1,3400,-63,63,46,18,18,1.0,0.0,0.0,27,3.5,0.0,0.0,0.0,0.0,0.0,0.0,1.0
296311,0,1,3400,-63,63,38,18,17,1.0,0.0,0.0,27,3.5,0.0,0.0,0.0,0.0,0.0,0.0,1.0
296560,0,1,3400,-63,63,43,18,18,1.0,0.0,0.0,27,3.5,0.0,0.0,0.0,0.0,0.0,0.0,1.0
296809,0,1,3400,-63,63,47,18,18,1.0,0.0,0.0,27,3.5,0.0,0.0,0.0,0.0,0.0,0.0,1.0
297058,0,1,3400,-63,63,51,18,18,1.0,0.0,0.0,27,3.5,0.0,0.0,0.0,0.0,0.0,0.0,1.0
297307,0,1,3400,-63,63,53,18,17,1.0,0.0,0.0,27,3.5,0.0,0.0,0.0,0.0,0.0,0.0,1.0
297556,0,1,3400,-63,63,48,18,18,1.0,0.0,0.0,27,3.5,0.0,0.0,0.0,0.0,0.0,0.0,1.0
297805,0,1,3400,-63,63,42,18,18,1.0,0.0,0.0,27,3.5,0.0,0.0,0.0,0.0,0.0,0.0,1.0
298054,0,1,3400,-63,63,42,18,18,1.0,0.0,0.0,27,3.5,0.0,0.0,0.0,0.0,0.0,0.0,1.0
298303,0,1,3400,-63,63,41,18,18,1.0,0.0,0.0,27,3.5,0.0,0.0,0.0,0.0,0.0,0.0,1.0
298552,0,1,3400,-63,63,42,18,18,1.0,0.0,0.0,27,3.5,0.0,0.0,0.0,0.0,0.0,0.0,1.0
298801,0,1,3400,-63,63,44,18,18,1.0,0.0,0.0,27,3.5,0.0,0.0,0.0,0.0,0.0,0.0,1.0
299050,0,1,3400,-63,63,45,18,18,1.0,0.0,0.0,27,3.5,0.0,0.0,0.0,0.0,0.0,0.0,1.0
299299,0,1,3400,-63,63,40,18,18,1.0,0.0,0.0,27,3.5,0.0,0.0,0.0,0.0,0.0,0.0,1.0
299548,0,1,3400,-63,63,34,18,18,1.0,0.0,0.0,27,3.5,0.0,0.0,0.0,0.0,0.0,0.0,1.0
299797,0,1,3400,-63,63,36,18,18,1.0,0.0,0.0,27,3.5,0.0,0.0,0.0,0.0,0.0,0.0,1.0
300046,0,1,3400,-63,63,41,18,18,1.0,0.0,0.0,27,3.5,0.0,0.0,0.0,0.0,0.0,0.0,1.0
300295,0,1,3400,-63,63,40,18,18,1.0,0.0,0.0,27,3.5,0.0,0.0,0.0,0.0,0.0,0.0,1.0
300544,0,1,3400,-63,63,41,18,18,1.0,0.0,0.0,27,3.5,0.0,0.0,0.0,0.0,0.0,0.0,1.0
300793,0,1,3400,-63,63,47,18,18,1.00,0.0,0.0,27,3.5,0.0,0.0,0.0,0.0,0.0,0.0,1.0
301042,0,1,3400,-63,63,48,18,17,1.0,0.0,0.0,27,3.5,0.0,0.0,0.0,0.0,0.0,0.0,1.0
301291,0,1,3400,-63,63,44,18,18,1.0,0.0,0.0,27,3.5,0.0,0.0,0.0,0.0,0.0,0.0,1.0
301540,0,1,3400,-63,63,42,18,18,1.0,0.0,0.0,27,3.5,0.0,0.0,0.0,0.0,0.0,0.0,1.0
301789,0,1,3400,-63,63,45,18,18,1.0,0.0,0.0,27,3.5,0.0,0.0,0.0,0.0,0.0,0.0,1.0
302038,0,1,3400,-63,63,48,18,17,1.0,0.0,0.0,27,3.5,0.0,0.0,0.0,0.0,0.0,0.0,1.0
302287,0,1,3400,-63,63,47,18,18,1.0,0.0,0.0,27,3.5,0.0,0.0,0.0,0.0,0.0,0.0,1.0
302536,0,1,3400,-63,63,41,18,19,1.0,0.0,0.0,27,3.5,0.0,0.0,0.0,0.0,0.0,0.0,1.0
302785,0,1,3400,-63,63,40,18,18,1.0,0.0,0.0,27,3.5,0.0,0.0,0.0,0.0,0.0,0.0,1.0
303034,0,1,3400,-63,63,46,18,18,1.0,0.0,0.0,27,3.5,0.0,0.0,0.0,0.0,0.0,0.0,1.0
303283,0,1,3400,-63,63,47,18,18,1.0,0.0,0.0,27,3.5,0.0,0.0,0.0,0.0,0.0,0.0,1.0
303532,0,1,3400,-63,63,49,18,18,1.0,0.0,0.0,27,3.5,0.0,0.0,0.0,0.0,0.0,0.0,1.0
303781,0,1,3400,-63,63,52,18,18,1.0,0.0,0.0,27,3.5,0.0,0.0,0.0,0.0,0.0,0.0,1.0
304030,0,1,3400,-63,63,51,18,18,1.0,0.0,0.0,27,3.5,0.0,0.0,0.0,0.0,0.0,0.0,1.0
304279,0,1,3400,-63,63,47,18,18,1.0,0.0,0.0,27,3.5,0.0,0.0,0.0,0.0,0.0,0.0,1.0
304528,0,1,3400,-63,63,45,18,17,1.0,0.0,0.0,27,3.5,0.0,0.0,0.0,0.0,0.0,0.0,1.0
304777,0,1,3400,-63,63,47,18,19,1.0,0.0,0.0,27,3.5,0.0,0.0,0.0,0.0,0.0,0.0,1.0
305026,0,1,3400,-63,63,50,18,17,1.0,0.0,0.0,27,3.5,0.0,0.0,0.0,0.0,0.0,0.0,1.0
305275,0,1,3400,-63,63,55,18,18,1.0,0.0,0.0,27,3.5,0.0,0.0,0.0,0.0,0.0,0.0,1.0
305524,0,1,3400,-63,63,61,18,18,1.0,0.0,0.0,27,3.5,0.0,0.0,0.0,0.0,0.0,0.0,1.0
305773,0,1,3400,-63,63,60,18,18,1.0,0.0,0.0,27,3.5,0.0,0.0,0.0,0.0,0.0,0.0,1.0
306022,0,1,3400,-63,63,57,18,17,1.0,0.0,0.0,27,3.5,0.0,0.0,0.0,0.0,0.0,0.0,1.0
306271,0,1,3400,-63,63,48,18,17,1.0,0.0,0.0,27,3.5,0.0,0.0,0.0,0.0,0.0,0.0,1.0
306520,0,1,3400,-63,63,47,18,18,1.0,0.0,0.0,27,3.5,0.0,0.0,0.0,0.0,0.0,0.0,1.0
306769,0,1,3400,-63,63,48,18,19,1.0,0.0,0.0,27,3.5,0.0,0.0,0.0,0.0,0.0,0.0,1.0
307018,0,1,3400,-63,63,50,18,18,1.0,0.0,0.0,27,3.5,0.0,0.0,0.0,0.0,0.0,0.0,1.0
307267,0,1,3400,-63,63,49,18,18,1.0,0.0,0.0,27,3.5,0.0,0.0,0.0,0.0,0.0,0.0,1.0
307516,0,1,3400,-63,63,45,18,18,1.0,0.0,0.0,27,3.5,0.0,0.0,0.0,0.0,0.0,0.0,1.0
307765,0,1,3400,-63,63,47,18,18,1.0,0.0,0.0,27,3.5,0.0,0.0,0.0,0.0,0.0,0.0,1.0
308014,0,1,3400,-63,63,47,18,17,1.0,0.0,0.0,27,3.5,0.0,0.0,0.0,0.0,0.0,0.0,1.0
308263,0,1,3400,-63,63,49,18,18,1.0,0.0,0.0,27,3.5,0.0,0.0,0.0,0.0,0.0,0.0,1.0
308512,0,1,3400,-63,63,46,18,18,1.0,0.0,0.0,27,3.5,0.0,0.0,0.0,0.0,0.0,0.0,1.0
308761,0,1,3400,-63,63,53,18,18,1.0,0.0,0.0,27,3.5,0.0,0.0,0.0,0.0,0.0,0.0,1.0
309010,0,1,3400,-63,63,59,18,18,1.0,0.0,0.0,27,3.5,0.0,0.0,0.0,0.0,0.0,0.0,1.0
309259,0,1,3400,-63,63,54,18,19,1.0,0.0,0.0,27,3.5,0.0,0.0,0.0,0.0,0.0,0.0,1.0
309508,0,1,3400,-63,63,51,18,17,1.0,0.0,0.0,27,3.5,0.0,0.0,0.0,0.0,0.0,0.0,1.0
309757,0,1,3400,-63,63,52,18,18,1.0,0.0,0.0,27,3.5,0.0,0.0,0.0,0.0,0.0,0.0,1.0
310006,0,1,3400,-63,63,49,18,18,1.0,0.0,0.0,27,3.5,0.0,0.0,0.0,0.0,0.0,0.0,1.0
310255,0,1,3400,-63,63,46,18,18,1.0,0.0,0.0,27,3.5,0.0,0.0,0.0,0.0,0.0,0.0,1.0
310504,0,1,3400,-63,63,41,18,18,1.0,0.0,0.0,27,3.5,0.0,0.0,0.0,0.0,0.0,0.0,1.0
310753,0,1,3400,-63,63,40,18,18,1.0,0.0,0.0,27,3.5,0.0,0.0,0.0,0.0,0.0,0.0,1.0
311002,0,1,3400,-63,63,43,18,18,1.0,0.0,0.0,27,3.5,0.0,0.0,0.0,0.0,0.0,0.0,1.0
311251,0,1,3400,-63,63,49,18,17,1.0,0.0,0.0,27,3.5,0.0,0.0,0.0,0.0,0.0,0.0,1.0
311500,0,1,3400,-63,63,48,18,17,1.0,0.0,0.0,27,3.5,0.0,0.0,0.0,0.0,0.0,0.0,1.0
311749,0,1,3400,-63,63,49,18,17,1.0,0.0,0.0,27,3.5,0.0,0.0,0.0,0.0,0.0,0.0,1.0
311998,0,1,3400,-63,63,46,18,18,1.0,0.0,0.0,27,3.5,0.0,0.0,0.0,0.0,0.0,0.0,1.0
312247,0,1,3400,-63,63,51,18,17,1.0,0.0,0.0,27,3.5,0.0,0.0,0.0,0.0,0.0,0.0,1.0
312496,0,1,3400,-63,63,52,18,17,1.0,0.0,0.0,27,3.5,0.0,0.0,0.0,0.0,0.0,0.0,1.0
312745,0,1,3400,-63,63,48,18,17,1.0,0.0,0.0,27,3.5,0.0,0.0,0.0,0.0,0.0,0.0,1.0
312994,0,1,3400,-63,63,45,18,18,1.0,0.0,0.0,27,3.5,0.0,0.0,0.0,0.0,0.0,0.0,1.0
313243,0,1,3400,-63,63,44,18,18,1.0,0.0,0.0,27,3.5,0.0,0.0,0.0,0.0,0.0,0.0,1.0
313492,0,1,3400,-63,63,46,18,18,1.0,0.0,0.0,27,3.5,0.0,0.0,0.0,0.0,0.0,0.0,1.0
313741,0,1,3400,-63,63,47,18,18,1.0,0.0,0.0,27,3.5,0.0,0.0,0.0,0.0,0.0,0.0,1.0
313990,0,1,3400,-63,63,50,18,18,1.0,0.0,0.0,27,3.5,0.0,0.0,0.0,0.0,0.0,0.0,1.0
314239,0,1,3400,-63,63,52,18,18,1.0,0.0,0.0,27,3.5,0.0,0.0,0.0,0.0,0.0,0.0,1.0
314488,0,1,3400,-63,63,48,18,18,1.0,0.0,0.0,27,3.5,0.0,0.0,0.0,0.0,0.0,0.0,1.0
314737,0,1,3400,-63,63,46,18,18,1.0,0.0,0.0,27,3.5,0.0,0.0,0.0,0.0,0.0,0.0,1.0
314986,0,1,3400,-63,63,48,18,17,1.0,0.0,0.0,27,3.5,0.0,0.0,0.0,0.0,0.0,0.0,1.0
315235,0,1,3400,-63,63,48,18,19,1.0,0.0,0.0,27,3.5,0.0,0.0,0.0,0.0,0.0,0.0,1.0
315484,0,1,3400,-63,63,43,18,18,1.0,0.0,0.0,27,3.5,0.0,0.0,0.0,0.0,0.0,0.0,1.0
315733,0,1,3400,-63,63,38,18,18,1.0,0.0,0.0,27,3.5,0.0,0.0,0.0,0.0,0.0,0.0,1.0
315982,0,1,3400,-63,63,39,18,17,1.0,0.0,0.0,27,3.5,0.0,0.0,0.0,0.0,0.0,0.0,1.0
316231,0,1,3400,-63,63,39,18,18,1.0,0.0,0.0,27,3.5,0.0,0.0,0.0,0.0,0.0,0.0,1.0
316480,0,1,3400,-63,63,39,18,17,1.0,0.0,0.0,27,3.5,0.0,0.0,0.0,0.0,0.0,0.0,1.0
316729,0,1,3400,-63,63,38,18,18,1.0,0.0,0.0,27,3.5,0.0,0.0,0.0,0.0,0.0,0.0,1.0
316978,0,1,3400,-63,63,39,18,17,1.0,0.0,0.0,27,3.5,0.0,0.0,0.0,0.0,0.0,0.0,1.0
317227,0,1,3400,-63,63,42,18,18,1.0,0.0,0.0,27,3.5,0.0,0.0,0.0,0.0,0.0,0.0,1.0
317476,0,1,3400,-63,63,46,18,20,1.0,0.0,0.0,27,3.5,0.0,0.0,0.0,0.0,0.0,0.0,1.0
317725,0,1,3400,-63,63,38,18,17,1.0,0.0,0.0,27,3.5,0.0,0.0,0.0,0.0,0.0,0.0,1.0
317974,0,1,3400,-63,63,37,18,18,1.0,0.0,0.0,27,3.5,0.0,0.0,0.0,0.0,0.0,0.0,1.0
318223,0,1,3400,-63,63,40,18,18,1.0,0.0,0.0,27,3.5,0.0,0.0,0.0,0.0,0.0,0.0,1.0
318472,0,1,3400,-63,63,44,18,18,1.0,0.0,0.0,27,3.5,0.0,0.0,0.0,0.0,0.0,0.0,1.0
318721,0,1,3400,-63,63,43,18,18,1.0,0.0,0.0,27,3.5,0.0,0.0,0.0,0.0,0.0,0.0,1.0
318970,0,1,3400,-63,63,40,18,18,1.0,0.0,0.0,27,3.5,0.0,0.0,0.0,0.0,0.0,0.0,1.0
319219,0,1,3400,-63,63,43,18,17,1.0,0.0,0.0,27,3.5,0.0,0.0,0.0,0.0,0.0,0.0,1.0
319468,0,1,3400,-63,63,46,18,18,1.0,0.0,0.0,27,3.5,0.0,0.0,0.0,0.0,0.0,0.0,1.0
319717,0,1,3400,-63,63,42,18,18,1.0,0.0,0.0,27,3.5,0.0,0.0,0.0,0.0,0.0,0.0,1.0
319966,0,1,3400,-63,63,37,18,18,1.0,0.0,0.0,27,3.5,0.0,0.0,0.0,0.0,0.0,0.0,1.0
320215,0,1,3400,-63,63,40,18,18,1.0,0.0,0.0,27,3.5,0.0,0.0,0.0,0.0,0.0,0.0,1.0
320464,0,1,3400,-63,63,40,18,18,1.0,0.0,0.0,27,3.5,0.0,0.0,0.0,0.0,0.0,0.0,1.0
320713,0,1,3400,-63,63,35,18,18,1.0,0.0,0.0,27,3.5,0.0,0.0,0.0,0.0,0.0,0.0,1.0
320962,0,1,3400,-63,63,33,18,17,1.0,0.0,0.0,27,3.5,0.0,0.0,0.0,0.0,0.0,0.0,1.0
321211,0,1,3400,-63,63,39,18,17,1.0,0.0,0.0,27,3.5,0.0,0.0,0.0,0.0,0.0,0.0,1.0
321460,0,1,3400,-63,63,38,18,17,1.0,0.0,0.0,27,3.5,0.0,0.0,0.0,0.0,0.0,0.0,1.0
321709,0,1,3400,-63,63,35,18,17,1.0,0.0,0.0,27,3.5,0.0,0.0,0.0,0.0,0.0,0.0,1.0
321958,0,1,3400,-63,63,36,18,18,1.0,0.0,0.0,27,3.5,0.0,0.0,0.0,0.0,0.0,0.0,1.0
322207,0,1,3400,-63,63,44,18,17,1.0,0.0,0.0,27,3.5,0.0,0.0,0.0,0.0,0.0,0.0,1.0
322456,0,1,3400,-63,63,48,18,17,1.0,0.0,0.0,27,3.5,0.0,0.0,0.0,0.0,0.0,0.0,1.0
322705,0,1,3400,-63,63,47,18,18,1.0,0.0,0.0,27,3.5,0.0,0.0,0.0,0.0,0.0,0.0,1.0
322954,0,1,3400,-63,63,46,18,18,1.0,0.0,0.0,27,3.5,0.0,0.0,0.0,0.0,0.0,0.0,1.0
323203,0,1,3400,-63,63,48,18,18,1.0,0.0,0.0,27,3.5,0.0,0.0,0.0,0.0,0.0,0.0,1.0
323452,0,1,3400,-63,63,44,18,18,1.0,0.0,0.0,27,3.5,0.0,0.0,0.0,0.0,0.0,0.0,1.0
323701,0,1,3400,-63,63,37,18,18,1.0,0.0,0.0,27,3.5,0.0,0.0,0.0,0.0,0.0,0.0,1.0
323950,0,1,3400,-63,63,36,18,18,1.0,0.0,0.0,27,3.5,0.0,0.0,0.0,0.0,0.0,0.0,1.0
324199,0,1,3400,-63,63,38,18,18,1.0,0.0,0.0,27,3.5,0.0,0.0,0.0,0.0,0.0,0.0,1.0
324448,0,1,3400,-63,63,37,18,18,1.0,0.0,0.0,27,3.5,0.0,0.0,0.0,0.0,0.0,0.0,1.0
324697,0,1,3400,-63,63,33,18,18,1.0,0.0,0.0,27,3.5,0.0,0.0,0.0,0.0,0.0,0.0,1.0
324946,0,1,3400,-63,63,33,18,18,1.0,0.0,0.0,27,3.5,0.0,0.0,0.0,0.0,0.0,0.0,1.0
325195,0,1,3400,-63,63,36,18,17,1.0,0.0,0.0,27,3.5,0.0,0.0,0.0,0.0,0.0,0.0,1.0
325444,0,1,3400,-63,63,36,18,18,1.0,0.0,0.0,27,3.5,0.0,0.0,0.0,0.0,0.0,0.0,1.0
325693,0,1,3400,-63,63,30,18,18,1.0,0.0,0.0,27,3.5,0.0,0.0,0.0,0.0,0.0,0.0,1.0
325942,0,1,3400,-63,63,26,18,17,1.0,0.0,0.0,27,3.5,0.0,0.0,0.0,0.0,0.0,0.0,1.0
326191,0,1,3400,-63,63,22,18,17,1.0,0.0,0.0,27,3.5,0.0,0.0,0.0,0.0,0.0,0.0,1.0
326440,0,1,3400,-63,63,29,18,18,1.0,0.0,0.0,27,3.5,0.0,0.0,0.0,0.0,0.0,0.0,1.0
326689,0,1,3400,-63,63,34,18,17,1.0,0.0,0.0,27,3.5,0.0,0.0,0.0,0.0,0.0,0.0,1.0
326938,0,1,3400,-63,63,35,18,18,1.0,0.0,0.0,27,3.5,0.0,0.0,0.0,0.0,0.0,0.0,1.0
327187,0,1,3400,-63,63,42,18,18,1.0,0.0,0.0,27,3.5,0.0,0.0,0.0,0.0,0.0,0.0,1.0
327436,0,1,3400,-63,63,42,18,18,1.0,0.0,0.0,27,3.5,0.0,0.0,0.0,0.0,0.0,0.0,1.0
327685,0,1,3400,-63,63,42,18,18,1.0,0.0,0.0,27,3.5,0.0,0.0,0.0,0.0,0.0,0.0,1.0
327934,0,1,3400,-63,63,38,18,18,1.0,0.0,0.0,27,3.5,0.0,0.0,0.0,0.0,0.0,0.0,1.0
328183,0,1,3400,-63,63,38,18,19,1.0,0.0,0.0,27,3.5,0.0,0.0,0.0,0.0,0.0,0.0,1.0
328432,0,1,3400,-63,63,38,18,18,1.0,0.0,0.0,27,3.5,0.0,0.0,0.0,0.0,0.0,0.0,1.0
328681,0,1,3400,-63,63,37,18,19,1.0,0.0,0.0,27,3.5,0.0,0.0,0.0,0.0,0.0,0.0,1.0
328930,0,1,3400,-63,63,40,18,18,1.0,0.0,0.0,27,3.5,0.0,0.0,0.0,0.0,0.0,0.0,1.0
329179,0,1,3400,-63,63,44,18,17,1.0,0.0,0.0,27,3.5,0.0,0.0,0.0,0.0,0.0,0.0,1.0
329428,0,1,3400,-63,63,40,18,18,1.0,0.0,0.0,27,3.5,0.0,0.0,0.0,0.0,0.0,0.0,1.0
329677,0,1,3400,-63,63,32,18,17,1.0,0.0,0.0,27,3.5,0.0,0.0,0.0,0.0,0.0,0.0,1.0
329926,0,1,3400,-63,63,33,18,17,1.0,0.0,0.0,27,3.5,0.0,0.0,0.0,0.0,0.0,0.0,1.0
330175,0,1,3400,-63,63,35,18,18,1.0,0.0,0.0,27,3.5,0.0,0.0,0.0,0.0,0.0,0.0,1.0
330424,0,1,3400,-63,63,36,18,18,1.0,0.0,0.0,27,3.5,0.0,0.0,0.0,0.0,0.0,0.0,1.0
330673,0,1,3400,-63,63,37,18,18,1.0,0.0,0.0,27,3.5,0.0,0.0,0.0,0.0,0.0,0.0,1.0
330922,0,1,3400,-63,63,39,18,18,1.0,0.0,0.0,27,3.5,0.0,0.0,0.0,0.0,0.0,0.0,1.0
331171,0,1,3400,-63,63,35,18,19,1.0,0.0,0.0,27,3.5,0.0,0.0,0.0,0.0,0.0,0.0,1.0
331420,0,1,3400,-63,63,43,18,17,1.0,0.0,0.0,27,3.5,0.0,0.0,0.0,0.0,0.0,0.0,1.0
331669,0,1,3400,-63,63,45,18,18,1.0,0.0,0.0,27,3.5,0.0,0.0,0.0,0.0,0.0,0.0,1.0
331918,0,1,3400,-63,63,45,18,17,1.0,0.0,0.0,27,3.5,0.0,0.0,0.0,0.0,0.0,0.0,1.0
332167,0,1,3400,-63,63,43,18,17,1.0,0.0,0.0,27,3.5,0.0,0.0,0.0,0.0,0.0,0.0,1.0
332416,0,1,3400,-63,63,39,18,17,1.0,0.0,0.0,27,3.5,0.0,0.0,0.0,0.0,0.0,0.0,1.0
332665,0,1,3400,-63,63,34,18,18,1.0,0.0,0.0,27,3.5,0.0,0.0,0.0,0.0,0.0,0.0,1.0
332914,0,1,3400,-63,63,31,18,17,1.0,0.0,0.0,27,3.5,0.0,0.0,0.0,0.0,0.0,0.0,1.0
333163,0,1,3400,-63,63,32,18,17,1.0,0.0,0.0,27,3.5,0.0,0.0,0.0,0.0,0.0,0.0,1.0
333412,0,1,3400,-63,63,31,18,18,1.0,0.0,0.0,27,3.5,0.0,0.0,0.0,0.0,0.0,0.0,1.0
333661,0,1,3400,-63,63,29,18,18,1.0,0.0,0.0,27,3.5,0.0,0.0,0.0,0.0,0.0,0.0,1.0
333910,0,1,3400,-63,63,40,18,18,1.0,0.0,0.0,27,3.5,0.0,0.0,0.0,0.0,0.0,0.0,1.0
334159,0,1,3400,-63,63,44,18,18,1.0,0.0,0.0,27,3.5,0.0,0.0,0.0,0.0,0.0,0.0,1.0
334408,0,1,3400,-63,63,42,18,17,1.0,0.0,0.0,27,3.5,0.0,0.0,0.0,0.0,0.0,0.0,1.0
334657,0,1,3400,-63,63,40,18,17,1.0,0.0,0.0,27,3.5,0.0,0.0,0.0,0.0,0.0,0.0,1.0
334906,0,1,3400,-63,63,40,18,18,1.0,0.0,0.0,27,3.5,0.0,0.0,0.0,0.0,0.0,0.0,1.0
335155,0,1,3400,-63,63,39,18,17,1.0,0.0,0.0,27,3.5,0.0,0.0,0.0,0.0,0.0,0.0,1.0
335404,0,1,3400,-63,63,36,18,18,1.0,0.0,0.0,27,3.5,0.0,0.0,0.0,0.0,0.0,0.0,1.0
335653,0,1,3400,-63,63,40,18,18,1.0,0.0,0.0,27,3.5,0.0,0.0,0.0,0.0,0.0,0.0,1.0
335902,0,1,3400,-63,63,40,18,18,1.0,0.0,0.0,27,3.5,0.0,0.0,0.0,0.0,0.0,0.0,1.0
336151,0,1,3400,-63,63,39,18,18,1.0,0.0,0.0,27,3.5,0.0,0.0,0.0,0.0,0.0,0.0,1.0
336400,0,1,3400,-63,63,39,18,17,1.0,0.0,0.0,27,3.5,0.0,0.0,0.0,0.0,0.0,0.0,1.0
336649,0,1,3400,-63,63,42,18,17,1.0,0.0,0.0,27,3.5,0.0,0.0,0.0,0.0,0.0,0.0,1.0
336898,0,1,3400,-63,63,41,18,18,1.0,0.0,0.0,27,3.5,0.0,0.0,0.0,0.0,0.0,0.0,1.0
337147,0,1,3400,-63,63,41,18,18,1.0,0.0,0.0,27,3.5,0.0,0.0,0.0,0.0,0.0,0.0,1.0
337396,0,1,3400,-63,63,52,18,18,1.0,0.0,0.0,27,3.5,0.0,0.0,0.0,0.0,0.0,0.0,1.0
337645,0,1,3400,-63,63,56,18,18,1.0,0.0,0.0,27,3.5,0.0,0.0,0.0,0.0,0.0,0.0,1.0
337894,0,1,3400,-63,63,53,18,18,1.0,0.0,0.0,27,3.5,0.0,0.0,0.0,0.0,0.0,0.0,1.0
338143,0,1,3400,-63,63,44,18,18,1.0,0.0,0.0,27,3.5,0.0,0.0,0.0,0.0,0.0,0.0,1.0
338392,0,1,3400,-63,63,44,18,18,1.0,0.0,0.0,27,3.5,0.0,0.0,0.0,0.0,0.0,0.0,1.0
338641,0,1,3400,-63,63,46,18,18,1.0,0.0,0.0,27,3.5,0.0,0.0,0.0,0.0,0.0,0.0,1.0
338890,0,1,3400,-63,63,47,18,18,1.0,0.0,0.0,27,3.5,0.0,0.0,0.0,0.0,0.0,0.0,1.0
339139,0,1,3400,-63,63,48,18,17,1.0,0.0,0.0,27,3.5,0.0,0.0,0.0,0.0,0.0,0.0,1.0
339388,0,1,3400,-63,63,49,18,17,1.0,0.0,0.0,27,3.5,0.0,0.0,0.0,0.0,0.0,0.0,1.0
339637,0,1,3400,-63,63,46,18,17,1.0,0.0,0.0,27,3.5,0.0,0.0,0.0,0.0,0.0,0.0,1.0
339886,0,1,3400,-63,63,44,18,18,1.0,0.0,0.0,27,3.5,0.0,0.0,0.0,0.0,0.0,0.0,1.0
340135,0,1,3400,-63,63,42,18,18,1.0,0.0,0.0,27,3.5,0.0,0.0,0.0,0.0,0.0,0.0,1.0
340384,0,1,3400,-63,63,45,18,17,1.0,0.0,0.0,27,3.5,0.0,0.0,0.0,0.0,0.0,0.0,1.0
340633,0,1,3400,-63,63,45,18,18,1.0,0.0,0.0,27,3.5,0.0,0.0,0.0,0.0,0.0,0.0,1.0
340882,0,1,3400,-63,63,45,18,18,1.0,0.0,0.0,27,3.5,0.0,0.0,0.0,0.0,0.0,0.0,1.0
341131,0,1,3400,-63,63,51,18,18,1.0,0.0,0.0,27,3.5,0.0,0.0,0.0,0.0,0.0,0.0,1.0
341380,0,1,3400,-63,63,56,18,18,1.0,0.0,0.0,27,3.5,0.0,0.0,0.0,0.0,0.0,0.0,1.0
341629,0,1,3400,-63,63,53,18,18,1.0,0.0,0.0,27,3.5,0.0,0.0,0.0,0.0,0.0,0.0,1.0
341878,0,1,3400,-63,63,47,18,18,1.0,0.0,0.0,27,3.5,0.0,0.0,0.0,0.0,0.0,0.0,1.0
342127,0,1,3400,-63,63,47,18,17,1.0,0.0,0.0,27,3.5,0.0,0.0,0.0,0.0,0.0,0.0,1.0
342376,0,1,3400,-63,63,48,18,17,1.0,0.0,0.0,27,3.5,0.0,0.0,0.0,0.0,0.0,0.0,1.0
342625,0,1,3400,-63,63,44,18,19,1.0,0.0,0.0,27,3.5,0.0,0.0,0.0,0.0,0.0,0.0,1.0
342874,0,1,3400,-63,63,40,18,18,1.0,0.0,0.0,27,3.5,0.0,0.0,0.0,0.0,0.0,0.0,1.0
343123,0,1,3400,-63,63,43,18,18,1.00,0.0,0.0,27,3.5,0.0,0.0,0.0,0.0,0.0,0.0,1.0
343372,0,1,3400,-63,63,50,18,18,1.00,0.0,0.0,27,3.5,0.0,0.0,0.0,0.0,0.0,0.0,1.0
343621,0,1,3400,-63,63,54,18,17,1.0,0.0,0.0,27,3.5,0.0,0.0,0.0,0.0,0.0,0.0,1.0
343870,0,1,3400,-63,63,41,18,18,1.0,0.0,0.0,27,3.5,0.0,0.0,0.0,0.0,0.0,0.0,1.0
344119,0,1,3400,-63,63,41,18,18,1.0,0.0,0.0,27,3.5,0.0,0.0,0.0,0.0,0.0,0.0,1.0
344368,0,1,3400,-63,63,43,18,18,1.0,0.0,0.0,27,3.5,0.0,0.0,0.0,0.0,0.0,0.0,1.0
344617,0,1,3400,-63,63,41,18,17,1.0,0.0,0.0,27,3.5,0.0,0.0,0.0,0.0,0.0,0.0,1.0
344866,0,1,3400,-63,63,38,18,18,1.0,0.0,0.0,27,3.5,0.0,0.0,0.0,0.0,0.0,0.0,1.0
345115,0,1,3400,-63,63,36,18,18,1.0,0.0,0.0,27,3.5,0.0,0.0,0.0,0.0,0.0,0.0,1.0
345364,0,1,3400,-63,63,38,18,17,1.0,0.0,0.0,27,3.5,0.0,0.0,0.0,0.0,0.0,0.0,1.0
345613,0,1,3400,-63,63,39,18,17,1.0,0.0,0.0,27,3.5,0.0,0.0,0.0,0.0,0.0,0.0,1.0
345862,0,1,3400,-63,63,44,18,17,1.0,0.0,0.0,27,3.5,0.0,0.0,0.0,0.0,0.0,0.0,1.0
346111,0,1,3400,-63,63,46,18,18,1.0,0.0,0.0,27,3.5,0.0,0.0,0.0,0.0,0.0,0.0,1.0
346360,0,1,3400,-63,63,52,18,18,1.0,0.0,0.0,27,3.5,0.0,0.0,0.0,0.0,0.0,0.0,1.0
346609,0,1,3400,-63,63,56,18,18,1.0,0.0,0.0,27,3.5,0.0,0.0,0.0,0.0,0.0,0.0,1.0
346858,0,1,3400,-63,63,57,18,18,1.0,0.0,0.0,27,3.5,0.0,0.0,0.0,0.0,0.0,0.0,1.0
347107,0,1,3400,-63,63,56,18,17,1.0,0.0,0.0,27,3.5,0.0,0.0,0.0,0.0,0.0,0.0,1.0
347356,0,1,3400,-63,63,55,18,18,1.0,0.0,0.0,27,3.5,0.0,0.0,0.0,0.0,0.0,0.0,1.0
347605,0,1,3400,-63,63,48,18,18,1.0,0.0,0.0,27,3.5,0.0,0.0,0.0,0.0,0.0,0.0,1.0
347854,0,1,3400,-63,63,45,18,17,1.0,0.0,0.0,27,3.5,0.0,0.0,0.0,0.0,0.0,0.0,1.0
348103,0,1,3400,-63,63,51,18,18,1.0,0.0,0.0,27,3.5,0.0,0.0,0.0,0.0,0.0,0.0,1.0
348352,0,1,3400,-63,63,53,18,17,1.0,0.0,0.0,27,3.5,0.0,0.0,0.0,0.0,0.0,0.0,1.0
348601,0,1,3400,-63,63,55,18,18,1.0,0.0,0.0,27,3.5,0.0,0.0,0.0,0.0,0.0,0.0,1.0
348850,0,1,3400,-63,63,51,18,18,1.0,0.0,0.0,27,3.5,0.0,0.0,0.0,0.0,0.0,0.0,1.0
349099,0,1,3400,-63,63,51,18,17,1.0,0.0,0.0,27,3.5,0.0,0.0,0.0,0.0,0.0,0.0,1.0
349348,0,1,3400,-63,63,55,18,17,1.0,0.0,0.0,27,3.5,0.0,0.0,0.0,0.0,0.0,0.0,1.0
349597,0,1,3400,-63,63,55,18,18,1.0,0.0,0.0,27,3.5,0.0,0.0,0.0,0.0,0.0,0.0,1.0
349846,0,1,3400,-63,63,51,18,17,1.0,0.0,0.0,27,3.5,0.0,0.0,0.0,0.0,0.0,0.0,1.0
350095,0,1,3400,-63,63,44,18,17,1.0,0.0,0.0,27,3.5,0.0,0.0,0.0,0.0,0.0,0.0,1.0
350344,0,1,3400,-63,63,42,18,19,1.0,0.0,0.0,27,3.5,0.0,0.0,0.0,0.0,0.0,0.0,1.0
350593,0,1,3400,-63,63,47,18,19,1.0,0.0,0.0,27,3.5,0.0,0.0,0.0,0.0,0.0,0.0,1.0
350842,0,1,3400,-63,63,45,18,17,1.0,0.0,0.0,27,3.5,0.0,0.0,0.0,0.0,0.0,0.0,1.0
351091,0,1,3400,-63,63,39,18,17,1.0,0.0,0.0,27,3.5,0.0,0.0,0.0,0.0,0.0,0.0,1.0
351340,0,1,3400,-63,63,44,18,17,1.0,0.0,0.0,27,3.5,0.0,0.0,0.0,0.0,0.0,0.0,1.0
351589,0,1,3400,-63,63,49,18,18,1.0,0.0,0.0,27,3.5,0.0,0.0,0.0,0.0,0.0,0.0,1.0
351838,0,1,3400,-63,63,49,18,18,1.0,0.0,0.0,27,3.5,0.0,0.0,0.0,0.0,0.0,0.0,1.0
352087,0,1,3400,-63,63,52,18,18,1.0,0.0,0.0,27,3.5,0.0,0.0,0.0,0.0,0.0,0.0,1.0
352336,0,1,3400,-63,63,51,18,17,1.0,0.0,0.0,27,3.5,0.0,0.0,0.0,0.0,0.0,0.0,1.0
352585,0,1,3400,-63,63,51,18,17,1.0,0.0,0.0,27,3.5,0.0,0.0,0.0,0.0,0.0,0.0,1.0
352834,0,1,3400,-63,63,53,18,18,1.0,0.0,0.0,27,3.5,0.0,0.0,0.0,0.0,0.0,0.0,1.0
353083,0,1,3400,-63,63,50,18,17,1.0,0.0,0.0,27,3.5,0.0,0.0,0.0,0.0,0.0,0.0,1.0
353332,0,1,3400,-63,63,49,18,17,1.0,0.0,0.0,27,3.5,0.0,0.0,0.0,0.0,0.0,0.0,1.0
353581,0,1,3400,-63,63,43,18,18,1.0,0.0,0.0,27,3.5,0.0,0.0,0.0,0.0,0.0,0.0,1.0
353830,0,1,3400,-63,63,40,18,17,1.0,0.0,0.0,27,3.5,0.0,0.0,0.0,0.0,0.0,0.0,1.0
354079,0,1,3400,-63,63,36,18,18,1.0,0.0,0.0,27,3.5,0.0,0.0,0.0,0.0,0.0,0.0,1.0
354328,0,1,3400,-63,63,37,18,18,1.0,0.0,0.0,27,3.5,0.0,0.0,0.0,0.0,0.0,0.0,1.0
354577,0,1,3400,-63,63,46,18,18,1.0,0.0,0.0,27,3.5,0.0,0.0,0.0,0.0,0.0,0.0,1.0
354826,0,1,3400,-63,63,49,18,18,1.0,0.0,0.0,27,3.5,0.0,0.0,0.0,0.0,0.0,0.0,1.0
355075,0,1,3400,-63,63,49,18,17,1.0,0.0,0.0,27,3.5,0.0,0.0,0.0,0.0,0.0,0.0,1.0
355324,0,1,3400,-63,63,44,18,17,1.0,0.0,0.0,27,3.5,0.0,0.0,0.0,0.0,0.0,0.0,1.0
355573,0,1,3400,-63,63,41,18,18,1.0,0.0,0.0,27,3.5,0.0,0.0,0.0,0.0,0.0,0.0,1.0
355822,0,1,3400,-63,63,39,18,18,1.0,0.0,0.0,27,3.5,0.0,0.0,0.0,0.0,0.0,0.0,1.0
356071,0,1,3400,-63,63,31,18,18,1.0,0.0,0.0,27,3.5,0.0,0.0,0.0,0.0,0.0,0.0,1.0
356320,0,1,3400,-63,63,36,18,17,1.0,0.0,0.0,27,3.5,0.0,0.0,0.0,0.0,0.0,0.0,1.0
356569,0,1,3400,-63,63,38,18,18,1.0,0.0,0.0,27,3.5,0.0,0.0,0.0,0.0,0.0,0.0,1.0
356818,0,1,3400,-63,63,38,18,17,1.0,0.0,0.0,27,3.5,0.0,0.0,0.0,0.0,0.0,0.0,1.0
357067,0,1,3400,-63,63,42,18,18,1.0,0.0,0.0,27,3.5,0.0,0.0,0.0,0.0,0.0,0.0,1.0
357316,0,1,3400,-63,63,45,18,17,1.0,0.0,0.0,27,3.5,0.0,0.0,0.0,0.0,0.0,0.0,1.0
357565,0,1,3400,-63,63,39,18,17,1.0,0.0,0.0,27,3.5,0.0,0.0,0.0,0.0,0.0,0.0,1.0
357814,0,1,3400,-63,63,33,18,18,1.0,0.0,0.0,27,3.5,0.0,0.0,0.0,0.0,0.0,0.0,1.0
358063,0,1,3400,-63,63,30,18,18,1.0,0.0,0.0,27,3.5,0.0,0.0,0.0,0.0,0.0,0.0,1.0
358312,0,1,3400,-63,63,35,18,17,1.0,0.0,0.0,27,3.5,0.0,0.0,0.0,0.0,0.0,0.0,1.0
358561,0,1,3400,-63,63,42,18,18,1.0,0.0,0.0,27,3.5,0.0,0.0,0.0,0.0,0.0,0.0,1.0
358810,0,1,3400,-63,63,41,18,18,1.0,0.0,0.0,27,3.5,0.0,0.0,0.0,0.0,0.0,0.0,1.0
359059,0,1,3400,-63,63,37,18,17,1.0,0.0,0.0,27,3.5,0.0,0.0,0.0,0.0,0.0,0.0,1.0
359308,0,1,3400,-63,63,36,18,18,1.0,0.0,0.0,27,3.5,0.0,0.0,0.0,0.0,0.0,0.0,1.0
359557,0,1,3400,-63,63,39,18,18,1.0,0.0,0.0,27,3.5,0.0,0.0,0.0,0.0,0.0,0.0,1.0
359806,0,1,3400,-63,63,36,18,18,1.0,0.0,0.0,27,3.5,0.0,0.0,0.0,0.0,0.0,0.0,1.0
360055,0,1,3400,-63,63,36,18,18,1.0,0.0,0.0,27,3.5,0.0,0.0,0.0,0.0,0.0,0.0,1.0
360304,0,1,3400,-63,63,42,18,17,1.0,0.0,0.0,27,3.5,0.0,0.0,0.0,0.0,0.0,0.0,1.0
360553,0,1,3400,-63,63,42,18,17,1.0,0.0,0.0,27,3.5,0.0,0.0,0.0,0.0,0.0,0.0,1.0
360802,0,1,3400,-63,63,42,18,17,1.0,0.0,0.0,27,3.5,0.0,0.0,0.0,0.0,0.0,0.0,1.0
361051,0,1,3400,-63,63,38,18,19,1.0,0.0,0.0,27,3.5,0.0,0.0,0.0,0.0,0.0,0.0,1.0
361300,0,1,3400,-63,63,35,18,18,1.0,0.0,0.0,27,3.5,0.0,0.0,0.0,0.0,0.0,0.0,1.0
361549,0,1,3400,-63,63,39,18,17,1.0,0.0,0.0,27,3.5,0.0,0.0,0.0,0.0,0.0,0.0,1.0
361798,0,1,3400,-63,63,35,18,17,1.0,0.0,0.0,27,3.5,0.0,0.0,0.0,0.0,0.0,0.0,1.0
362047,0,1,3400,-63,63,33,18,17,1.0,0.0,0.0,27,3.5,0.0,0.0,0.0,0.0,0.0,0.0,1.0
362296,0,1,3400,-63,63,30,18,18,1.0,0.0,0.0,27,3.5,0.0,0.0,0.0,0.0,0.0,0.0,1.0
362545,0,1,3400,-63,63,30,18,17,1.0,0.0,0.0,27,3.5,0.0,0.0,0.0,0.0,0.0,0.0,1.0
362794,0,1,3400,-63,63,28,18,17,1.0,0.0,0.0,27,3.5,0.0,0.0,0.0,0.0,0.0,0.0,1.0
363043,0,1,3400,-63,63,27,18,17,1.0,0.0,0.0,27,3.5,0.0,0.0,0.0,0.0,0.0,0.0,1.0
363292,0,1,3400,-63,63,27,18,17,1.0,0.0,0.0,27,3.5,0.0,0.0,0.0,0.0,0.0,0.0,1.0
363541,0,1,3400,-63,63,29,18,17,1.0,0.0,0.0,27,3.5,0.0,0.0,0.0,0.0,0.0,0.0,1.0
363790,0,1,3400,-63,63,31,18,18,1.0,0.0,0.0,27,3.5,0.0,0.0,0.0,0.0,0.0,0.0,1.0
364039,0,1,3400,-63,63,29,18,17,1.0,0.0,0.0,27,3.5,0.0,0.0,0.0,0.0,0.0,0.0,1.0
364288,0,1,3400,-63,63,27,18,17,1.0,0.0,0.0,27,3.5,0.0,0.0,0.0,0.0,0.0,0.0,1.0
364537,0,1,3400,-63,63,32,18,17,1.0,0.0,0.0,27,3.5,0.0,0.0,0.0,0.0,0.0,0.0,1.0
364786,0,1,3400,-63,63,37,18,17,1.0,0.0,0.0,27,3.5,0.0,0.0,0.0,0.0,0.0,0.0,1.0
365035,0,1,3400,-63,63,38,18,18,1.0,0.0,0.0,27,3.5,0.0,0.0,0.0,0.0,0.0,0.0,1.0
365284,0,1,3400,-63,63,35,18,18,1.0,0.0,0.0,27,3.5,0.0,0.0,0.0,0.0,0.0,0.0,1.0
365533,0,1,3400,-63,63,40,18,17,1.0,0.0,0.0,27,3.5,0.0,0.0,0.0,0.0,0.0,0.0,1.0
365782,0,1,3400,-63,63,43,18,18,1.0,0.0,0.0,27,3.5,0.0,0.0,0.0,0.0,0.0,0.0,1.0
366031,0,1,3400,-63,63,34,18,18,1.0,0.0,0.0,27,3.5,0.0,0.0,0.0,0.0,0.0,0.0,1.0
366280,0,1,3400,-63,63,33,18,18,1.0,0.0,0.0,27,3.5,0.0,0.0,0.0,0.0,0.0,0.0,1.0
366529,0,1,3400,-63,63,32,18,17,1.0,0.0,0.0,27,3.5,0.0,0.0,0.0,0.0,0.0,0.0,1.0
366778,0,1,3400,-63,63,32,18,18,1.0,0.0,0.0,27,3.5,0.0,0.0,0.0,0.0,0.0,0.0,1.0
367027,0,1,3400,-63,63,40,18,17,1.0,0.0,0.0,27,3.5,0.0,0.0,0.0,0.0,0.0,0.0,1.0
367276,0,1,3400,-63,63,43,18,18,1.0,0.0,0.0,27,3.5,0.0,0.0,0.0,0.0,0.0,0.0,1.0
367525,0,1,3400,-63,63,41,18,17,1.0,0.0,0.0,27,3.5,0.0,0.0,0.0,0.0,0.0,0.0,1.0
367774,0,1,3400,-63,63,44,18,17,1.0,0.0,0.0,27,3.5,0.0,0.0,0.0,0.0,0.0,0.0,1.0
368023,0,1,3400,-63,63,43,18,18,1.0,0.0,0.0,27,3.5,0.0,0.0,0.0,0.0,0.0,0.0,1.0
368272,0,1,3400,-63,63,42,18,17,1.0,0.0,0.0,27,3.5,0.0,0.0,0.0,0.0,0.0,0.0,1.0
368521,0,1,3400,-63,63,39,18,17,1.0,0.0,0.0,27,3.5,0.0,0.0,0.0,0.0,0.0,0.0,1.0
368770,0,1,3400,-63,63,39,18,17,1.0,0.0,0.0,27,3.5,0.0,0.0,0.0,0.0,0.0,0.0,1.0
369019,0,1,3400,-63,63,37,18,17,1.0,0.0,0.0,27,3.5,0.0,0.0,0.0,0.0,0.0,0.0,1.0
369268,0,1,3400,-63,63,39,18,17,1.0,0.0,0.0,27,3.5,0.0,0.0,0.0,0.0,0.0,0.0,1.0
369517,0,1,3400,-63,63,43,18,17,1.0,0.0,0.0,27,3.5,0.0,0.0,0.0,0.0,0.0,0.0,1.0
369766,0,1,3400,-63,63,46,18,17,1.0,0.0,0.0,27,3.5,0.0,0.0,0.0,0.0,0.0,0.0,1.0
370015,0,1,3400,-63,63,40,18,18,1.0,0.0,0.0,27,3.5,0.0,0.0,0.0,0.0,0.0,0.0,1.0
370264,0,1,3400,-63,63,37,18,17,1.0,0.0,0.0,27,3.5,0.0,0.0,0.0,0.0,0.0,0.0,1.0
370513,0,1,3400,-63,63,34,18,18,1.0,0.0,0.0,27,3.5,0.0,0.0,0.0,0.0,0.0,0.0,1.0
370762,0,1,3400,-63,63,33,18,17,1.0,0.0,0.0,27,3.5,0.0,0.0,0.0,0.0,0.0,0.0,1.0
371011,0,1,3400,-63,63,36,18,18,1.0,0.0,0.0,27,3.5,0.0,0.0,0.0,0.0,0.0,0.0,1.0
371260,0,1,3400,-63,63,38,18,18,1.0,0.0,0.0,27,3.5,0.0,0.0,0.0,0.0,0.0,0.0,1.0
371509,0,1,3400,-63,63,40,18,17,1.0,0.0,0.0,27,3.5,0.0,0.0,0.0,0.0,0.0,0.0,1.0
371758,0,1,3400,-63,63,46,18,17,1.0,0.0,0.0,27,3.5,0.0,0.0,0.0,0.0,0.0,0.0,1.0
372007,0,1,3400,-63,63,46,18,17,1.0,0.0,0.0,27,3.5,0.0,0.0,0.0,0.0,0.0,0.0,1.0
372256,0,1,3400,-63,63,48,18,17,1.0,0.0,0.0,27,3.5,0.0,0.0,0.0,0.0,0.0,0.0,1.0
372505,0,1,3400,-63,63,41,18,18,1.0,0.0,0.0,27,3.5,0.0,0.0,0.0,0.0,0.0,0.0,1.0
372754,0,1,3400,-63,63,44,18,17,1.0,0.0,0.0,27,3.5,0.0,0.0,0.0,0.0,0.0,0.0,1.0
373003,0,1,3400,-63,63,52,18,17,1.0,0.0,0.0,27,3.5,0.0,0.0,0.0,0.0,0.0,0.0,1.0
373252,0,1,3400,-63,63,49,18,18,1.0,0.0,0.0,27,3.5,0.0,0.0,0.0,0.0,0.0,0.0,1.0
373501,0,1,3400,-63,63,49,18,17,1.0,0.0,0.0,27,3.5,0.0,0.0,0.0,0.0,0.0,0.0,1.0
373750,0,1,3400,-63,63,47,18,19,1.0,0.0,0.0,27,3.5,0.0,0.0,0.0,0.0,0.0,0.0,1.0
373999,0,1,3400,-63,63,44,18,17,1.0,0.0,0.0,27,3.5,0.0,0.0,0.0,0.0,0.0,0.0,1.0
374248,0,1,3400,-63,63,41,18,17,1.0,0.0,0.0,27,3.5,0.0,0.0,0.0,0.0,0.0,0.0,1.0
374497,0,1,3400,-63,63,41,18,17,1.0,0.0,0.0,27,3.5,0.0,0.0,0.0,0.0,0.0,0.0,1.0
374746,0,1,3400,-63,63,48,18,17,1.0,0.0,0.0,27,3.5,0.0,0.0,0.0,0.0,0.0,0.0,1.0
374995,0,1,3400,-63,63,53,18,17,1.0,0.0,0.0,27,3.5,0.0,0.0,0.0,0.0,0.0,0.0,1.0
375244,0,1,3400,-63,63,48,18,17,1.0,0.0,0.0,27,3.5,0.0,0.0,0.0,0.0,0.0,0.0,1.0
375493,0,1,3400,-63,63,42,18,18,1.0,0.0,0.0,27,3.5,0.0,0.0,0.0,0.0,0.0,0.0,1.0
375742,0,1,3400,-63,63,46,18,17,1.0,0.0,0.0,27,3.5,0.0,0.0,0.0,0.0,0.0,0.0,1.0
375991,0,1,3400,-63,63,48,18,18,1.0,0.0,0.0,27,3.5,0.0,0.0,0.0,0.0,0.0,0.0,1.0
376240,0,1,3400,-63,63,43,18,17,1.0,0.0,0.0,27,3.5,0.0,0.0,0.0,0.0,0.0,0.0,1.0
376489,0,1,3400,-63,63,48,18,18,1.0,0.0,0.0,27,3.5,0.0,0.0,0.0,0.0,0.0,0.0,1.0
376738,0,1,3400,-63,63,44,18,18,1.0,0.0,0.0,27,3.5,0.0,0.0,0.0,0.0,0.0,0.0,1.0
376987,0,1,3400,-63,63,45,18,18,1.0,0.0,0.0,27,3.5,0.0,0.0,0.0,0.0,0.0,0.0,1.0
377236,0,1,3400,-63,63,46,18,18,1.0,0.0,0.0,27,3.5,0.0,0.0,0.0,0.0,0.0,0.0,1.0
377485,0,1,3400,-63,63,41,18,17,1.0,0.0,0.0,27,3.5,0.0,0.0,0.0,0.0,0.0,0.0,1.0
377734,0,1,3400,-63,63,38,18,18,1.0,0.0,0.0,27,3.5,0.0,0.0,0.0,0.0,0.0,0.0,1.0
377983,0,1,3400,-63,63,40,18,17,1.0,0.0,0.0,27,3.5,0.0,0.0,0.0,0.0,0.0,0.0,1.0
378232,0,1,3400,-63,63,43,18,18,1.0,0.0,0.0,27,3.5,0.0,0.0,0.0,0.0,0.0,0.0,1.0
378481,0,1,3400,-63,63,41,18,18,1.0,0.0,0.0,27,3.5,0.0,0.0,0.0,0.0,0.0,0.0,1.0
378730,0,1,3400,-63,63,40,18,18,1.0,0.0,0.0,27,3.5,0.0,0.0,0.0,0.0,0.0,0.0,1.0
378979,0,1,3400,-63,63,46,18,19,1.0,0.0,0.0,27,3.5,0.0,0.0,0.0,0.0,0.0,0.0,1.0
379228,0,1,3400,-63,63,41,18,17,1.0,0.0,0.0,27,3.5,0.0,0.0,0.0,0.0,0.0,0.0,1.0
379477,0,1,3400,-63,63,41,18,17,1.0,0.0,0.0,27,3.5,0.0,0.0,0.0,0.0,0.0,0.0,1.0
379726,0,1,3400,-63,63,45,18,17,1.0,0.0,0.0,27,3.5,0.0,0.0,0.0,0.0,0.0,0.0,1.0
379975,0,1,3400,-63,63,48,18,17,1.0,0.0,0.0,27,3.5,0.0,0.0,0.0,0.0,0.0,0.0,1.0
380224,0,1,3400,-63,63,50,18,17,1.0,0.0,0.0,27,3.5,0.0,0.0,0.0,0.0,0.0,0.0,1.0
380473,0,1,3400,-63,63,49,18,17,1.0,0.0,0.0,27,3.5,0.0,0.0,0.0,0.0,0.0,0.0,1.0
380722,0,1,3400,-63,63,45,18,18,1.0,0.0,0.0,27,3.5,0.0,0.0,0.0,0.0,0.0,0.0,1.0
380971,0,1,3400,-63,63,37,18,18,1.0,0.0,0.0,27,3.5,0.0,0.0,0.0,0.0,0.0,0.0,1.0
381220,0,1,3400,-63,63,34,18,18,1.0,0.0,0.0,27,3.5,0.0,0.0,0.0,0.0,0.0,0.0,1.0
381469,0,1,3400,-63,63,38,18,17,1.0,0.0,0.0,27,3.5,0.0,0.0,0.0,0.0,0.0,0.0,1.0
381718,0,1,3400,-63,63,42,18,17,1.0,0.0,0.0,27,3.5,0.0,0.0,0.0,0.0,0.0,0.0,1.0
381967,0,1,3400,-63,63,41,18,17,1.0,0.0,0.0,27,3.5,0.0,0.0,0.0,0.0,0.0,0.0,1.0
382216,0,1,3400,-63,63,41,18,17,1.0,0.0,0.0,27,3.5,0.0,0.0,0.0,0.0,0.0,0.0,1.0
382465,0,1,3400,-63,63,39,18,17,1.0,0.0,0.0,27,3.5,0.0,0.0,0.0,0.0,0.0,0.0,1.0
382714,0,1,3400,-63,63,42,18,17,1.0,0.0,0.0,27,3.5,0.0,0.0,0.0,0.0,0.0,0.0,1.0
382963,0,1,3400,-63,63,47,18,18,1.0,0.0,0.0,27,3.5,0.0,0.0,0.0,0.0,0.0,0.0,1.0
383212,0,1,3400,-63,63,47,18,17,1.0,0.0,0.0,27,3.5,0.0,0.0,0.0,0.0,0.0,0.0,1.0
383461,0,1,3400,-63,63,45,18,17,1.0,0.0,0.0,27,3.5,0.0,0.0,0.0,0.0,0.0,0.0,1.0
383710,0,1,3400,-63,63,37,18,17,1.0,0.0,0.0,27,3.5,0.0,0.0,0.0,0.0,0.0,0.0,1.0
383959,0,1,3400,-63,63,31,18,18,1.0,0.0,0.0,27,3.5,0.0,0.0,0.0,0.0,0.0,0.0,1.0
384208,0,1,3400,-63,63,31,18,18,1.0,0.0,0.0,27,3.5,0.0,0.0,0.0,0.0,0.0,0.0,1.0
384457,0,1,3400,-63,63,38,18,17,1.0,0.0,0.0,27,3.5,0.0,0.0,0.0,0.0,0.0,0.0,1.0
384706,0,1,3400,-63,63,34,18,18,1.0,0.0,0.0,27,3.5,0.0,0.0,0.0,0.0,0.0,0.0,1.0
384955,0,1,3400,-63,63,38,18,18,1.0,0.0,0.0,27,3.5,0.0,0.0,0.0,0.0,0.0,0.0,1.0
385204,0,1,3400,-63,63,42,18,18,1.0,0.0,0.0,27,3.5,0.0,0.0,0.0,0.0,0.0,0.0,1.0
385453,0,1,3400,-63,63,38,18,18,1.0,0.0,0.0,27,3.5,0.0,0.0,0.0,0.0,0.0,0.0,1.0
385702,0,1,3400,-63,63,34,18,18,1.0,0.0,0.0,27,3.5,0.0,0.0,0.0,0.0,0.0,0.0,1.0
385951,0,1,3400,-63,63,37,18,17,1.0,0.0,0.0,27,3.5,0.0,0.0,0.0,0.0,0.0,0.0,1.0
386200,0,1,3400,-63,63,40,18,17,1.0,0.0,0.0,27,3.5,0.0,0.0,0.0,0.0,0.0,0.0,1.0
386449,0,1,3400,-63,63,40,18,17,1.0,0.0,0.0,27,3.5,0.0,0.0,0.0,0.0,0.0,0.0,1.0
386698,0,1,3400,-63,63,37,18,18,1.0,0.0,0.0,27,3.5,0.0,0.0,0.0,0.0,0.0,0.0,1.0
386947,0,1,3400,-63,63,40,18,17,1.0,0.0,0.0,27,3.5,0.0,0.0,0.0,0.0,0.0,0.0,1.0
387196,0,1,3400,-63,63,39,18,18,1.0,0.0,0.0,27,3.5,0.0,0.0,0.0,0.0,0.0,0.0,1.0
387445,0,1,3400,-63,63,39,18,18,1.0,0.0,0.0,27,3.5,0.0,0.0,0.0,0.0,0.0,0.0,1.0
387694,0,1,3400,-63,63,37,18,17,1.0,0.0,0.0,27,3.5,0.0,0.0,0.0,0.0,0.0,0.0,1.0
387943,0,1,3400,-63,63,28,18,17,1.0,0.0,0.0,27,3.5,0.0,0.0,0.0,0.0,0.0,0.0,1.0
388192,0,1,3400,-63,63,30,18,18,1.0,0.0,0.0,27,3.5,0.0,0.0,0.0,0.0,0.0,0.0,1.0
388441,0,1,3400,-63,63,36,18,17,1.0,0.0,0.0,27,3.5,0.0,0.0,0.0,0.0,0.0,0.0,1.0
388690,0,1,3400,-63,63,36,18,17,1.0,0.0,0.0,27,3.5,0.0,0.0,0.0,0.0,0.0,0.0,1.0
388939,0,1,3400,-63,63,38,18,18,1.0,0.0,0.0,27,3.5,0.0,0.0,0.0,0.0,0.0,0.0,1.0
389188,0,1,3400,-63,63,44,18,18,1.0,0.0,0.0,27,3.5,0.0,0.0,0.0,0.0,0.0,0.0,1.0
389437,0,1,3400,-63,63,47,18,17,1.0,0.0,0.0,27,3.5,0.0,0.0,0.0,0.0,0.0,0.0,1.0
389686,0,1,3400,-63,63,37,18,17,1.0,0.0,0.0,27,3.5,0.0,0.0,0.0,0.0,0.0,0.0,1.0
389935,0,1,3400,-63,63,29,18,18,1.0,0.0,0.0,27,3.5,0.0,0.0,0.0,0.0,0.0,0.0,1.0
390184,0,1,3400,-63,63,29,18,18,1.0,0.0,0.0,27,3.5,0.0,0.0,0.0,0.0,0.0,0.0,1.0
390433,0,1,3400,-63,63,29,18,18,1.0,0.0,0.0,27,3.5,0.0,0.0,0.0,0.0,0.0,0.0,1.0
390682,0,1,3400,-63,63,29,18,19,1.0,0.0,0.0,27,3.5,0.0,0.0,0.0,0.0,0.0,0.0,1.0
390931,0,1,3400,-63,63,29,18,17,1.0,0.0,0.0,27,3.5,0.0,0.0,0.0,0.0,0.0,0.0,1.0
391180,0,1,3400,-63,63,30,18,17,1.0,0.0,0.0,27,3.5,0.0,0.0,0.0,0.0,0.0,0.0,1.0
391429,0,1,3400,-63,63,34,18,17,1.0,0.0,0.0,27,3.5,0.0,0.0,0.0,0.0,0.0,0.0,1.0
391678,0,1,3400,-63,63,38,18,17,1.0,0.0,0.0,27,3.5,0.0,0.0,0.0,0.0,0.0,0.0,1.0
391927,0,1,3400,-63,63,35,18,17,1.0,0.0,0.0,27,3.5,0.0,0.0,0.0,0.0,0.0,0.0,1.0
392176,0,1,3400,-63,63,31,18,17,1.0,0.0,0.0,27,3.5,0.0,0.0,0.0,0.0,0.0,0.0,1.0
392425,0,1,3400,-63,63,36,18,18,1.0,0.0,0.0,27,3.5,0.0,0.0,0.0,0.0,0.0,0.0,1.0
392674,0,1,3400,-63,63,39,18,17,1.0,0.0,0.0,27,3.5,0.0,0.0,0.0,0.0,0.0,0.0,1.0
392923,0,1,3400,-63,63,43,18,17,1.0,0.0,0.0,27,3.5,0.0,0.0,0.0,0.0,0.0,0.0,1.0
393172,0,1,3400,-63,63,47,18,17,1.0,0.0,0.0,27,3.5,0.0,0.0,0.0,0.0,0.0,0.0,1.0
393421,0,1,3400,-63,63,46,18,17,1.0,0.0,0.0,27,3.5,0.0,0.0,0.0,0.0,0.0,0.0,1.0
393670,0,1,3400,-63,63,38,18,17,1.0,0.0,0.0,27,3.5,0.0,0.0,0.0,0.0,0.0,0.0,1.0
393919,0,1,3400,-63,63,37,18,17,1.0,0.0,0.0,27,3.5,0.0,0.0,0.0,0.0,0.0,0.0,1.0
394168,0,1,3400,-63,63,40,18,18,1.0,0.0,0.0,27,3.5,0.0,0.0,0.0,0.0,0.0,0.0,1.0
394417,0,1,3400,-63,63,45,18,17,1.0,0.0,0.0,27,3.5,0.0,0.0,0.0,0.0,0.0,0.0,1.0
394666,0,1,3400,-63,63,41,18,18,1.0,0.0,0.0,27,3.5,0.0,0.0,0.0,0.0,0.0,0.0,1.0
394915,0,1,3400,-63,63,39,18,17,1.0,0.0,0.0,27,3.5,0.0,0.0,0.0,0.0,0.0,0.0,1.0
395164,0,1,3400,-63,63,42,18,17,1.0,0.0,0.0,27,3.5,0.0,0.0,0.0,0.0,0.0,0.0,1.0
395413,0,1,3400,-63,63,41,18,17,1.0,0.0,0.0,27,3.5,0.0,0.0,0.0,0.0,0.0,0.0,1.0
395662,0,1,3400,-63,63,41,18,18,1.0,0.0,0.0,27,3.5,0.0,0.0,0.0,0.0,0.0,0.0,1.0
395911,0,1,3400,-63,63,43,18,17,1.0,0.0,0.0,27,3.5,0.0,0.0,0.0,0.0,0.0,0.0,1.0
396160,0,1,3400,-63,63,40,18,17,1.0,0.0,0.0,27,3.5,0.0,0.0,0.0,0.0,0.0,0.0,1.0
396409,0,1,3400,-63,63,44,18,18,1.0,0.0,0.0,27,3.5,0.0,0.0,0.0,0.0,0.0,0.0,1.0
396658,0,1,3400,-63,63,44,18,17,1.0,0.0,0.0,27,3.5,0.0,0.0,0.0,0.0,0.0,0.0,1.0
396907,0,1,3400,-63,63,42,18,17,1.0,0.0,0.0,27,3.5,0.0,0.0,0.0,0.0,0.0,0.0,1.0
397156,0,1,3400,-63,63,43,18,18,1.0,0.0,0.0,27,3.5,0.0,0.0,0.0,0.0,0.0,0.0,1.0
397405,0,1,3400,-63,63,41,18,17,1.0,0.0,0.0,27,3.5,0.0,0.0,0.0,0.0,0.0,0.0,1.0
397654,0,1,3400,-63,63,43,18,18,1.0,0.0,0.0,27,3.5,0.0,0.0,0.0,0.0,0.0,0.0,1.0
397903,0,1,3400,-63,63,51,18,17,1.0,0.0,0.0,27,3.5,0.0,0.0,0.0,0.0,0.0,0.0,1.0
398152,0,1,3400,-63,63,50,18,18,1.0,0.0,0.0,27,3.5,0.0,0.0,0.0,0.0,0.0,0.0,1.0
398401,0,1,3400,-63,63,45,18,18,1.0,0.0,0.0,27,3.5,0.0,0.0,0.0,0.0,0.0,0.0,1.0
398650,0,1,3400,-63,63,47,18,17,1.0,0.0,0.0,27,3.5,0.0,0.0,0.0,0.0,0.0,0.0,1.0
398899,0,1,3400,-63,63,56,18,17,1.0,0.0,0.0,27,3.5,0.0,0.0,0.0,0.0,0.0,0.0,1.0
399148,0,1,3400,-63,63,53,18,19,1.0,0.0,0.0,27,3.5,0.0,0.0,0.0,0.0,0.0,0.0,1.0
399397,0,1,3400,-63,63,48,18,17,1.0,0.0,0.0,27,3.5,0.0,0.0,0.0,0.0,0.0,0.0,1.0
399646,0,1,3400,-63,63,50,18,18,1.0,0.0,0.0,27,3.5,0.0,0.0,0.0,0.0,0.0,0.0,1.0
399895,0,1,3400,-63,63,53,18,17,1.0,0.0,0.0,27,3.5,0.0,0.0,0.0,0.0,0.0,0.0,1.0
400144,0,1,3400,-63,63,58,18,17,1.0,0.0,0.0,27,3.5,0.0,0.0,0.0,0.0,0.0,0.0,1.0
400393,0,1,3400,-63,63,53,18,18,1.0,0.0,0.0,27,3.5,0.0,0.0,0.0,0.0,0.0,0.0,1.0
400642,0,1,3400,-63,63,45,18,17,1.0,0.0,0.0,27,3.5,0.0,0.0,0.0,0.0,0.0,0.0,1.0
400891,0,1,3400,-63,63,44,18,17,1.0,0.0,0.0,27,3.5,0.0,0.0,0.0,0.0,0.0,0.0,1.0
401140,0,1,3400,-63,63,42,18,18,1.0,0.0,0.0,27,3.5,0.0,0.0,0.0,0.0,0.0,0.0,1.0
401389,0,1,3400,-63,63,44,18,18,1.0,0.0,0.0,27,3.5,0.0,0.0,0.0,0.0,0.0,0.0,1.0
401638,0,1,3400,-63,63,41,18,17,1.0,0.0,0.0,27,3.5,0.0,0.0,0.0,0.0,0.0,0.0,1.0
401887,0,1,3400,-63,63,45,18,17,1.0,0.0,0.0,27,3.5,0.0,0.0,0.0,0.0,0.0,0.0,1.0
402136,0,1,3400,-63,63,47,18,18,1.0,0.0,0.0,27,3.5,0.0,0.0,0.0,0.0,0.0,0.0,1.0
402385,0,1,3400,-63,63,43,18,18,1.0,0.0,0.0,27,3.5,0.0,0.0,0.0,0.0,0.0,0.0,1.0
402634,0,1,3400,-63,63,46,18,17,1.0,0.0,0.0,27,3.5,0.0,0.0,0.0,0.0,0.0,0.0,1.0
402883,0,1,3400,-63,63,49,18,17,1.0,0.0,0.0,27,3.5,0.0,0.0,0.0,0.0,0.0,0.0,1.0
403132,0,1,3400,-63,63,51,18,17,1.0,0.0,0.0,27,3.5,0.0,0.0,0.0,0.0,0.0,0.0,1.0
403381,0,1,3400,-63,63,51,18,18,1.0,0.0,0.0,27,3.5,0.0,0.0,0.0,0.0,0.0,0.0,1.0
403630,0,1,3400,-63,63,49,18,18,1.0,0.0,0.0,27,3.5,0.0,0.0,0.0,0.0,0.0,0.0,1.0
403879,0,1,3400,-63,63,47,18,17,1.0,0.0,0.0,27,3.5,0.0,0.0,0.0,0.0,0.0,0.0,1.0
404128,0,1,3400,-63,63,43,18,18,1.0,0.0,0.0,27,3.5,0.0,0.0,0.0,0.0,0.0,0.0,1.0
404377,0,1,3400,-63,63,45,18,18,1.0,0.0,0.0,27,3.5,0.0,0.0,0.0,0.0,0.0,0.0,1.0
404626,0,1,3400,-63,63,46,18,18,1.0,0.0,0.0,27,3.5,0.0,0.0,0.0,0.0,0.0,0.0,1.0
404875,0,1,3400,-63,63,41,18,17,1.0,0.0,0.0,27,3.5,0.0,0.0,0.0,0.0,0.0,0.0,1.0
405124,0,1,3400,-63,63,32,18,18,1.0,0.0,0.0,27,3.5,0.0,0.0,0.0,0.0,0.0,0.0,1.0
405373,0,1,3400,-63,63,31,18,18,1.0,0.0,0.0,27,3.5,0.0,0.0,0.0,0.0,0.0,0.0,1.0
405622,0,1,3400,-63,63,36,18,17,1.0,0.0,0.0,27,3.5,0.0,0.0,0.0,0.0,0.0,0.0,1.0
405871,0,1,3400,-63,63,38,18,17,1.0,0.0,0.0,27,3.5,0.0,0.0,0.0,0.0,0.0,0.0,1.0
406120,0,1,3400,-63,63,39,18,17,1.0,0.0,0.0,27,3.5,0.0,0.0,0.0,0.0,0.0,0.0,1.0
406369,0,1,3400,-63,63,33,18,17,1.00,0.0,0.0,27,3.5,0.0,0.0,0.0,0.0,0.0,0.0,1.0
406618,0,1,3400,-63,63,32,18,18,1.0,0.0,0.0,27,3.5,0.0,0.0,0.0,0.0,0.0,0.0,1.0
406867,0,1,3400,-63,63,32,18,17,1.0,0.0,0.0,27,3.5,0.0,0.0,0.0,0.0,0.0,0.0,1.0
407116,0,1,3400,-63,63,34,18,18,1.0,0.0,0.0,27,3.5,0.0,0.0,0.0,0.0,0.0,0.0,1.0
407365,0,1,3400,-63,63,40,18,17,1.0,0.0,0.0,27,3.5,0.0,0.0,0.0,0.0,0.0,0.0,1.0
407614,0,1,3400,-63,63,38,18,17,1.0,0.0,0.0,27,3.5,0.0,0.0,0.0,0.0,0.0,0.0,1.0
407863,0,1,3400,-63,63,34,18,17,1.0,0.0,0.0,27,3.5,0.0,0.0,0.0,0.0,0.0,0.0,1.0
408112,0,1,3400,-63,63,36,18,18,1.0,0.0,0.0,27,3.5,0.0,0.0,0.0,0.0,0.0,0.0,1.0
408361,0,1,3400,-63,63,36,18,17,1.0,0.0,0.0,27,3.5,0.0,0.0,0.0,0.0,0.0,0.0,1.0
408610,0,1,3400,-63,63,39,18,17,1.0,0.0,0.0,27,3.5,0.0,0.0,0.0,0.0,0.0,0.0,1.0
408859,0,1,3400,-63,63,39,18,17,1.0,0.0,0.0,27,3.5,0.0,0.0,0.0,0.0,0.0,0.0,1.0
409108,0,1,3400,-63,63,35,18,17,1.0,0.0,0.0,27,3.5,0.0,0.0,0.0,0.0,0.0,0.0,1.0
409357,0,1,3400,-63,63,32,18,18,1.0,0.0,0.0,27,3.5,0.0,0.0,0.0,0.0,0.0,0.0,1.0
409606,0,1,3400,-63,63,28,18,17,1.0,0.0,0.0,27,3.5,0.0,0.0,0.0,0.0,0.0,0.0,1.0
409855,0,1,3400,-63,63,20,18,17,1.0,0.0,0.0,27,3.5,0.0,0.0,0.0,0.0,0.0,0.0,1.0
410104,0,1,3400,-63,63,25,18,18,1.0,0.0,0.0,27,3.5,0.0,0.0,0.0,0.0,0.0,0.0,1.0
410353,0,1,3400,-63,63,32,18,17,1.0,0.0,0.0,27,3.5,0.0,0.0,0.0,0.0,0.0,0.0,1.0
410602,0,1,3400,-63,63,33,18,17,1.0,0.0,0.0,27,3.5,0.0,0.0,0.0,0.0,0.0,0.0,1.0
410851,0,1,3400,-63,63,39,18,18,1.0,0.0,0.0,27,3.5,0.0,0.0,0.0,0.0,0.0,0.0,1.0
411100,0,1,3400,-63,63,38,18,18,1.0,0.0,0.0,27,3.5,0.0,0.0,0.0,0.0,0.0,0.0,1.0
411349,0,1,3400,-63,63,37,18,18,1.0,0.0,0.0,27,3.5,0.0,0.0,0.0,0.0,0.0,0.0,1.0
411598,0,1,3400,-63,63,36,18,17,1.0,0.0,0.0,27,3.5,0.0,0.0,0.0,0.0,0.0,0.0,1.0
411847,0,1,3400,-63,63,30,18,17,1.0,0.0,0.0,27,3.5,0.0,0.0,0.0,0.0,0.0,0.0,1.0
412096,0,1,3400,-63,63,29,18,17,1.0,0.0,0.0,27,3.5,0.0,0.0,0.0,0.0,0.0,0.0,1.0
412345,0,1,3400,-63,63,31,18,18,1.0,0.0,0.0,27,3.5,0.0,0.0,0.0,0.0,0.0,0.0,1.0
412594,0,1,3400,-63,63,34,18,17,1.0,0.0,0.0,27,3.5,0.0,0.0,0.0,0.0,0.0,0.0,1.0
412843,0,1,3400,-63,63,38,18,17,1.0,0.0,0.0,27,3.5,0.0,0.0,0.0,0.0,0.0,0.0,1.0
413092,0,1,3400,-63,63,36,18,18,1.0,0.0,0.0,27,3.5,0.0,0.0,0.0,0.0,0.0,0.0,1.0
413341,0,1,3400,-63,63,28,18,17,1.0,0.0,0.0,27,3.5,0.0,0.0,0.0,0.0,0.0,0.0,1.0
413590,0,1,3400,-63,63,29,18,18,1.0,0.0,0.0,27,3.5,0.0,0.0,0.0,0.0,0.0,0.0,1.0
413839,0,1,3400,-63,63,31,18,18,1.0,0.0,0.0,27,3.5,0.0,0.0,0.0,0.0,0.0,0.0,1.0
414088,0,1,3400,-63,63,34,18,18,1.0,0.0,0.0,27,3.5,0.0,0.0,0.0,0.0,0.0,0.0,1.0
414337,0,1,3400,-63,63,36,18,17,1.0,0.0,0.0,27,3.5,0.0,0.0,0.0,0.0,0.0,0.0,1.0
414586,0,1,3400,-63,63,34,18,17,1.0,0.0,0.0,27,3.5,0.0,0.0,0.0,0.0,0.0,0.0,1.0
414835,0,1,3400,-63,63,34,18,17,1.0,0.0,0.0,27,3.5,0.0,0.0,0.0,0.0,0.0,0.0,1.0
415084,0,1,3400,-63,63,36,18,17,1.0,0.0,0.0,27,3.5,0.0,0.0,0.0,0.0,0.0,0.0,1.0
415333,0,1,3400,-63,63,40,18,17,1.0,0.0,0.0,27,3.5,0.0,0.0,0.0,0.0,0.0,0.0,1.0
415582,0,1,3400,-63,63,40,18,17,1.0,0.0,0.0,27,3.5,0.0,0.0,0.0,0.0,0.0,0.0,1.0
415831,0,1,3400,-63,63,37,18,18,1.0,0.0,0.0,27,3.5,0.0,0.0,0.0,0.0,0.0,0.0,1.0
416080,0,1,3400,-63,63,30,18,18,1.0,0.0,0.0,27,3.5,0.0,0.0,0.0,0.0,0.0,0.0,1.0
416329,0,1,3400,-63,63,24,18,17,1.0,0.0,0.0,27,3.5,0.0,0.0,0.0,0.0,0.0,0.0,1.0
416578,0,1,3400,-63,63,21,18,17,1.0,0.0,0.0,27,3.5,0.0,0.0,0.0,0.0,0.0,0.0,1.0
416827,0,1,3400,-63,63,21,18,18,1.0,0.0,0.0,27,3.5,0.0,0.0,0.0,0.0,0.0,0.0,1.0
417076,0,1,3400,-63,63,25,18,18,1.0,0.0,0.0,27,3.5,0.0,0.0,0.0,0.0,0.0,0.0,1.0
417325,0,1,3400,-63,63,26,18,18,1.0,0.0,0.0,27,3.5,0.0,0.0,0.0,0.0,0.0,0.0,1.0
417574,0,1,3400,-63,63,30,18,17,1.0,0.0,0.0,27,3.5,0.0,0.0,0.0,0.0,0.0,0.0,1.0
417823,0,1,3400,-63,63,34,18,17,1.0,0.0,0.0,27,3.5,0.0,0.0,0.0,0.0,0.0,0.0,1.0
418072,0,1,3400,-63,63,37,18,18,1.0,0.0,0.0,27,3.5,0.0,0.0,0.0,0.0,0.0,0.0,1.0
418321,0,1,3400,-63,63,34,18,17,1.0,0.0,0.0,27,3.5,0.0,0.0,0.0,0.0,0.0,0.0,1.0
418570,0,1,3400,-63,63,36,18,17,1.0,0.0,0.0,27,3.5,0.0,0.0,0.0,0.0,0.0,0.0,1.0
418819,0,1,3400,-63,63,38,18,17,1.0,0.0,0.0,27,3.5,0.0,0.0,0.0,0.0,0.0,0.0,1.0
419068,0,1,3400,-63,63,35,18,17,1.0,0.0,0.0,27,3.5,0.0,0.0,0.0,0.0,0.0,0.0,1.0
419317,0,1,3400,-63,63,37,18,18,1.0,0.0,0.0,27,3.5,0.0,0.0,0.0,0.0,0.0,0.0,1.0
419566,0,1,3400,-63,63,34,18,17,1.0,0.0,0.0,27,3.5,0.0,0.0,0.0,0.0,0.0,0.0,1.0
419815,0,1,3400,-63,63,36,18,18,1.0,0.0,0.0,27,3.5,0.0,0.0,0.0,0.0,0.0,0.0,1.0
420064,0,1,3400,-63,63,38,18,19,1.0,0.0,0.0,27,3.5,0.0,0.0,0.0,0.0,0.0,0.0,1.0
420313,0,1,3400,-63,63,39,18,17,1.0,0.0,0.0,27,3.5,0.0,0.0,0.0,0.0,0.0,0.0,1.0
420562,0,1,3400,-63,63,34,18,17,1.0,0.0,0.0,27,3.5,0.0,0.0,0.0,0.0,0.0,0.0,1.0
420811,0,1,3400,-63,63,29,18,17,1.0,0.0,0.0,27,3.5,0.0,0.0,0.0,0.0,0.0,0.0,1.0
421060,0,1,3400,-63,63,30,18,17,1.0,0.0,0.0,27,3.5,0.0,0.0,0.0,0.0,0.0,0.0,1.0
421309,0,1,3400,-63,63,35,18,18,1.0,0.0,0.0,27,3.5,0.0,0.0,0.0,0.0,0.0,0.0,1.0
421558,0,1,3400,-63,63,40,18,17,1.0,0.0,0.0,27,3.5,0.0,0.0,0.0,0.0,0.0,0.0,1.0
421807,0,1,3400,-63,63,46,18,17,1.0,0.0,0.0,27,3.5,0.0,0.0,0.0,0.0,0.0,0.0,1.0
422056,0,1,3400,-63,63,47,18,18,1.0,0.0,0.0,27,3.5,0.0,0.0,0.0,0.0,0.0,0.0,1.0
422305,0,1,3400,-63,63,43,18,17,1.0,0.0,0.0,27,3.5,0.0,0.0,0.0,0.0,0.0,0.0,1.0
422554,0,1,3400,-63,63,46,18,18,1.0,0.0,0.0,27,3.5,0.0,0.0,0.0,0.0,0.0,0.0,1.0
422803,0,1,3400,-63,63,46,18,18,1.0,0.0,0.0,27,3.5,0.0,0.0,0.0,0.0,0.0,0.0,1.0
423052,0,1,3400,-63,63,40,18,18,1.0,0.0,0.0,27,3.5,0.0,0.0,0.0,0.0,0.0,0.0,1.0
423301,0,1,3400,-63,63,35,18,17,1.0,0.0,0.0,27,3.5,0.0,0.0,0.0,0.0,0.0,0.0,1.0
423550,0,1,3400,-63,63,33,18,17,1.0,0.0,0.0,27,3.5,0.0,0.0,0.0,0.0,0.0,0.0,1.0
423799,0,1,3400,-63,63,41,18,17,1.0,0.0,0.0,27,3.5,0.0,0.0,0.0,0.0,0.0,0.0,1.0
424048,0,1,3400,-63,63,45,18,18,1.0,0.0,0.0,27,3.5,0.0,0.0,0.0,0.0,0.0,0.0,1.0
424297,0,1,3400,-63,63,38,18,17,1.0,0.0,0.0,27,3.5,0.0,0.0,0.0,0.0,0.0,0.0,1.0
424546,0,1,3400,-63,63,36,18,18,1.0,0.0,0.0,27,3.5,0.0,0.0,0.0,0.0,0.0,0.0,1.0
424795,0,1,3400,-63,63,42,18,17,1.0,0.0,0.0,27,3.5,0.0,0.0,0.0,0.0,0.0,0.0,1.0
425044,0,1,3400,-63,63,42,18,17,1.0,0.0,0.0,27,3.5,0.0,0.0,0.0,0.0,0.0,0.0,1.0
425293,0,1,3400,-63,63,39,18,18,1.0,0.0,0.0,27,3.5,0.0,0.0,0.0,0.0,0.0,0.0,1.0
425542,0,1,3400,-63,63,44,18,17,1.0,0.0,0.0,27,3.5,0.0,0.0,0.0,0.0,0.0,0.0,1.0
425791,0,1,3400,-63,63,42,18,17,1.0,0.0,0.0,27,3.5,0.0,0.0,0.0,0.0,0.0,0.0,1.0
426040,0,1,3400,-63,63,41,18,18,1.0,0.0,0.0,27,3.5,0.0,0.0,0.0,0.0,0.0,0.0,1.0
426289,0,1,3400,-63,63,45,18,17,1.0,0.0,0.0,27,3.5,0.0,0.0,0.0,0.0,0.0,0.0,1.0
426538,0,1,3400,-63,63,46,18,17,1.0,0.0,0.0,27,3.5,0.0,0.0,0.0,0.0,0.0,0.0,1.0
426787,0,1,3400,-63,63,45,18,17,1.0,0.0,0.0,27,3.5,0.0,0.0,0.0,0.0,0.0,0.0,1.0
427036,0,1,3400,-63,63,45,18,19,1.0,0.0,0.0,27,3.5,0.0,0.0,0.0,0.0,0.0,0.0,1.0
427285,0,1,3400,-63,63,46,18,17,1.0,0.0,0.0,27,3.5,0.0,0.0,0.0,0.0,0.0,0.0,1.0
427534,0,1,3400,-63,63,44,18,17,1.0,0.0,0.0,27,3.5,0.0,0.0,0.0,0.0,0.0,0.0,1.0
427783,0,1,3400,-63,63,43,18,17,1.0,0.0,0.0,27,3.5,0.0,0.0,0.0,0.0,0.0,0.0,1.0
428032,0,1,3400,-63,63,41,18,17,1.0,0.0,0.0,27,3.5,0.0,0.0,0.0,0.0,0.0,0.0,1.0
428281,0,1,3400,-63,63,40,18,17,1.0,0.0,0.0,27,3.5,0.0,0.0,0.0,0.0,0.0,0.0,1.0
428530,0,1,3400,-63,63,48,18,17,1.0,0.0,0.0,27,3.5,0.0,0.0,0.0,0.0,0.0,0.0,1.0
428779,0,1,3400,-63,63,48,18,17,1.0,0.0,0.0,27,3.5,0.0,0.0,0.0,0.0,0.0,0.0,1.0
429028,0,1,3400,-63,63,45,18,18,1.0,0.0,0.0,27,3.5,0.0,0.0,0.0,0.0,0.0,0.0,1.0
429277,0,1,3400,-63,63,43,18,17,1.0,0.0,0.0,27,3.5,0.0,0.0,0.0,0.0,0.0,0.0,1.0
429526,0,1,3400,-63,63,45,18,17,1.0,0.0,0.0,27,3.5,0.0,0.0,0.0,0.0,0.0,0.0,1.0
429775,0,1,3400,-63,63,51,18,18,1.0,0.0,0.0,27,3.5,0.0,0.0,0.0,0.0,0.0,0.0,1.0
430024,0,1,3400,-63,63,47,18,17,1.0,0.0,0.0,27,3.5,0.0,0.0,0.0,0.0,0.0,0.0,1.0
430273,0,1,3400,-63,63,43,18,17,1.0,0.0,0.0,27,3.5,0.0,0.0,0.0,0.0,0.0,0.0,1.0
430522,0,1,3400,-63,63,42,18,17,1.0,0.0,0.0,27,3.5,0.0,0.0,0.0,0.0,0.0,0.0,1.0
430771,0,1,3400,-63,63,47,18,18,1.0,0.0,0.0,27,3.5,0.0,0.0,0.0,0.0,0.0,0.0,1.0
431020,0,1,3400,-63,63,48,18,17,1.0,0.0,0.0,27,3.5,0.0,0.0,0.0,0.0,0.0,0.0,1.0
431269,0,1,3400,-63,63,49,18,19,1.0,0.0,0.0,27,3.5,0.0,0.0,0.0,0.0,0.0,0.0,1.0
431518,0,1,3400,-63,63,39,18,18,1.0,0.0,0.0,27,3.5,0.0,0.0,0.0,0.0,0.0,0.0,1.0
431767,0,1,3400,-63,63,33,18,17,1.0,0.0,0.0,27,3.5,0.0,0.0,0.0,0.0,0.0,0.0,1.0
432016,0,1,3400,-63,63,41,18,17,1.0,0.0,0.0,27,3.5,0.0,0.0,0.0,0.0,0.0,0.0,1.0
432265,0,1,3400,-63,63,42,18,18,1.0,0.0,0.0,27,3.5,0.0,0.0,0.0,0.0,0.0,0.0,1.0
432514,0,1,3400,-63,63,39,18,17,1.0,0.0,0.0,27,3.5,0.0,0.0,0.0,0.0,0.0,0.0,1.0
432763,0,1,3400,-63,63,40,18,17,1.0,0.0,0.0,27,3.5,0.0,0.0,0.0,0.0,0.0,0.0,1.0
433012,0,1,3400,-63,63,38,18,17,1.0,0.0,0.0,27,3.5,0.0,0.0,0.0,0.0,0.0,0.0,1.0
433261,0,1,3400,-63,63,36,18,17,1.0,0.0,0.0,27,3.5,0.0,0.0,0.0,0.0,0.0,0.0,1.0
433510,0,1,3400,-63,63,31,18,17,1.0,0.0,0.0,27,3.5,0.0,0.0,0.0,0.0,0.0,0.0,1.0
433759,0,1,3400,-63,63,29,18,17,1.0,0.0,0.0,27,3.5,0.0,0.0,0.0,0.0,0.0,0.0,1.0
434008,0,1,3400,-63,63,32,18,17,1.0,0.0,0.0,27,3.5,0.0,0.0,0.0,0.0,0.0,0.0,1.0
434257,0,1,3400,-63,63,30,18,18,1.0,0.0,0.0,27,3.5,0.0,0.0,0.0,0.0,0.0,0.0,1.0
434506,0,1,3400,-63,63,27,18,17,1.0,0.0,0.0,27,3.5,0.0,0.0,0.0,0.0,0.0,0.0,1.0
434755,0,1,3400,-63,63,30,18,17,1.0,0.0,0.0,27,3.5,0.0,0.0,0.0,0.0,0.0,0.0,1.0
435004,0,1,3400,-63,63,32,18,17,1.0,0.0,0.0,27,3.5,0.0,0.0,0.0,0.0,0.0,0.0,1.0
435253,0,1,3400,-63,63,27,18,17,1.0,0.0,0.0,27,3.5,0.0,0.0,0.0,0.0,0.0,0.0,1.0
435502,0,1,3400,-63,63,23,18,17,1.0,0.0,0.0,27,3.5,0.0,0.0,0.0,0.0,0.0,0.0,1.0
435751,0,1,3400,-63,63,29,18,17,1.0,0.0,0.0,27,3.5,0.0,0.0,0.0,0.0,0.0,0.0,1.0
436000,0,1,3400,-63,63,32,18,17,1.0,0.0,0.0,27,3.5,0.0,0.0,0.0,0.0,0.0,0.0,1.0
436249,0,1,3400,-63,63,33,18,17,1.0,0.0,0.0,27,3.5,0.0,0.0,0.0,0.0,0.0,0.0,1.0
436498,0,1,3400,-63,63,36,18,17,1.0,0.0,0.0,27,3.5,0.0,0.0,0.0,0.0,0.0,0.0,1.0
436747,0,1,3400,-63,63,37,18,17,1.0,0.0,0.0,27,3.5,0.0,0.0,0.0,0.0,0.0,0.0,1.0
436996,0,1,3400,-63,63,39,18,17,1.0,0.0,0.0,27,3.5,0.0,0.0,0.0,0.0,0.0,0.0,1.0
437245,0,1,3400,-63,63,44,18,17,1.0,0.0,0.0,27,3.5,0.0,0.0,0.0,0.0,0.0,0.0,1.0
437494,0,1,3400,-63,63,49,18,17,1.0,0.0,0.0,27,3.5,0.0,0.0,0.0,0.0,0.0,0.0,1.0
437743,0,1,3400,-63,63,46,18,18,1.0,0.0,0.0,27,3.5,0.0,0.0,0.0,0.0,0.0,0.0,1.0
437992,0,1,3400,-63,63,48,18,17,1.0,0.0,0.0,27,3.5,0.0,0.0,0.0,0.0,0.0,0.0,1.0
438241,0,1,3400,-63,63,46,18,17,1.0,0.0,0.0,27,3.5,0.0,0.0,0.0,0.0,0.0,0.0,1.0
438490,0,1,3400,-63,63,46,18,17,1.0,0.0,0.0,27,3.5,0.0,0.0,0.0,0.0,0.0,0.0,1.0
438739,0,1,3400,-63,63,43,18,17,1.0,0.0,0.0,27,3.5,0.0,0.0,0.0,0.0,0.0,0.0,1.0
438988,0,1,3400,-63,63,37,18,17,1.0,0.0,0.0,27,3.5,0.0,0.0,0.0,0.0,0.0,0.0,1.0
439237,0,1,3400,-63,63,38,18,17,1.0,0.0,0.0,27,3.5,0.0,0.0,0.0,0.0,0.0,0.0,1.0
439486,0,1,3400,-63,63,38,18,17,1.0,0.0,0.0,27,3.5,0.0,0.0,0.0,0.0,0.0,0.0,1.0
439735,0,1,3400,-63,63,36,18,17,1.0,0.0,0.0,27,3.5,0.0,0.0,0.0,0.0,0.0,0.0,1.0
439984,0,1,3400,-63,63,36,18,18,1.0,0.0,0.0,27,3.5,0.0,0.0,0.0,0.0,0.0,0.0,1.0
440233,0,1,3400,-63,63,31,18,17,1.0,0.0,0.0,27,3.5,0.0,0.0,0.0,0.0,0.0,0.0,1.0
440482,0,1,3400,-63,63,29,18,17,1.0,0.0,0.0,27,3.5,0.0,0.0,0.0,0.0,0.0,0.0,1.0
440731,0,1,3400,-63,63,29,18,18,1.0,0.0,0.0,27,3.5,0.0,0.0,0.0,0.0,0.0,0.0,1.0
440980,0,1,3400,-63,63,31,18,17,1.0,0.0,0.0,27,3.5,0.0,0.0,0.0,0.0,0.0,0.0,1.0
441229,0,1,3400,-63,63,31,18,17,1.0,0.0,0.0,27,3.5,0.0,0.0,0.0,0.0,0.0,0.0,1.0
441478,0,1,3400,-63,63,35,18,17,1.0,0.0,0.0,27,3.5,0.0,0.0,0.0,0.0,0.0,0.0,1.0
441727,0,1,3400,-63,63,36,18,17,1.0,0.0,0.0,27,3.5,0.0,0.0,0.0,0.0,0.0,0.0,1.0
441976,0,1,3400,-63,63,32,18,18,1.0,0.0,0.0,27,3.5,0.0,0.0,0.0,0.0,0.0,0.0,1.0
442225,0,1,3400,-63,63,37,18,17,1.0,0.0,0.0,27,3.5,0.0,0.0,0.0,0.0,0.0,0.0,1.0
442474,0,1,3400,-63,63,34,18,17,1.00,0.0,0.0,27,3.5,0.0,0.0,0.0,0.0,0.0,0.0,1.0
442723,0,1,3400,-63,63,29,18,17,1.0,0.0,0.0,27,3.5,0.0,0.0,0.0,0.0,0.0,0.0,1.0
442972,0,1,3400,-63,63,29,18,17,1.0,0.0,0.0,27,3.5,0.0,0.0,0.0,0.0,0.0,0.0,1.0
443221,0,1,3400,-63,63,28,18,18,1.0,0.0,0.0,27,3.5,0.0,0.0,0.0,0.0,0.0,0.0,1.0
443470,0,1,3400,-63,63,33,18,18,1.0,0.0,0.0,27,3.5,0.0,0.0,0.0,0.0,0.0,0.0,1.0
443719,0,1,3400,-63,63,33,18,19,1.0,0.0,0.0,27,3.5,0.0,0.0,0.0,0.0,0.0,0.0,1.0
443968,0,1,3400,-63,63,31,18,18,1.0,0.0,0.0,27,3.5,0.0,0.0,0.0,0.0,0.0,0.0,1.0
444217,0,1,3400,-63,63,30,18,17,1.0,0.0,0.0,27,3.5,0.0,0.0,0.0,0.0,0.0,0.0,1.0
444466,0,1,3400,-63,63,29,18,18,1.0,0.0,0.0,27,3.5,0.0,0.0,0.0,0.0,0.0,0.0,1.0
444715,0,1,3400,-63,63,31,18,17,1.0,0.0,0.0,27,3.5,0.0,0.0,0.0,0.0,0.0,0.0,1.0
444964,0,1,3400,-63,63,35,18,17,1.0,0.0,0.0,27,3.5,0.0,0.0,0.0,0.0,0.0,0.0,1.0
445213,0,1,3400,-63,63,36,18,18,1.0,0.0,0.0,27,3.5,0.0,0.0,0.0,0.0,0.0,0.0,1.0
445462,0,1,3400,-63,63,42,18,18,1.0,0.0,0.0,27,3.5,0.0,0.0,0.0,0.0,0.0,0.0,1.0
445711,0,1,3400,-63,63,46,18,18,1.0,0.0,0.0,27,3.5,0.0,0.0,0.0,0.0,0.0,0.0,1.0
445960,0,1,3400,-63,63,44,18,18,1.0,0.0,0.0,27,3.5,0.0,0.0,0.0,0.0,0.0,0.0,1.0
446209,0,1,3400,-63,63,45,18,18,1.0,0.0,0.0,27,3.5,0.0,0.0,0.0,0.0,0.0,0.0,1.0
446458,0,1,3400,-63,63,46,18,18,1.0,0.0,0.0,27,3.5,0.0,0.0,0.0,0.0,0.0,0.0,1.0
446707,0,1,3400,-63,63,48,18,18,1.0,0.0,0.0,27,3.5,0.0,0.0,0.0,0.0,0.0,0.0,1.0
446956,0,1,3400,-63,63,47,18,18,1.0,0.0,0.0,27,3.5,0.0,0.0,0.0,0.0,0.0,0.0,1.0
447205,0,1,3400,-63,63,46,18,18,1.0,0.0,0.0,27,3.5,0.0,0.0,0.0,0.0,0.0,0.0,1.0
447454,0,1,3400,-63,63,44,18,20,1.0,0.0,0.0,27,3.5,0.0,0.0,0.0,0.0,0.0,0.0,1.0
447703,0,1,3400,-63,63,40,18,23,1.0,0.0,0.0,27,3.5,0.0,0.0,0.0,0.0,0.0,0.0,1.0
447952,0,1,3400,-63,63,36,18,24,1.0,0.0,0.0,27,3.5,0.0,0.0,0.0,0.0,0.0,0.0,1.0
448201,0,1,3400,-63,63,38,18,24,1.0,0.0,0.0,27,3.5,0.0,0.0,0.0,0.0,0.0,0.0,1.0
448450,0,1,3400,-63,63,37,18,24,1.0,0.0,0.0,27,3.5,0.0,0.0,0.0,0.0,0.0,0.0,1.0
448699,0,1,3400,-63,63,38,18,24,1.0,0.0,0.0,27,3.5,0.0,0.0,0.0,0.0,0.0,0.0,1.0
448948,0,1,3400,-63,63,38,18,24,1.0,0.0,0.0,27,3.5,0.0,0.0,0.0,0.0,0.0,0.0,1.0
449197,0,1,3400,-63,63,38,18,24,1.0,0.0,0.0,27,3.5,0.0,0.0,0.0,0.0,0.0,0.0,1.0
449446,0,1,3400,-63,63,39,18,25,1.0,0.0,0.0,27,3.5,0.0,0.0,0.0,0.0,0.0,0.0,1.0
449695,0,1,3400,-63,63,42,18,24,1.0,0.0,0.0,27,3.5,0.0,0.0,0.0,0.0,0.0,0.0,1.0
449944,0,1,3400,-63,63,43,18,24,1.0,0.0,0.0,27,3.5,0.0,0.0,0.0,0.0,0.0,0.0,1.0
450193,0,1,3400,-63,63,39,18,25,1.0,0.0,0.0,27,3.5,0.0,0.0,0.0,0.0,0.0,0.0,1.0
450442,0,1,3400,-63,63,34,18,24,1.0,0.0,0.0,27,3.5,0.0,0.0,0.0,0.0,0.0,0.0,1.0
450691,0,1,3400,-88,88,423,18,2.2,1.0,0.0,0.0,27,5.9,0.0,1561.752930,0,0.0,0.0,0.0,1.0
450940,0,1,3400,-89,89,641,18,0.90,1.0,0.0,0.0,27,19,0.0,0.0,0.0,0.0,0.0,0.0,1.0
451189,0,1,3400,-89,89,440,18,0.95,1.0,0.0,0.0,27,19,0.0,0.0,0.0,0.0,0.0,0.0,1.0
451438,0,1,3400,-89,89,-23,18,0.89,1.0,0.0,0.0,27,19,0.0,0.0,0.0,0.0,0.0,0.0,1.0
451687,0,1,3400,-89,89,-367,18,1.0,1.0,0.0,0.0,27,19,0.0,0.0,0.0,0.0,0.0,0.0,1.0
451936,0,1,3400,-89,89,-367,18,1.0,1.0,0.0,0.0,27,19,0.0,0.0,0.0,0.0,0.0,0.0,1.0
452185,0,1,3400,-89,89,-367,18,1.0,1.0,0.0,0.0,27,19,0.0,0.0,0.0,0.0,0.0,0.0,1.0
452434,0,1,3400,-89,89,-367,18,1.0,1.0,0.0,0.0,27,19,0.0,0.0,0.0,0.0,0.0,0.0,1.0
452683,0,1,3400,-89,89,-367,18,1.0,1.0,0.0,0.0,27,19,0.0,0.0,0.0,0.0,0.0,0.0,0.0
452932,0,1,3400,-89,89,-367,18,1.0,1.0,0.0,0.0,27,19,0.0,0.0,0.0,0.0,0.0,0.0,0.0
453181,0,1,3400,-89,89,-367,18,1.0,1.0,0.0,0.0,27,19,0.0,0.0,0.0,0.0,0.0,0.0,0.0
453430,0,1,3400,-89,89,-367,18,1.0,1.0,0.0,0.0,27,19,0.0,0.0,0.0,0.0,0.0,0.0,0.0
453679,0,1,3400,-89,89,-367,18,1.0,1.0,0.0,0.0,27,19,0.0,0.0,0.0,0.0,0.0,0.0,0.0
453928,0,1,3400,-89,89,-367,18,1.0,1.0,0.0,0.0,27,19,0.0,0.0,0.0,0.0,0.0,0.0,0.0
454177,0,1,3400,-89,89,-367,18,1.0,1.0,0.0,0.0,27,19,0.0,0.0,0.0,0.0,0.0,0.0,0.0
454426,0,1,3400,-89,89,-367,18,1.0,1.0,0.0,0.0,27,19,0.0,0.0,0.0,0.0,0.0,0.0,0.0
454675,0,1,3400,-89,89,-367,18,1.0,1.0,0.0,0.0,27,19,0.0,0.0,0.0,0.0,0.0,0.0,0.0
454924,0,1,3400,-89,89,-367,18,1.0,1.0,0.0,0.0,27,19,0.0,0.0,0.0,0.0,0.0,0.0,0.0
455173,0,1,3400,-89,89,-367,18,1.0,1.0,0.0,0.0,27,19,0.0,0.0,0.0,0.0,0.0,0.0,0.0
455422,0,1,3400,-89,89,-367,18,1.0,1.0,0.0,0.0,27,19,0.0,0.0,0.0,0.0,0.0,0.0,0.0
455671,0,1,3400,-89,89,-367,18,1.0,1.0,0.0,0.0,27,19,0.0,0.0,0.0,0.0,0.0,0.0,0.0
455920,0,1,3400,-89,89,-367,18,1.0,1.0,0.0,0.0,27,19,0.0,0.0,0.0,0.0,0.0,0.0,0.0
456169,0,1,3400,-89,89,-367,18,1.0,1.0,0.0,0.0,27,19,0.0,0.0,0.0,0.0,0.0,0.0,0.0
456418,0,1,3400,-89,89,-367,18,1.0,1.0,0.0,0.0,27,19,0.0,0.0,0.0,0.0,0.0,0.0,0.0
456667,0,1,3400,-89,89,-367,18,1.0,1.0,0.0,0.0,27,19,0.0,0.0,0.0,0.0,0.0,0.0,0.0
456916,0,1,3400,-89,89,-367,18,1.0,1.0,0.0,0.0,27,19,0.0,0.0,0.0,0.0,0.0,0.0,0.0
457165,0,1,3400,-89,89,-367,18,1.0,1.0,