Timestamp,num_ues,IMSI,RNTI,,slicing_enabled,slice_id,slice_prb,power_multiplier,scheduling_policy,,dl_mcs,dl_n_samples,dl_buffer [bytes],tx_brate downlink [Mbps],tx_pkts downlink,tx_errors downlink (%),dl_cqi,,ul_mcs,ul_n_samples,ul_buffer [bytes],rx_brate uplink [Mbps],rx_pkts uplink,rx_errors uplink (%),ul_rssi,ul_sinr,phr,,sum_requested_prbs,sum_granted_prbs,,dl_pmi,dl_ri,ul_n,ul_turbo_iters
1603039462551,5,1010123456031,74,,1,0,6,1,2,,7,14,0,0.006976,6,0,12,,7.96,25,0,0.1,10,0,0,19.4093,31,,4,14,,0,0,0,1
1603039462801,5,1010123456031,74,,1,0,6,1,2,,14.544,182,1213,0.421088,71,0,9.28571,,12.8,5,0,0.1,2,0,0,22.9176,31,,190,404,,0,0,0,1
1603039463051,5,1010123456031,74,,1,0,6,1,2,,16.9822,393,0,0.970912,159,0,9.16667,,14.2353,34,0,0.18256,14,7.14286,0,16.7099,31,,872,778,,0,0,0,1.97059
1603039463301,5,1010123456031,74,,1,0,6,1,2,,15.4188,437,0,0.985152,171,0,8.66667,,0,0,0,0,0,0,0,0,0,,934,896,,0,0,0,0
1603039463551,5,1010123456031,74,,1,0,6,1,2,,14.9861,432,0,0.98352,174,0,7.83333,,0,0,0,0,0,0,0,0,0,,1086,956,,0,0,0,0
1603039463801,5,1010123456031,74,,1,0,6,1,2,,12.6551,490,3379,0.873376,192,0,7.85714,,0,0,0,0,0,0,0,0,0,,1179,994,,0,0,0,0
1603039464051,5,1010123456031,74,,1,0,6,1,2,,16.8209,441,0,1.10442,177,0,9,,15.6216,37,0,0.21056,15,13.3333,0,16.175,31,,961,890,,0,0,0,2.45946
1603039464301,5,1010123456031,74,,1,0,6,1,2,,17.1582,373,32,0.989696,150,0,9.33333,,0,0,0,0,0,0,0,0,0,,809,776,,0,0,0,0
1603039464551,5,1010123456031,74,,1,0,6,1,2,,16.5496,393,81,0.989792,160,0,9.16667,,0,0,0,0,0,0,0,0,0,,858,802,,0,0,0,0
1603039464801,7,1010123456031,74,,1,0,6,1,2,,17.3138,392,663,0.966944,154,0,9.71429,,0,0,0,0,0,0,0,0,0,,722,728,,0,0,0,0
1603039465051,7,1010123456031,74,,1,0,6,1,2,,16.3326,454,773,1.00826,185,0,9,,11.9167,12,0,0.1,5,0,0,13.1134,31,,823,828,,0,0,0,1.83333
1603039465301,7,1010123456031,74,,1,0,6,1,2,,16.0211,474,1331,0.987296,190,0,9,,0,0,0,0,0,0,0,0,0,,894,824,,0,0,0,0
1603039465551,7,1010123456031,74,,1,0,6,1,2,,16.1405,477,3277,0.888736,189,0,9,,0,0,0,0,0,0,0,0,0,,996,786,,0,0,0,0
1603039465801,6,1010123456031,74,,1,0,6,1,2,,15.502,494,1433,1.09731,203,0,8.71429,,0,0,0,0,0,0,0,0,0,,1036,934,,0,0,0,0
1603039466051,6,1010123456031,74,,1,0,6,1,2,,16.9924,396,0,0.9784,159,0,9.16667,,7.75,8,0,0.1,3,0,0,22.4229,31,,869,802,,0,0,0,1
1603039466301,6,1010123456031,74,,1,0,6,1,2,,16.1636,489,160,0.976768,192,0,8.66667,,0,0,0,0,0,0,0,0,0,,1136,850,,0,0,0,0
1603039466551,6,1010123456031,74,,1,0,6,1,2,,17.3146,391,0,0.98816,159,0,9.8,,0,0,0,0,0,0,0,0,0,,833,756,,0,0,0,0
1603039466801,6,1010123456031,74,,1,0,6,1,2,,16.7686,389,812,0.971552,153,0,9,,0,0,0,0,0,0,0,0,0,,899,782,,0,0,0,0
1603039467051,6,1010123456031,74,,1,0,6,1,2,,16.0718,432,301,0.987008,174,0,9.16667,,7.38889,36,0,0.1,14,28.5714,0,13.7341,31,,982,866,,0,0,0,4.05556
1603039467301,6,1010123456031,74,,1,0,6,1,2,,16.8619,449,204,1.0057,183,0,9,,0,0,0,0,0,0,0,0,0,,1044,812,,0,0,0,0
1603039467551,6,1010123456031,74,,1,0,6,1,2,,16.8061,392,269,0.989664,156,0,9.16667,,0,0,0,0,0,0,0,0,0,,831,800,,0,0,0,0
1603039467801,6,1010123456031,74,,1,0,6,1,2,,16.6225,400,708,0.990368,163,0,9.14286,,0,0,0,0,0,0,0,0,0,,887,794,,0,0,0,0
1603039468051,6,1010123456031,74,,1,0,6,1,2,,16.5566,433,741,0.992128,173,0,9,,10,11,0,0.1,4,0,0,19.2777,31,,952,818,,0,0,0,1
1603039468301,6,1010123456031,74,,1,0,6,1,2,,14.5954,482,977,0.986688,192,0,8.5,,0,0,0,0,0,0,0,0,0,,1084,954,,0,0,0,0
1603039468551,6,1010123456031,74,,1,0,6,1,2,,16.8083,386,1197,0.99152,157,0,9.16667,,0,0,0,0,0,0,0,0,0,,840,792,,0,0,0,0
1603039468801,6,1010123456031,74,,1,0,6,1,2,,17.0962,416,1433,0.98544,168,0,9.28571,,0,0,0,0,0,0,0,0,0,,969,780,,0,0,0,0
1603039469051,6,1010123456031,74,,1,0,6,1,2,,17.8252,412,0,0.974848,164,0,10,,15.1892,37,0,0.19248,15,20,0,16.664,31,,958,736,,0,0,0,2.59459
1603039469301,6,1010123456031,74,,1,0,6,1,2,,16.2375,421,732,0.982624,171,0,9,,0,0,0,0,0,0,0,0,0,,983,810,,0,0,0,0
1603039469551,6,1010123456031,74,,1,0,6,1,2,,16.7071,420,0,0.984544,163,0,9,,0,0,0,0,0,0,0,0,0,,1038,834,,0,0,0,0
1603039469801,6,1010123456031,74,,1,0,6,1,2,,16.5431,418,5,0.974784,167,0,9,,0,0,0,0,0,0,0,0,0,,1035,822,,0,0,0,0
1603039470051,6,1010123456031,74,,1,0,6,1,2,,16.5851,429,6,0.998592,174,0,9,,14.6154,13,0,0.1,6,66.6667,0,9.23438,31,,1081,812,,0,0,0,7.23077
1603039470301,6,1010123456031,74,,1,0,6,1,2,,16.4561,421,591,0.991488,171,0,9,,0,0,0,0,0,0,0,0,0,,926,808,,0,0,0,0
1603039470551,6,1010123456031,74,,1,0,6,1,2,,17,510,269,0.994432,203,0,9,,0,0,0,0,0,0,0,0,0,,1169,822,,0,0,0,0
1603039470801,6,1010123456031,74,,1,0,6,1,2,,16.4956,452,1375,0.967584,178,0,9,,0,0,0,0,0,0,0,0,0,,982,792,,0,0,0,0
1603039471051,6,1010123456031,74,,1,0,6,1,2,,16.8659,425,741,1.01584,174,0,9,,2,12,0,0,4,100,0,0.1,0,,954,826,,0,0,0,10
1603039471301,6,1010123456031,74,,1,0,6,1,2,,16.6283,417,977,0.98864,167,0,9,,11.1111,9,0,0.1,4,0,0,19.5295,31,,906,810,,0,0,0,1.33333
1603039471551,6,1010123456031,74,,1,0,6,1,2,,16.5829,398,1674,0.962944,156,0,9,,0,0,0,0,0,0,0,0,0,,901,800,,0,0,0,0
1603039471801,6,1010123456031,74,,1,0,6,1,2,,16.688,407,1433,1.00566,166,0,9,,0,0,0,0,0,0,0,0,0,,876,822,,0,0,0,0
1603039472051,6,1010123456031,74,,1,0,6,1,2,,16.6667,390,249,0.965792,154,0,9,,15.3939,33,0,0.19248,14,14.2857,0,15.7899,31,,859,806,,0,0,0,2.78788
1603039472301,6,1010123456031,74,,1,0,6,1,2,,16.5724,449,411,0.99584,179,0,9,,0,0,0,0,0,0,0,0,0,,978,816,,0,0,0,0
1603039472551,6,1010123456031,74,,1,0,6,1,2,,16.0093,429,0,0.991936,175,0,9,,0,0,0,0,0,0,0,0,0,,942,866,,0,0,0,0
1603039472801,6,1010123456031,74,,1,0,6,1,2,,15.1652,442,0,0.982208,174,0,8.57143,,0,0,0,0,0,0,0,0,0,,974,918,,0,0,0,0
1603039473051,6,1010123456031,74,,1,0,6,1,2,,16.8037,428,329,0.98448,172,0,9,,12.4706,17,0,0.1,6,33.3333,0,17.5966,31,,947,806,,0,0,0,4.17647
1603039473301,6,1010123456031,74,,1,0,6,1,2,,16.9251,387,381,0.997984,158,0,9,,0,0,0,0,0,0,0,0,0,,854,806,,0,0,0,0
1603039473551,6,1010123456031,74,,1,0,6,1,2,,16.5509,432,269,0.99056,173,0,9,,0,0,0,0,0,0,0,0,0,,954,824,,0,0,0,0
1603039473801,6,1010123456031,74,,1,0,6,1,2,,16.5154,390,505,0.990112,158,0,9,,0,0,0,0,0,0,0,0,0,,842,812,,0,0,0,0
1603039474051,6,1010123456031,74,,1,0,6,1,2,,13.9979,466,826,0.992576,188,0,8,,13.5455,11,0,0.1,4,0,0,20.1613,31,,1082,980,,0,0,0,1
1603039474301,6,1010123456031,74,,1,0,6,1,2,,17.155,400,977,0.988512,163,0,9,,0,0,0,0,0,0,0,0,0,,900,792,,0,0,0,0
1603039474551,6,1010123456031,74,,1,0,6,1,2,,16.6341,451,1245,0.98592,181,0,9,,0,0,0,0,0,0,0,0,0,,989,814,,0,0,0,0
1603039474801,6,1010123456031,74,,1,0,6,1,2,,16.8789,413,0,0.982304,163,0,9.2,,0,0,0,0,0,0,0,0,0,,888,792,,0,0,0,0
1603039475051,6,1010123456031,74,,1,0,6,1,2,,16.2614,440,0,0.984448,176,0,8.83333,,7,18,0,0.1,7,0,0,17.6487,31,,1009,832,,0,0,0,1.83333
1603039475301,6,1010123456031,74,,1,0,6,1,2,,15.3982,442,2504,0.928832,175,0,8,,15,3,0,0.1,1,0,0,16.1116,31,,1067,830,,0,0,0,1
1603039475551,6,1010123456031,74,,1,0,6,1,2,,15.8009,452,639,1.04093,181,0,9,,0,0,0,0,0,0,0,0,0,,1009,922,,0,0,0,0
1603039475801,6,1010123456031,74,,1,0,6,1,2,,15.4358,452,0,0.985088,181,0,8.71429,,0,0,0,0,0,0,0,0,0,,973,910,,0,0,0,0
1603039476051,6,1010123456031,74,,1,0,6,1,2,,15.6127,457,0,0.99296,183,0,8.66667,,12.25,8,0,0.1,3,0,0,21.5112,31,,995,886,,0,0,0,1
1603039476301,6,1010123456031,74,,1,0,6,1,2,,16.835,406,204,0.991136,164,0,9,,0,0,0,0,0,0,0,0,0,,888,802,,0,0,0,0
1603039476551,7,1010123456031,74,,1,0,6,1,2,,16.3801,392,269,0.990816,159,0,9,,0,0,0,0,0,0,0,0,0,,849,816,,0,0,0,0
1603039476801,7,1010123456031,74,,1,0,6,1,2,,16.691,424,405,0.98816,170,0,9.14286,,0,0,0,0,0,0,0,0,0,,918,806,,0,0,0,0
1603039477051,7,1010123456031,74,,1,0,6,1,2,,17.3911,404,850,0.980256,162,0,9.33333,,14,9,0,0.1,4,0,0,20.3532,31,,910,758,,0,0,0,1
1603039477301,7,1010123456031,74,,1,0,6,1,2,,16.7995,409,1213,0.995168,167,0,9,,0,0,0,0,0,0,0,0,0,,916,798,,0,0,0,0
1603039477551,7,1010123456031,74,,1,0,6,1,2,,16.6253,451,1433,0.984352,179,0,9,,0,0,0,0,0,0,0,0,0,,969,814,,0,0,0,0
1603039477801,8,1010123456031,74,,1,0,6,1,2,,15.9448,453,511,0.976544,178,0,8.83333,,0,0,0,0,0,0,0,0,0,,984,842,,0,0,0,0
1603039478051,7,1010123456031,74,,1,0,6,1,2,,16.2977,440,0,0.996352,180,0,9,,13.625,8,0,0.1,3,0,0,20.0312,31,,983,842,,0,0,0,1
1603039478301,8,1010123456031,74,,1,0,6,1,2,,16.6784,426,0,0.987424,171,0,9,,0,0,0,0,0,0,0,0,0,,983,816,,0,0,0,0
1603039478551,8,1010123456031,74,,1,0,6,1,2,,16.6049,410,0,0.982656,162,0,9,,0,0,0,0,0,0,0,0,0,,880,818,,0,0,0,0
1603039478801,7,1010123456031,74,,1,0,6,1,2,,16.472,428,537,0.970272,172,0,9,,0,0,0,0,0,0,0,0,0,,964,806,,0,0,0,0
1603039479051,7,1010123456031,74,,1,0,6,1,2,,16.0343,437,0,1.00486,173,0,8.83333,,15.0571,35,0,0.1912,14,14.2857,0,17.004,31,,964,860,,0,0,0,2.17143
1603039479301,7,1010123456031,74,,1,0,6,1,2,,16.5749,407,301,0.99104,164,0,9,,0,0,0,0,0,0,0,0,0,,930,810,,0,0,0,0
1603039479551,7,1010123456031,74,,1,0,6,1,2,,16.0841,464,876,0.978752,183,0,8.83333,,0,0,0,0,0,0,0,0,0,,1116,842,,0,0,0,0
1603039479801,7,1010123456031,74,,1,0,6,1,2,,16.5701,435,902,1.00541,181,0,9,,0,0,0,0,0,0,0,0,0,,973,824,,0,0,0,0
1603039480051,7,1010123456031,74,,1,0,6,1,2,,16.7589,452,977,0.978432,180,0,9,,14.6154,13,0,0.1,6,33.3333,0,15.2793,31,,1027,814,,0,0,0,3.76923
1603039480301,7,1010123456031,74,,1,0,6,1,2,,16.7046,457,977,0.984608,180,0,9,,0,0,0,0,0,0,0,0,0,,1034,816,,0,0,0,0
1603039480551,7,1010123456031,74,,1,0,6,1,2,,14.7717,473,1213,1.00656,192,0,8.33333,,0,0,0,0,0,0,0,0,0,,1042,944,,0,0,0,0
1603039480801,7,1010123456031,74,,1,0,6,1,2,,16.3873,426,0,0.98352,170,0,9.14286,,0,0,0,0,0,0,0,0,0,,926,820,,0,0,0,0
1603039481051,7,1010123456031,74,,1,0,6,1,2,,17.0587,409,0,0.98304,163,0,9,,13.5455,11,0,0.1,4,0,0,21.2397,31,,905,796,,0,0,0,1
1603039481301,7,1010123456031,74,,1,0,6,1,2,,16.4804,408,0,0.97584,163,0,9,,0,0,0,0,0,0,0,0,0,,924,814,,0,0,0,0
1603039481551,7,1010123456031,74,,1,0,6,1,2,,15.9646,424,350,0.98256,167,0,8.83333,,0,0,0,0,0,0,0,0,0,,916,848,,0,0,0,0
1603039481801,7,1010123456031,74,,1,0,6,1,2,,17.0789,380,16,0.990848,155,0,9.28571,,0,0,0,0,0,0,0,0,0,,828,786,,0,0,0,0
1603039482051,7,1010123456031,74,,1,0,6,1,2,,16.5817,416,194,0.99056,165,0,9,,13.8571,14,0,0.1,5,20,0,18.2068,31,,900,810,,0,0,0,3.14286
1603039482301,7,1010123456031,74,,1,0,6,1,2,,16.8313,415,732,0.980704,168,0,9,,0,0,0,0,0,0,0,0,0,,925,802,,0,0,0,0
1603039482551,7,1010123456031,74,,1,0,6,1,2,,16.1453,406,553,1.00048,165,0,9,,0,0,0,0,0,0,0,0,0,,909,840,,0,0,0,0
1603039482801,7,1010123456031,74,,1,0,6,1,2,,16.4699,449,1262,0.961376,178,0,9,,0,0,0,0,0,0,0,0,0,,1029,802,,0,0,0,0
1603039483051,7,1010123456031,74,,1,0,6,1,2,,16.5408,429,977,1.01763,175,0,9,,14.0714,14,0,0.1,5,20,0,18.0647,31,,934,832,,0,0,0,2.92857
1603039483301,7,1010123456031,74,,1,0,6,1,2,,16.6025,405,1213,0.98432,163,0,9,,0,0,0,0,0,0,0,0,0,,883,804,,0,0,0,0
1603039483551,7,1010123456031,74,,1,0,6,1,2,,16.6019,412,1433,0.982944,162,0,9,,0,0,0,0,0,0,0,0,0,,952,822,,0,0,0,0
1603039483801,7,1010123456031,74,,1,0,6,1,2,,16.5038,399,0,0.983104,162,0,9,,0,0,0,0,0,0,0,0,0,,879,812,,0,0,0,0
1603039484051,7,1010123456031,74,,1,0,6,1,2,,16.5106,423,0,0.974848,166,0,9.16667,,13.625,8,0,0.1,3,0,0,19.4442,31,,941,812,,0,0,0,1.625
1603039484301,7,1010123456031,74,,1,0,6,1,2,,16.614,399,0,0.9904,160,0,9,,0,0,0,0,0,0,0,0,0,,1040,814,,0,0,0,0
1603039484551,7,1010123456031,74,,1,0,6,1,2,,16.6764,445,529,0.954848,178,0,9,,15,3,0,0.1,1,0,0,18.3167,31,,1119,810,,0,0,0,1
1603039484801,7,1010123456031,74,,1,0,6,1,2,,16.4383,413,693,1.02016,168,0,9,,0,0,0,0,0,0,0,0,0,,907,820,,0,0,0,0
1603039485051,7,1010123456031,74,,1,0,6,1,2,,16.9473,455,81,0.992512,181,0,9,,13.625,8,0,0.1,3,0,0,19.2589,31,,1049,822,,0,0,0,1
1603039485301,7,1010123456031,74,,1,0,6,1,2,,16.4829,410,450,0.967456,162,0,9,,0,0,0,0,0,0,0,0,0,,906,806,,0,0,0,0
1603039485551,7,1010123456031,74,,1,0,6,1,2,,16.4589,414,537,1.01402,172,0,9,,0,0,0,0,0,0,0,0,0,,925,814,,0,0,0,0
1603039485801,7,1010123456031,74,,1,0,6,1,2,,16.2935,402,741,0.987904,160,0,9,,0,0,0,0,0,0,0,0,0,,861,818,,0,0,0,0
1603039486051,7,1010123456031,74,,1,0,6,1,2,,16.6855,407,1148,0.985888,162,0,9,,14.2222,9,0,0.1,4,0,0,19.6188,31,,882,804,,0,0,0,1.44444
1603039486301,7,1010123456031,74,,1,0,6,1,2,,16.7913,412,1390,0.97408,163,0,9,,0,0,0,0,0,0,0,0,0,,918,804,,0,0,0,0
1603039486551,7,1010123456031,74,,1,0,6,1,2,,16.3124,429,1433,0.997952,176,0,9,,0,0,0,0,0,0,0,0,0,,964,830,,0,0,0,0
1603039486801,7,1010123456031,74,,1,0,6,1,2,,16.6206,398,0,0.9736,157,0,9,,0,0,0,0,0,0,0,0,0,,928,816,,0,0,0,0
1603039487051,7,1010123456031,74,,1,0,6,1,2,,16.4444,396,0,0.99152,161,0,9,,13.2727,11,0,0.1,4,0,0,19.5101,31,,888,820,,0,0,0,1
1603039487301,7,1010123456031,74,,1,0,6,1,2,,16.564,445,1210,0.973312,177,0,9,,0,0,0,0,0,0,0,0,0,,1026,784,,0,0,0,0
1603039487551,7,1010123456031,74,,1,0,6,1,2,,15.6123,472,0,0.996832,187,0,8.66667,,0,0,0,0,0,0,0,0,0,,1049,924,,0,0,0,0
1603039487801,7,1010123456031,74,,1,0,6,1,2,,16.4576,413,177,0.989312,165,0,9.14286,,0,0,0,0,0,0,0,0,0,,961,812,,0,0,0,0
1603039488051,7,1010123456031,74,,1,0,6,1,2,,16.5249,421,284,0.991392,170,0,9,,12.7273,11,0,0.1,4,0,0,19.6769,31,,929,818,,0,0,0,1
1603039488301,7,1010123456031,74,,1,0,6,1,2,,16.1656,453,768,0.98544,180,0,9,,0,0,0,0,0,0,0,0,0,,1045,826,,0,0,0,0
1603039488551,7,1010123456031,74,,1,0,6,1,2,,16.6262,412,737,0.96592,165,0,9,,0,0,0,0,0,0,0,0,0,,1051,818,,0,0,0,0
1603039488801,7,1010123456031,74,,1,0,6,1,2,,16.3839,409,741,1.02227,168,0,9,,0,0,0,0,0,0,0,0,0,,940,824,,0,0,0,0
1603039489051,7,1010123456031,74,,1,0,6,1,2,,16.6788,411,1245,0.973312,160,0,9,,13.4545,11,0,0.1,4,0,0,19.4311,31,,910,800,,0,0,0,1
1603039489301,7,1010123456031,74,,1,0,6,1,2,,16.4534,397,2432,0.973504,166,0,9,,0,0,0,0,0,0,0,0,0,,1068,792,,0,0,0,0
1603039489551,7,1010123456031,74,,1,0,6,1,2,,16.44,450,702,0.978016,172,0,9,,0,0,0,0,0,0,0,0,0,,1032,832,,0,0,0,0
1603039489801,7,1010123456031,74,,1,0,6,1,2,,17.2573,412,151,0.996544,166,0,9.42857,,0,0,0,0,0,0,0,0,0,,927,782,,0,0,0,0
1603039490051,7,1010123456031,74,,1,0,6,1,2,,16.4355,434,0,1.00003,174,0,9,,5,27,0,0.1,11,9.09091,0,16.5481,31,,923,826,,0,0,0,2.25926
1603039490301,7,1010123456031,74,,1,0,6,1,2,,16.9429,403,0,0.992224,163,0,9.83333,,0,0,0,0,0,0,0,0,0,,898,780,,0,0,0,0
1603039490551,7,1010123456031,74,,1,0,6,1,2,,14.88,450,0,0.973696,178,0,7.83333,,0,0,0,0,0,0,0,0,0,,1131,940,,0,0,0,0
1603039490801,7,1010123456031,74,,1,0,6,1,2,,16.7281,423,16,0.99088,170,0,9,,0,0,0,0,0,0,0,0,0,,959,816,,0,0,0,0
1603039491051,7,1010123456031,74,,1,0,6,1,2,,16.5692,455,81,0.992576,181,0,9,,14,9,0,0.1,4,0,0,19.9508,31,,1002,816,,0,0,0,1
1603039491301,7,1010123456031,74,,1,0,6,1,2,,16.2347,409,983,0.989024,165,0,9,,0,0,0,0,0,0,0,0,0,,891,802,,0,0,0,0
1603039491551,7,1010123456031,74,,1,0,6,1,2,,16.696,398,741,0.991648,160,0,9,,0,0,0,0,0,0,0,0,0,,962,818,,0,0,0,0
1603039491801,7,1010123456031,74,,1,0,6,1,2,,15.719,427,902,0.991328,171,0,8.85714,,0,0,0,0,0,0,0,0,0,,920,856,,0,0,0,0
1603039492051,7,1010123456031,74,,1,0,6,1,2,,16.4447,425,977,0.97296,167,0,9,,13.7778,9,0,0.1,4,0,0,19.238,31,,924,824,,0,0,0,1
1603039492301,7,1010123456031,74,,1,0,6,1,2,,16.4522,418,1245,0.993568,168,0,9,,0,0,0,0,0,0,0,0,0,,929,816,,0,0,0,0
1603039492551,7,1010123456031,74,,1,0,6,1,2,,16.815,454,0,0.99072,185,0,9,,0,0,0,0,0,0,0,0,0,,1066,812,,0,0,0,0
1603039492801,7,1010123456031,74,,1,0,6,1,2,,16.3764,433,0,0.976576,169,0,9,,0,0,0,0,0,0,0,0,0,,945,828,,0,0,0,0
1603039493051,7,1010123456031,74,,1,0,6,1,2,,16.463,460,0,0.992032,191,0,9,,9.78947,19,0,0.1,8,25,0,9.5553,31,,1147,830,,0,0,0,3.63158
1603039493301,7,1010123456031,74,,1,0,6,1,2,,15.2701,448,0,0.972192,178,0,8.66667,,0,0,0,0,0,0,0,0,0,,1109,896,,0,0,0,0
1603039493551,7,1010123456031,74,,1,0,6,1,2,,13.5391,460,1649,0.966432,187,0,7.83333,,0,0,0,0,0,0,0,0,0,,1229,960,,0,0,0,0
1603039493801,7,1010123456031,74,,1,0,6,1,2,,17.0284,423,360,1.01139,166,0,9.14286,,0,0,0,0,0,0,0,0,0,,958,824,,0,0,0,0
1603039494051,7,1010123456031,74,,1,0,6,1,2,,16.4321,442,591,0.99936,180,0,9,,11.5556,9,0,0.1,4,0,0,18.2575,31,,977,820,,0,0,0,1
1603039494301,7,1010123456031,74,,1,0,6,1,2,,15.6468,419,1888,0.95712,168,0,8.83333,,0,0,0,0,0,0,0,0,0,,982,826,,0,0,0,0
1603039494551,7,1010123456031,74,,1,0,6,1,2,,15.3394,439,843,1.02486,175,0,8.66667,,0,0,0,0,0,0,0,0,0,,1042,924,,0,0,0,0
1603039494801,7,1010123456031,74,,1,0,6,1,2,,15.9356,435,741,0.98736,173,0,8.83333,,0,0,0,0,0,0,0,0,0,,1061,846,,0,0,0,0
1603039495051,7,1010123456031,74,,1,0,6,1,2,,17.224,366,977,0.976864,143,0,10.1667,,13.1429,7,0,0.1,3,0,0,16.2983,31,,954,742,,0,0,0,1
1603039495301,7,1010123456031,74,,1,0,6,1,2,,16.5071,420,1213,0.99712,171,0,9,,0,0,0,0,0,0,0,0,0,,961,812,,0,0,0,0
1603039495551,7,1010123456031,74,,1,0,6,1,2,,16.7697,482,0,0.978336,194,0,9,,0,0,0,0,0,0,0,0,0,,1148,812,,0,0,0,0
1603039495801,7,1010123456031,74,,1,0,6,1,2,,16.2319,457,619,0.978464,181,0,8.71429,,0,0,0,0,0,0,0,0,0,,1138,820,,0,0,0,0
1603039496051,7,1010123456031,74,,1,0,6,1,2,,15.2245,432,0,0.989536,176,0,9.2,,10.5714,7,0,0.1,3,0,0,19.0668,31,,951,882,,0,0,0,1
1603039496301,7,1010123456031,74,,1,0,6,1,2,,16.5159,409,0,0.982624,160,0,9,,0,0,0,0,0,0,0,0,0,,869,820,,0,0,0,0
1603039496551,7,1010123456031,74,,1,0,6,1,2,,16.7617,449,0,0.99168,183,0,9,,0,0,0,0,0,0,0,0,0,,1024,816,,0,0,0,0
1603039496801,7,1010123456031,74,,1,0,6,1,2,,16.9209,468,32,0.993056,187,0,9,,0,0,0,0,0,0,0,0,0,,1084,810,,0,0,0,0
1603039497051,7,1010123456031,74,,1,0,6,1,2,,15.868,447,349,0.98976,180,0,8.83333,,14,9,0,0.1,4,0,0,20.6002,31,,988,842,,0,0,0,1
1603039497301,7,1010123456031,74,,1,0,6,1,2,,16.5576,425,505,0.968384,169,0,9,,0,0,0,0,0,0,0,0,0,,931,810,,0,0,0,0
1603039497551,7,1010123456031,74,,1,0,6,1,2,,16.6056,426,741,1.01414,176,0,9,,0,0,0,0,0,0,0,0,0,,980,810,,0,0,0,0
1603039497801,7,1010123456031,74,,1,0,6,1,2,,16.6613,493,1293,0.94944,192,0,9,,0,0,0,0,0,0,0,0,0,,1209,806,,0,0,0,0
1603039498051,7,1010123456031,74,,1,0,6,1,2,,16.2506,435,1197,1.02822,177,0,9.33333,,14,9,0,0.1,4,0,0,19.6569,31,,930,816,,0,0,0,1
1603039498301,7,1010123456031,74,,1,0,6,1,2,,17.0102,393,1433,0.980128,157,0,9.25,,0,0,0,0,0,0,0,0,0,,860,764,,0,0,0,0
1603039498551,7,1010123456031,74,,1,0,6,1,2,,15.3348,442,0,0.981696,179,0,8.5,,0,0,0,0,0,0,0,0,0,,1089,892,,0,0,0,0
1603039498801,7,1010123456031,74,,1,0,6,1,2,,16.67,406,0,0.985792,160,0,9,,0,0,0,0,0,0,0,0,0,,872,816,,0,0,0,0
1603039499051,7,1010123456031,74,,1,0,6,1,2,,16.8091,419,0,0.983648,167,0,9,,13.5455,11,0,0.1,4,0,0,18.8582,31,,923,810,,0,0,0,1
1603039499301,7,1010123456031,74,,1,0,6,1,2,,16.1716,402,141,0.982816,160,0,8.83333,,0,0,0,0,0,0,0,0,0,,866,832,,0,0,0,0
1603039499551,7,1010123456031,74,,1,0,6,1,2,,16.4634,423,634,0.990976,171,0,9,,0,0,0,0,0,0,0,0,0,,926,816,,0,0,0,0
1603039499801,7,1010123456031,74,,1,0,6,1,2,,15.194,500,534,0.993376,201,0,8.57143,,0,0,0,0,0,0,0,0,0,,1150,918,,0,0,0,0
1603039500051,7,1010123456031,74,,1,0,6,1,2,,16.3969,446,301,0.992352,180,0,9,,13.7778,9,0,0.1,4,0,0,20.1675,31,,1020,832,,0,0,0,1
1603039500301,7,1010123456031,74,,1,0,6,1,2,,16.6214,420,529,0.990688,170,0,9,,0,0,0,0,0,0,0,0,0,,1013,812,,0,0,0,0
1603039500551,7,1010123456031,74,,1,0,6,1,2,,16.1879,463,741,0.955712,181,0,8.83333,,0,0,0,0,0,0,0,0,0,,1180,844,,0,0,0,0
1603039500801,7,1010123456031,74,,1,0,6,1,2,,16.1659,446,1368,1.02154,185,0,9,,0,0,0,0,0,0,0,0,0,,1097,820,,0,0,0,0
1603039501051,7,1010123456031,74,,1,0,6,1,2,,16.627,437,1245,0.96832,169,0,9,,14.3636,11,0,0.1,5,20,0,17.7652,31,,975,824,,0,0,0,2.81818
1603039501301,7,1010123456031,74,,1,0,6,1,2,,17.4453,375,1433,1.00688,156,0,9.66667,,0,0,0,0,0,0,0,0,0,,826,740,,0,0,0,0
1603039501551,7,1010123456031,74,,1,0,6,1,2,,16.7105,418,187,0.958144,163,0,9,,0,0,0,0,0,0,0,0,0,,938,804,,0,0,0,0
1603039501801,7,1010123456031,74,,1,0,6,1,2,,16.4739,422,0,1.00336,168,0,9,,0,0,0,0,0,0,0,0,0,,915,828,,0,0,0,0
1603039502051,7,1010123456031,74,,1,0,6,1,2,,16.3785,428,0,0.983136,172,0,9,,14,9,0,0.1,4,0,0,22.0825,31,,1039,824,,0,0,0,1
1603039502301,7,1010123456031,74,,1,0,6,1,2,,16.5685,438,324,0.982944,175,0,9,,0,0,0,0,0,0,0,0,0,,1080,816,,0,0,0,0
1603039502551,7,1010123456031,74,,1,0,6,1,2,,16.694,415,1952,0.960672,171,0,9,,0,0,0,0,0,0,0,0,0,,996,774,,0,0,0,0
1603039502801,7,1010123456031,74,,1,0,6,1,2,,16.815,492,212,1.02294,193,0,9,,0,0,0,0,0,0,0,0,0,,1126,856,,0,0,0,0
1603039503051,7,1010123456031,74,,1,0,6,1,2,,16.6898,432,752,0.991392,175,0,9,,14.2727,11,0,0.1,4,0,0,19.2736,31,,963,800,,0,0,0,1
1603039503301,7,1010123456031,74,,1,0,6,1,2,,16.2117,463,505,0.991968,186,0,9,,0,0,0,0,0,0,0,0,0,,1077,850,,0,0,0,0
1603039503551,7,1010123456031,74,,1,0,6,1,2,,16.4561,421,741,0.981472,168,0,9,,0,0,0,0,0,0,0,0,0,,917,810,,0,0,0,0
1603039503801,7,1010123456031,74,,1,0,6,1,2,,16.4079,407,1138,0.996672,166,0,9,,0,0,0,0,0,0,0,0,0,,886,812,,0,0,0,0
1603039504051,7,1010123456031,74,,1,0,6,1,2,,16.2349,447,1213,0.980352,178,0,9,,14.3077,13,0,0.1,6,0,0,19.9297,31,,1190,830,,0,0,0,1
1603039504301,7,1010123456031,74,,1,0,6,1,2,,15.9784,416,0,0.983872,165,0,8.83333,,0,0,0,0,0,0,0,0,0,,883,842,,0,0,0,0
1603039504551,7,1010123456031,74,,1,0,6,1,2,,16.5711,415,0,0.9872,166,0,9,,0,0,0,0,0,0,0,0,0,,898,822,,0,0,0,0
1603039504801,7,1010123456031,74,,1,0,6,1,2,,16.8405,420,0,0.984128,169,0,9,,0,0,0,0,0,0,0,0,0,,957,812,,0,0,0,0
1603039505051,7,1010123456031,74,,1,0,6,1,2,,16.3386,443,0,0.985984,176,0,9,,13.5455,11,0,0.1,4,0,0,23.6747,31,,963,828,,0,0,0,1
1603039505301,7,1010123456031,74,,1,0,6,1,2,,16.4239,486,0,0.984576,193,0,9,,0,0,0,0,0,0,0,0,0,,1132,826,,0,0,0,0
1603039505551,7,1010123456031,74,,1,0,6,1,2,,16.8182,418,81,0.989152,168,0,9,,0,0,0,0,0,0,0,0,0,,933,808,,0,0,0,0
1603039505801,7,1010123456031,74,,1,0,6,1,2,,16.5276,398,472,0.989056,160,0,9,,0,0,0,0,0,0,0,0,0,,921,810,,0,0,0,0
1603039506051,7,1010123456031,74,,1,0,6,1,2,,16.4191,439,430,0.990816,176,0,9,,14.8824,17,0,0.1,6,33.3333,0,14.0242,31,,954,826,,0,0,0,4.17647
1603039506301,7,1010123456031,74,,1,0,6,1,2,,16.6147,423,505,0.993696,172,0,9,,0,0,0,0,0,0,0,0,0,,940,814,,0,0,0,0
1603039506551,7,1010123456031,74,,1,0,6,1,2,,16.4595,407,741,0.990272,165,0,9,,0,0,0,0,0,0,0,0,0,,950,816,,0,0,0,0
1603039506801,7,1010123456031,74,,1,0,6,1,2,,16.772,386,977,0.98752,157,0,9,,0,0,0,0,0,0,0,0,0,,866,806,,0,0,0,0
1603039507051,7,1010123456031,74,,1,0,6,1,2,,15.1586,435,1646,0.958496,170,0,8.33333,,6.29032,31,0,0.1,12,0,0,17.4692,31,,1007,880,,0,0,0,1.19355
1603039507301,7,1010123456031,74,,1,0,6,1,2,,15.8416,442,0,1.00502,182,0,9,,0,0,0,0,0,0,0,0,0,,997,882,,0,0,0,0
1603039507551,7,1010123456031,74,,1,0,6,1,2,,16.5205,415,0,0.980544,165,0,9,,0,0,0,0,0,0,0,0,0,,934,824,,0,0,0,0
1603039507801,7,1010123456031,74,,1,0,6,1,2,,16.1253,455,0,0.9848,182,0,8.85714,,0,0,0,0,0,0,0,0,0,,1030,844,,0,0,0,0
1603039508051,7,1010123456031,74,,1,0,6,1,2,,16.4234,444,236,0.984096,178,0,9,,15,12,0,0,4,100,0,7.14779,0,,980,820,,0,0,0,10
1603039508301,7,1010123456031,74,,1,0,6,1,2,,16.6746,418,32,0.99104,165,0,9,,3.2,5,0,0.1,2,0,0,13.6179,31,,1012,822,,0,0,0,1
1603039508551,7,1010123456031,74,,1,0,6,1,2,,17.4575,365,0,0.990016,146,0,10,,0,0,0,0,0,0,0,0,0,,814,744,,0,0,0,0
1603039508801,7,1010123456031,74,,1,0,6,1,2,,15.6298,443,1705,0.954848,179,0,8.71429,,0,0,0,0,0,0,0,0,0,,1056,834,,0,0,0,0
1603039509051,7,1010123456031,74,,1,0,6,1,2,,16.5232,453,269,1.01504,180,0,9,,14.4286,14,0,0.1,5,20,0,17.4833,31,,1014,868,,0,0,0,2.92857
1603039509301,7,1010123456031,74,,1,0,6,1,2,,16.6602,462,505,1.00643,187,0,9,,0,0,0,0,0,0,0,0,0,,1114,812,,0,0,0,0
1603039509551,7,1010123456031,74,,1,0,6,1,2,,16.402,398,741,0.986464,161,0,9,,0,0,0,0,0,0,0,0,0,,864,814,,0,0,0,0
1603039509801,7,1010123456031,74,,1,0,6,1,2,,16.7922,409,1213,0.985888,162,0,9,,0,0,0,0,0,0,0,0,0,,880,804,,0,0,0,0
1603039510051,7,1010123456031,74,,1,0,6,1,2,,15.9955,447,1433,0.978976,179,0,8.83333,,14,9,0,0.1,4,0,0,20.479,31,,1082,834,,0,0,0,1
1603039510301,7,1010123456031,74,,1,0,6,1,2,,16.3355,453,0,0.989376,178,0,9,,0,0,0,0,0,0,0,0,0,,990,830,,0,0,0,0
1603039510551,7,1010123456031,74,,1,0,6,1,2,,14.297,495,0,0.9768,197,0,8.16667,,0,0,0,0,0,0,0,0,0,,1111,982,,0,0,0,0
1603039510801,7,1010123456031,74,,1,0,6,1,2,,16.3462,465,0,0.99536,188,0,9,,0,0,0,0,0,0,0,0,0,,1053,828,,0,0,0,0
1603039511051,7,1010123456031,74,,1,0,6,1,2,,16.753,413,0,0.983072,166,0,9,,12.5455,11,0,0.1,4,0,0,16.8758,31,,1052,816,,0,0,0,1
1603039511301,7,1010123456031,74,,1,0,6,1,2,,16.293,430,120,0.985792,171,0,9,,0,0,0,0,0,0,0,0,0,,958,824,,0,0,0,0
1603039511551,7,1010123456031,74,,1,0,6,1,2,,16.6036,449,0,0.998016,181,0,9,,0,0,0,0,0,0,0,0,0,,1019,822,,0,0,0,0
1603039511801,7,1010123456031,74,,1,0,6,1,2,,16.8037,428,430,0.991712,171,0,9,,0,0,0,0,0,0,0,0,0,,1005,802,,0,0,0,0
1603039512051,7,1010123456031,74,,1,0,6,1,2,,16.2965,435,505,0.990784,176,0,9,,14.4615,13,0,0.1,6,33.3333,0,16.2334,31,,959,822,,0,0,0,3.76923
1603039512301,7,1010123456031,74,,1,0,6,1,2,,16.4975,408,1354,0.961312,158,0,9,,0,0,0,0,0,0,0,0,0,,880,800,,0,0,0,0
1603039512551,7,1010123456031,74,,1,0,6,1,2,,16.6809,398,977,1.01482,163,0,9,,0,0,0,0,0,0,0,0,0,,856,822,,0,0,0,0
1603039512801,7,1010123456031,74,,1,0,6,1,2,,16.6447,456,1437,0.952672,180,0,9,,0,0,0,0,0,0,0,0,0,,1046,814,,0,0,0,0
1603039513051,7,1010123456031,74,,1,0,6,1,2,,16.6247,397,1433,1.01747,164,0,9,,14.2222,9,0,0.1,4,0,0,18.9563,31,,876,816,,0,0,0,1
1603039513301,7,1010123456031,74,,1,0,6,1,2,,16.595,442,0,0.984064,174,0,9,,0,0,0,0,0,0,0,0,0,,964,822,,0,0,0,0
1603039513551,7,1010123456031,74,,1,0,6,1,2,,16.7616,453,0,0.98432,181,0,9,,0,0,0,0,0,0,0,0,0,,1097,814,,0,0,0,0
1603039513801,7,1010123456031,74,,1,0,6,1,2,,16.3037,405,0,0.98304,161,0,9,,0,0,0,0,0,0,0,0,0,,889,824,,0,0,0,0
1603039514051,7,1010123456031,74,,1,0,6,1,2,,17.5,386,0,0.982304,155,0,9.83333,,14.1,10,0,0.1,4,0,0,20.7878,31,,868,740,,0,0,0,1
1603039514301,7,1010123456031,74,,1,0,6,1,2,,13.956,455,314,0.992992,184,0,7.83333,,0,0,0,0,0,0,0,0,0,,1057,982,,0,0,0,0
1603039514551,7,1010123456031,74,,1,0,6,1,2,,16.7098,410,609,0.987104,167,0,9,,0,0,0,0,0,0,0,0,0,,1092,810,,0,0,0,0
1603039514801,7,1010123456031,74,,1,0,6,1,2,,17.1514,403,269,0.993216,159,0,9.85714,,0,0,0,0,0,0,0,0,0,,912,768,,0,0,0,0
1603039515051,7,1010123456031,74,,1,0,6,1,2,,16.1735,461,505,0.993056,186,0,9,,15,12,0,0,4,100,0,6.4586,0,,1029,830,,0,0,0,10
1603039515301,7,1010123456031,74,,1,0,6,1,2,,16.6529,435,741,0.992416,180,0,9,,4.8,5,0,0.1,2,0,0,13.859,31,,996,816,,0,0,0,1
1603039515551,7,1010123456031,74,,1,0,6,1,2,,15.4715,473,977,0.988704,192,0,8.66667,,0,0,0,0,0,0,0,0,0,,1157,872,,0,0,0,0
1603039515801,7,1010123456031,74,,1,0,6,1,2,,16.618,445,1213,0.987104,177,0,9,,0,0,0,0,0,0,0,0,0,,980,806,,0,0,0,0
1603039516051,7,1010123456031,74,,1,0,6,1,2,,16.418,433,1433,0.959776,169,0,9,,6.67568,37,0,0.1,15,0,0,16.8769,31,,975,816,,0,0,0,1.59459
1603039516301,7,1010123456031,74,,1,0,6,1,2,,16.211,436,30,1.00195,175,0,9,,0,0,0,0,0,0,0,0,0,,979,834,,0,0,0,0
1603039516551,7,1010123456031,74,,1,0,6,1,2,,16.2797,404,0,0.968064,163,0,9,,0,0,0,0,0,0,0,0,0,,955,828,,0,0,0,0
1603039516801,7,1010123456031,74,,1,0,6,1,2,,16.6265,490,0,1.00509,196,0,9,,0,0,0,0,0,0,0,0,0,,1099,820,,0,0,0,0
1603039517051,7,1010123456031,74,,1,0,6,1,2,,16.5436,390,0,0.983008,157,0,9,,12.8,10,0,0.1,4,0,0,19.0523,31,,845,818,,0,0,0,1
1603039517301,7,1010123456031,74,,1,0,6,1,2,,14.3913,460,76,0.991808,183,0,8.16667,,0,0,0,0,0,0,0,0,0,,1032,964,,0,0,0,0
1603039517551,7,1010123456031,74,,1,0,6,1,2,,16.4442,439,471,0.9912,178,0,9,,0,0,0,0,0,0,0,0,0,,1061,814,,0,0,0,0
1603039517801,7,1010123456031,74,,1,0,6,1,2,,16.4083,436,1565,0.957632,174,0,9,,0,0,0,0,0,0,0,0,0,,996,800,,0,0,0,0
1603039518051,7,1010123456031,74,,1,0,6,1,2,,16.5746,409,666,1.02445,166,0,9,,14,9,0,0.1,4,0,0,18.3418,31,,909,842,,0,0,0,1.22222
1603039518301,7,1010123456031,74,,1,0,6,1,2,,15.5022,462,1433,0.994112,189,0,8.66667,,0,0,0,0,0,0,0,0,0,,1084,860,,0,0,0,0
1603039518551,7,1010123456031,74,,1,0,6,1,2,,16.6553,409,977,0.985696,160,0,9,,0,0,0,0,0,0,0,0,0,,980,830,,0,0,0,0
1603039518801,7,1010123456031,74,,1,0,6,1,2,,16.7708,506,1213,0.971296,200,0,9,,0,0,0,0,0,0,0,0,0,,1192,810,,0,0,0,0
1603039519051,7,1010123456031,74,,1,0,6,1,2,,16.8841,414,0,0.99936,166,0,9,,13.7778,9,0,0.1,4,0,0,20.7059,31,,891,802,,0,0,0,1
1603039519301,7,1010123456031,74,,1,0,6,1,2,,16.3956,407,0,0.983328,163,0,9,,0,0,0,0,0,0,0,0,0,,898,820,,0,0,0,0
1603039519551,7,1010123456031,74,,1,0,6,1,2,,16.5297,421,0,0.984544,166,0,9,,0,0,0,0,0,0,0,0,0,,911,820,,0,0,0,0
1603039519801,7,1010123456031,74,,1,0,6,1,2,,15.5664,422,0,0.981408,169,0,8.71429,,0,0,0,0,0,0,0,0,0,,974,882,,0,0,0,0
1603039520051,7,1010123456031,74,,1,0,6,1,2,,16.4592,453,0,0.984352,182,0,9,,14.5455,11,0,0.1,5,20,0,16.4707,31,,1057,822,,0,0,0,2.81818
1603039520301,7,1010123456031,74,,1,0,6,1,2,,16.5821,414,16,0.991424,166,0,9,,0,0,0,0,0,0,0,0,0,,899,820,,0,0,0,0
1603039520551,7,1010123456031,74,,1,0,6,1,2,,16.5422,415,81,0.989088,166,0,9,,0,0,0,0,0,0,0,0,0,,923,820,,0,0,0,0
1603039520801,7,1010123456031,74,,1,0,6,1,2,,16.3465,404,1266,0.99168,166,0,9,,0,0,0,0,0,0,0,0,0,,879,790,,0,0,0,0
1603039521051,7,1010123456031,74,,1,0,6,1,2,,16.6192,478,749,0.99232,189,0,9,,12.5,8,0,0.1,3,0,0,20.6503,31,,1099,836,,0,0,0,1
1603039521301,7,1010123456031,74,,1,0,6,1,2,,16.2135,431,741,0.991264,172,0,9,,0,0,0,0,0,0,0,0,0,,1033,830,,0,0,0,0
1603039521551,7,1010123456031,74,,1,0,6,1,2,,16.7724,457,977,0.988,184,0,9,,0,0,0,0,0,0,0,0,0,,1107,812,,0,0,0,0
1603039521801,7,1010123456031,74,,1,0,6,1,2,,15.1978,455,1213,0.974336,180,0,8.57143,,0,0,0,0,0,0,0,0,0,,1086,910,,0,0,0,0
1603039522051,7,1010123456031,74,,1,0,6,1,2,,16.625,448,0,0.987936,182,0,9,,15.3571,84,0,0.1,34,85.2941,0,7.00545,31,,1231,812,,0,0,0,8.91667
1603039522301,7,1010123456031,74,,1,0,6,1,2,,16.4844,417,0,0.983296,163,0,9,,0,0,0,0,0,0,0,0,0,,905,818,,0,0,0,0
1603039522551,7,1010123456031,74,,1,0,6,1,2,,13.8889,477,0,0.985568,192,0,8.16667,,0,0,0,0,0,0,0,0,0,,1170,978,,0,0,0,0
1603039522801,7,1010123456031,74,,1,0,6,1,2,,16.5577,407,0,0.990336,162,0,9,,0,0,0,0,0,0,0,0,0,,884,820,,0,0,0,0
1603039523051,7,1010123456031,74,,1,0,6,1,2,,16.826,431,0,0.982912,174,0,9,,8.5,8,0,0.1,3,0,0,15.1863,31,,1013,814,,0,0,0,1
1603039523301,7,1010123456031,74,,1,0,6,1,2,,16.8961,433,1641,0.969408,179,0,9,,0,0,0,0,0,0,0,0,0,,1231,768,,0,0,0,0
1603039523551,7,1010123456031,74,,1,0,6,1,2,,16.716,412,371,1.00992,162,0,9,,0,0,0,0,0,0,0,0,0,,945,840,,0,0,0,0
1603039523801,7,1010123456031,74,,1,0,6,1,2,,16.8878,508,688,0.993536,206,0,9,,0,0,0,0,0,0,0,0,0,,1204,806,,0,0,0,0
1603039524051,7,1010123456031,74,,1,0,6,1,2,,17.5836,365,2391,0.91552,139,0,9.83333,,11.1111,9,0,0.1,4,0,0,20.3388,31,,884,696,,0,0,0,1
1603039524301,7,1010123456031,74,,1,0,6,1,2,,16.5131,419,1088,1.03219,170,0,9,,0,0,0,0,0,0,0,0,0,,936,852,,0,0,0,0
1603039524551,7,1010123456031,74,,1,0,6,1,2,,16.5551,445,1213,1.01677,181,0,9,,0,0,0,0,0,0,0,0,0,,962,816,,0,0,0,0
1603039524801,7,1010123456031,74,,1,0,6,1,2,,16.5155,452,1433,0.983232,179,0,9,,0,0,0,0,0,0,0,0,0,,1038,820,,0,0,0,0
1603039525051,7,1010123456031,74,,1,0,6,1,2,,16.6325,400,0,0.983488,158,0,9,,14,9,0,0.1,4,0,0,20.8409,31,,858,814,,0,0,0,1
1603039525301,7,1010123456031,74,,1,0,6,1,2,,15.0793,492,0,0.98576,195,0,8.5,,0,0,0,0,0,0,0,0,0,,1161,902,,0,0,0,0
1603039525551,7,1010123456031,74,,1,0,6,1,2,,15.0135,446,0,0.991904,180,0,8.4,,0,0,0,0,0,0,0,0,0,,1023,906,,0,0,0,0
1603039525801,7,1010123456031,74,,1,0,6,1,2,,15.4317,461,0,0.982272,181,0,8.66667,,0,0,0,0,0,0,0,0,0,,1025,884,,0,0,0,0
1603039526051,7,1010123456031,74,,1,0,6,1,2,,16.5725,407,306,0.984992,164,0,9,,14.2727,11,0,0.1,4,0,0,16.7806,31,,944,808,,0,0,0,1.27273
1603039526301,7,1010123456031,74,,1,0,6,1,2,,16.2064,407,204,0.990624,166,0,9.33333,,0,0,0,0,0,0,0,0,0,,890,822,,0,0,0,0
1603039526551,7,1010123456031,74,,1,0,6,1,2,,14.6149,483,984,0.983552,189,0,8.33333,,0,0,0,0,0,0,0,0,0,,1096,940,,0,0,0,0
1603039526801,7,1010123456031,74,,1,0,6,1,2,,16.5197,431,505,1.00045,178,0,9,,0,0,0,0,0,0,0,0,0,,958,832,,0,0,0,0
1603039527051,7,1010123456031,74,,1,0,6,1,2,,15.3472,481,912,0.980288,194,0,8.5,,6.65625,32,0,0.1,14,7.14286,0,15.5219,31,,1189,910,,0,0,0,1.71875
1603039527301,7,1010123456031,74,,1,0,6,1,2,,14.9548,442,977,0.997248,178,0,8.5,,0,0,0,0,0,0,0,0,0,,986,924,,0,0,0,0
1603039527551,7,1010123456031,74,,1,0,6,1,2,,16.7585,472,1213,0.97344,187,0,9,,0,0,0,0,0,0,0,0,0,,1063,816,,0,0,0,0
1603039527801,7,1010123456031,74,,1,0,6,1,2,,16.628,414,1213,1.00762,170,0,9,,0,0,0,0,0,0,0,0,0,,911,814,,0,0,0,0
1603039528051,7,1010123456031,74,,1,0,6,1,2,,16.6651,418,0,0.97584,166,0,9,,14.4118,17,0,0.1,6,33.3333,0,16.2458,31,,913,808,,0,0,0,4.17647
1603039528301,7,1010123456031,74,,1,0,6,1,2,,14.7512,426,2580,0.928096,168,0,7.83333,,0,0,0,0,0,0,0,0,0,,963,874,,0,0,0,0
1603039528551,7,1010123456031,74,,1,0,6,1,2,,15.6173,473,0,1.04173,189,0,9,,0,0,0,0,0,0,0,0,0,,1056,946,,0,0,0,0
1603039528801,7,1010123456031,74,,1,0,6,1,2,,16.4579,428,108,0.982528,172,0,9,,0,0,0,0,0,0,0,0,0,,959,820,,0,0,0,0
1603039529051,7,1010123456031,74,,1,0,6,1,2,,14.8918,462,617,0.963808,182,0,8.5,,13.2727,11,0,0.1,5,20,0,14.7758,31,,1228,884,,0,0,0,2.81818
1603039529301,7,1010123456031,74,,1,0,6,1,2,,16.6998,433,212,1.01901,176,0,9,,0,0,0,0,0,0,0,0,0,,953,818,,0,0,0,0
1603039529551,7,1010123456031,74,,1,0,6,1,2,,16.5152,427,269,0.991392,171,0,9,,0,0,0,0,0,0,0,0,0,,987,824,,0,0,0,0
1603039529801,7,1010123456031,74,,1,0,6,1,2,,14.9714,454,505,0.991552,183,0,8.57143,,0,0,0,0,0,0,0,0,0,,1024,900,,0,0,0,0
1603039530051,7,1010123456031,74,,1,0,6,1,2,,16.5991,464,902,0.990656,186,0,9,,14.6,20,0,0.12016,8,0,0,18.7313,31,,1081,808,,0,0,0,1.35
1603039530301,7,1010123456031,74,,1,0,6,1,2,,16.122,418,2065,0.95088,169,0,9,,0,0,0,0,0,0,0,0,0,,997,806,,0,0,0,0
1603039530551,7,1010123456031,74,,1,0,6,1,2,,16.5356,407,1213,1.02234,163,0,9,,0,0,0,0,0,0,0,0,0,,889,840,,0,0,0,0
1603039530801,7,1010123456031,74,,1,0,6,1,2,,16.4079,456,1433,0.983744,183,0,9,,0,0,0,0,0,0,0,0,0,,1052,824,,0,0,0,0
1603039531051,7,1010123456031,74,,1,0,6,1,2,,16.8677,461,145,0.974336,182,0,9,,13.3333,9,0,0.1,4,0,0,19.8615,31,,1027,810,,0,0,0,1
1603039531301,7,1010123456031,74,,1,0,6,1,2,,16.6501,423,0,0.994656,170,0,9,,0,0,0,0,0,0,0,0,0,,934,826,,0,0,0,0
1603039531551,7,1010123456031,74,,1,0,6,1,2,,16.4843,413,0,0.983328,166,0,9,,0,0,0,0,0,0,0,0,0,,898,822,,0,0,0,0
1603039531801,7,1010123456031,74,,1,0,6,1,2,,16.3149,435,0,0.98288,173,0,9,,0,0,0,0,0,0,0,0,0,,1176,828,,0,0,0,0
1603039532051,7,1010123456031,74,,1,0,6,1,2,,15.1707,457,151,0.992416,185,0,8.5,,14.2727,11,0,0.1,4,0,0,19.479,31,,1032,914,,0,0,0,1
1603039532301,7,1010123456031,74,,1,0,6,1,2,,16.3674,411,204,0.991328,167,0,9,,0,0,0,0,0,0,0,0,0,,904,820,,0,0,0,0
1603039532551,7,1010123456031,74,,1,0,6,1,2,,16.8795,448,780,0.980768,177,0,9,,0,0,0,0,0,0,0,0,0,,1016,794,,0,0,0,0
1603039532801,7,1010123456031,74,,1,0,6,1,2,,16.2078,438,505,1.00205,178,0,9,,0,0,0,0,0,0,0,0,0,,995,838,,0,0,0,0
1603039533051,7,1010123456031,74,,1,0,6,1,2,,16.8165,425,741,0.991584,171,0,9,,13.5455,11,0,0.1,4,0,0,19.3107,31,,930,806,,0,0,0,1
1603039533301,7,1010123456031,74,,1,0,6,1,2,,16.3179,390,1560,0.951232,155,0,9,,0,0,0,0,0,0,0,0,0,,997,800,,0,0,0,0
1603039533551,7,1010123456031,74,,1,0,6,1,2,,16.3663,404,1213,1.02,166,0,9,,0,0,0,0,0,0,0,0,0,,1032,830,,0,0,0,0
1603039533801,7,1010123456031,74,,1,0,6,1,2,,16.5124,445,0,0.977504,176,0,8.85714,,0,0,0,0,0,0,0,0,0,,1000,818,,0,0,0,0
1603039534051,7,1010123456031,74,,1,0,6,1,2,,15.3048,456,440,0.977472,178,0,8.5,,3.07692,26,0,0.1,11,0,0,7.40393,31,,1035,878,,0,0,0,1.38462
1603039534301,7,1010123456031,74,,1,0,6,1,2,,15.7464,422,0,0.996224,171,0,9,,0,0,0,0,0,0,0,0,0,,927,892,,0,0,0,0
1603039534551,7,1010123456031,74,,1,0,6,1,2,,16.1084,443,0,0.983904,178,0,9,,0,0,0,0,0,0,0,0,0,,966,830,,0,0,0,0
1603039534801,7,1010123456031,74,,1,0,6,1,2,,16.2087,412,33,0.98304,162,0,9,,0,0,0,0,0,0,0,0,0,,878,828,,0,0,0,0
1603039535051,7,1010123456031,74,,1,0,6,1,2,,14.2437,439,1113,0.990048,181,0,8.16667,,9.71429,7,0,0.1,3,0,0,20.2934,31,,1073,916,,0,0,0,1
1603039535301,7,1010123456031,74,,1,0,6,1,2,,16.7188,441,204,0.992928,174,0,9,,0,0,0,0,0,0,0,0,0,,1004,838,,0,0,0,0
1603039535551,7,1010123456031,74,,1,0,6,1,2,,15.0371,458,1269,0.96832,181,0,8.5,,0,0,0,0,0,0,0,0,0,,1098,904,,0,0,0,0
1603039535801,7,1010123456031,74,,1,0,6,1,2,,16.3453,417,666,1.01056,168,0,9,,0,0,0,0,0,0,0,0,0,,916,844,,0,0,0,0
1603039536051,7,1010123456031,74,,1,0,6,1,2,,16.6969,419,2135,0.949216,169,0,9,,8.54839,31,0,0.1,13,23.0769,0,10.642,31,,1279,778,,0,0,0,3.58065
1603039536301,7,1010123456031,74,,1,0,6,1,2,,16.3594,409,1315,1.01926,162,0,9,,0,0,0,0,0,0,0,0,0,,1270,844,,0,0,0,0
1603039536551,7,1010123456031,74,,1,0,6,1,2,,16.0993,453,1433,0.98864,182,0,8.83333,,0,0,0,0,0,0,0,0,0,,1037,846,,0,0,0,0
1603039536801,7,1010123456031,74,,1,0,6,1,2,,16.6876,445,0,0.991616,178,0,9,,0,0,0,0,0,0,0,0,0,,984,818,,0,0,0,0
1603039537051,7,1010123456031,74,,1,0,6,1,2,,16.6318,402,0,0.982624,161,0,9,,6.65789,38,0,0.1,15,0,0,17.3385,31,,931,820,,0,0,0,1
1603039537301,9,1010123456031,74,,1,0,6,1,2,,16.0869,449,513,0.954432,177,0,9,,0,0,0,0,0,0,0,0,0,,964,820,,0,0,0,0
1603039537551,9,1010123456031,74,,1,0,6,1,2,,16.0278,503,442,0.99568,203,0,9,,0,0,0,0,0,0,0,0,0,,953,852,,0,0,0,0
1603039537801,9,1010123456031,74,,1,0,6,1,2,,15.8985,473,1464,0.977376,196,0,9,,0,0,0,0,0,0,0,0,0,,1135,820,,0,0,0,0
1603039538051,9,1010123456031,74,,1,0,6,1,2,,16.1391,532,322,1.01702,211,0,9,,12.5,8,0,0.1,4,0,0,21.5712,31,,1033,878,,0,0,0,1
1603039538301,8,1010123456031,74,,1,0,6,1,2,,14.3216,482,1736,0.9616,194,0,8.16667,,0,0,0,0,0,0,0,0,0,,1187,928,,0,0,0,0
1603039538551,8,1010123456031,74,,1,0,6,1,2,,14.9703,472,505,1.02602,191,0,8.5,,0,0,0,0,0,0,0,0,0,,1098,960,,0,0,0,0
1603039538801,8,1010123456031,74,,1,0,6,1,2,,16.6048,420,741,0.990944,167,0,9,,0,0,0,0,0,0,0,0,0,,942,810,,0,0,0,0
1603039539051,8,1010123456031,74,,1,0,6,1,2,,16.7511,446,977,0.98768,177,0,9,,14,11,0,0.1,5,40,0,9.8599,31,,1008,808,,0,0,0,5.36364
1603039539301,8,1010123456031,74,,1,0,6,1,2,,16.5154,390,977,0.989408,159,0,9,,0,0,0,0,0,0,0,0,0,,1116,820,,0,0,0,0
1603039539551,8,1010123456031,74,,1,0,6,1,2,,16.4464,401,1396,0.984448,160,0,9,,0,0,0,0,0,0,0,0,0,,911,810,,0,0,0,0
1603039539801,8,1010123456031,74,,1,0,6,1,2,,16.2112,412,0,0.983424,166,0,9,,0,0,0,0,0,0,0,0,0,,898,828,,0,0,0,0
1603039540051,8,1010123456031,74,,1,0,6,1,2,,16.6688,459,0,0.960064,178,0,9,,11.2727,11,0,0.1,4,0,0,19.4354,31,,1041,816,,0,0,0,1
1603039540301,8,1010123456031,74,,1,0,6,1,2,,16.6856,404,0,0.999776,166,0,9,,0,0,0,0,0,0,0,0,0,,896,812,,0,0,0,0
1603039540551,8,1010123456031,74,,1,0,6,1,2,,16.7799,427,0,0.982912,168,0,9,,0,0,0,0,0,0,0,0,0,,954,810,,0,0,0,0
1603039540801,8,1010123456031,74,,1,0,6,1,2,,16.6107,411,185,0.990528,165,0,9,,0,0,0,0,0,0,0,0,0,,998,810,,0,0,0,0
1603039541051,8,1010123456031,74,,1,0,6,1,2,,16.4594,468,81,0.993152,190,0,9,,13.2389,113,0,0.1,45,75.5556,0,7.75367,31,,1056,824,,0,0,0,7.79646
1603039541301,8,1010123456031,74,,1,0,6,1,2,,16.6293,410,269,0.99056,167,0,9,,0,0,0,0,0,0,0,0,0,,916,812,,0,0,0,0
1603039541551,8,1010123456031,74,,1,0,6,1,2,,16.451,439,732,0.98496,175,0,9,,0,0,0,0,0,0,0,0,0,,977,820,,0,0,0,0
1603039541801,8,1010123456031,74,,1,0,6,1,2,,16.5329,441,741,0.99536,181,0,9,,0,0,0,0,0,0,0,0,0,,978,822,,0,0,0,0
1603039542051,8,1010123456031,74,,1,0,6,1,2,,16.1945,401,902,0.991712,159,0,9,,11.5,8,0,0.1,3,0,0,21.2673,31,,871,818,,0,0,0,1
1603039542301,8,1010123456031,74,,1,0,6,1,2,,16.822,410,977,0.983776,165,0,9,,0,0,0,0,0,0,0,0,0,,958,808,,0,0,0,0
1603039542551,8,1010123456031,74,,1,0,6,1,2,,16.7905,482,2134,0.956224,190,0,9,,0,0,0,0,0,0,0,0,0,,1174,784,,0,0,0,0
1603039542801,8,1010123456031,74,,1,0,6,1,2,,16.5907,430,0,1.00656,169,0,9,,0,0,0,0,0,0,0,0,0,,935,838,,0,0,0,0
1603039543051,8,1010123456031,74,,1,0,6,1,2,,15.8923,418,664,0.981568,168,0,8.5,,12.625,8,0,0.1,3,0,0,22.3617,31,,934,834,,0,0,0,1
1603039543301,8,1010123456031,74,,1,0,6,1,2,,15.589,438,0,0.991552,173,0,9,,0,0,0,0,0,0,0,0,0,,976,896,,0,0,0,0
1603039543551,8,1010123456031,74,,1,0,6,1,2,,16.2821,429,0,0.982848,173,0,9,,0,0,0,0,0,0,0,0,0,,959,828,,0,0,0,0
1603039543801,8,1010123456031,74,,1,0,6,1,2,,16.6908,456,472,0.982304,184,0,9,,0,0,0,0,0,0,0,0,0,,1104,806,,0,0,0,0
1603039544051,8,1010123456031,74,,1,0,6,1,2,,16.4858,424,81,1.0016,171,0,9,,14.2727,11,0,0.1,4,0,0,19.9933,31,,927,832,,0,0,0,1
1603039544301,8,1010123456031,74,,1,0,6,1,2,,16.464,444,1009,0.982688,176,0,9,,0,0,0,0,0,0,0,0,0,,982,800,,0,0,0,0
1603039544551,8,1010123456031,74,,1,0,6,1,2,,16.7678,478,505,1.00125,195,0,9,,0,0,0,0,0,0,0,0,0,,1097,830,,0,0,0,0
1603039544801,8,1010123456031,74,,1,0,6,1,2,,16.3561,424,773,0.992032,170,0,9,,0,0,0,0,0,0,0,0,0,,965,816,,0,0,0,0
1603039545051,8,1010123456031,74,,1,0,6,1,2,,15.2922,397,4067,0.853632,154,0,7.83333,,13.7143,7,0,0.1,3,0,0,14.5393,31,,1059,792,,0,0,0,1.57143
1603039545301,8,1010123456031,74,,1,0,6,1,2,,16.9582,455,1213,1.11798,184,0,9,,0,0,0,0,0,0,0,0,0,,1024,882,,0,0,0,0
1603039545551,8,1010123456031,74,,1,0,6,1,2,,16.383,423,1433,0.97824,167,0,9,,0,0,0,0,0,0,0,0,0,,925,818,,0,0,0,0
1603039545801,8,1010123456031,74,,1,0,6,1,2,,16.6847,463,0,0.989024,186,0,9,,0,0,0,0,0,0,0,0,0,,1061,818,,0,0,0,0
1603039546051,8,1010123456031,74,,1,0,6,1,2,,16.4077,417,0,0.983392,168,0,9,,6,33,0,0.1,13,30.7692,0,15.3323,31,,934,824,,0,0,0,3.36364
1603039546301,8,1010123456031,74,,1,0,6,1,2,,16.776,433,136,0.982592,172,0,9,,0,0,0,0,0,0,0,0,0,,970,812,,0,0,0,0
1603039546551,8,1010123456031,74,,1,0,6,1,2,,16.2875,400,2095,0.939808,161,0,9,,0,0,0,0,0,0,0,0,0,,970,774,,0,0,0,0
1603039546801,8,1010123456031,74,,1,0,6,1,2,,16.8369,466,16,1.03562,185,0,9,,0,0,0,0,0,0,0,0,0,,1096,866,,0,0,0,0
1603039547051,8,1010123456031,74,,1,0,6,1,2,,16.3271,428,81,0.989376,172,0,9,,4.88462,26,0,0.1,10,0,0,13.9949,31,,1063,826,,0,0,0,1.69231
1603039547301,8,1010123456031,74,,1,0,6,1,2,,16.6545,382,611,0.989312,154,0,9,,0,0,0,0,0,0,0,0,0,,1034,800,,0,0,0,0
1603039547551,8,1010123456031,74,,1,0,6,1,2,,15.127,441,1501,0.965152,174,0,8,,0,0,0,0,0,0,0,0,0,,996,892,,0,0,0,0
1603039547801,8,1010123456031,74,,1,0,6,1,2,,16.3875,431,902,1.01901,179,0,9,,0,0,0,0,0,0,0,0,0,,979,838,,0,0,0,0
1603039548051,8,1010123456031,74,,1,0,6,1,2,,16.6516,419,977,0.952224,162,0,9,,12.4737,19,0,0.1,8,12.5,0,18.8637,31,,959,822,,0,0,0,2.05263
1603039548301,7,1010123456031,74,,1,0,6,1,2,,16.9005,392,1213,1.0127,161,0,9,,0,0,0,0,0,0,0,0,0,,917,794,,0,0,0,0
1603039548551,7,1010123456031,74,,1,0,6,1,2,,16.461,410,0,0.988224,165,0,9,,0,0,0,0,0,0,0,0,0,,902,812,,0,0,0,0
1603039548801,7,1010123456031,74,,1,0,6,1,2,,16.6882,433,0,0.98336,171,0,9,,0,0,0,0,0,0,0,0,0,,993,814,,0,0,0,0
1603039549051,7,1010123456031,74,,1,0,6,1,2,,16.7765,434,0,0.984544,175,0,9,,13.75,16,0,0.1,6,66.6667,0,9.5847,31,,979,814,,0,0,0,6.625
1603039549301,7,1010123456031,74,,1,0,6,1,2,,16.4657,423,0,0.982752,168,0,9,,0,0,0,0,0,0,0,0,0,,969,818,,0,0,0,0
1603039549551,7,1010123456031,74,,1,0,6,1,2,,8.2045,533,9387,0.689056,209,0,7.25,,0,0,0,0,0,0,0,0,0,,1288,1168,,0,0,0,0
1603039549801,7,1010123456031,74,,1,0,6,1,2,,17.1572,509,695,1.29091,205,0,9,,0,0,0,0,0,0,0,0,0,,1199,1024,,0,0,0,0
1603039550051,7,1010123456031,74,,1,0,6,1,2,,16.7403,462,194,0.992224,185,0,9,,3.7619,42,0,0.1,16,0,0,12.8544,31,,1053,830,,0,0,0,1.04762
1603039550301,7,1010123456031,74,,1,0,6,1,2,,16.5206,413,269,0.990496,166,0,9,,0,0,0,0,0,0,0,0,0,,959,816,,0,0,0,0
1603039550551,7,1010123456031,74,,1,0,6,1,2,,16.683,448,505,0.992448,179,0,9,,0,0,0,0,0,0,0,0,0,,1003,808,,0,0,0,0
1603039550801,7,1010123456031,74,,1,0,6,1,2,,16.1821,390,1057,0.992128,158,0,9.42857,,0,0,0,0,0,0,0,0,0,,849,802,,0,0,0,0
1603039551051,7,1010123456031,74,,1,0,6,1,2,,16.2883,444,977,0.98704,178,0,9,,12.5714,7,0,0.1,3,0,0,16.4772,31,,1100,828,,0,0,0,1
1603039551301,7,1010123456031,74,,1,0,6,1,2,,16.7007,431,1213,0.985952,172,0,9,,0,0,0,0,0,0,0,0,0,,988,806,,0,0,0,0
1603039551551,7,1010123456031,74,,1,0,6,1,2,,16.7864,412,0,0.983616,163,0,9,,0,0,0,0,0,0,0,0,0,,999,804,,0,0,0,0
1603039551801,7,1010123456031,74,,1,0,6,1,2,,16.487,423,0,0.983008,168,0,9,,0,0,0,0,0,0,0,0,0,,948,818,,0,0,0,0
1603039552051,7,1010123456031,74,,1,0,6,1,2,,16.3545,409,0,0.98432,160,0,9,,12.2222,9,0,0.1,4,0,0,21.2192,31,,894,824,,0,0,0,1
1603039552301,7,1010123456031,74,,1,0,6,1,2,,16.5204,417,75,0.983616,163,0,9,,0,0,0,0,0,0,0,0,0,,913,818,,0,0,0,0
1603039552551,7,1010123456031,74,,1,0,6,1,2,,16.5589,433,0,0.984512,177,0,9,,0,0,0,0,0,0,0,0,0,,1043,820,,0,0,0,0
1603039552801,7,1010123456031,74,,1,0,6,1,2,,15.8853,436,432,0.9912,176,0,8.85714,,0,0,0,0,0,0,0,0,0,,983,844,,0,0,0,0
1603039553051,7,1010123456031,74,,1,0,6,1,2,,16.7211,459,81,0.988512,182,0,9,,11.8182,11,0,0.1,4,0,0,15.2822,31,,1149,824,,0,0,0,1.27273
1603039553301,7,1010123456031,74,,1,0,6,1,2,,16.3836,438,269,0.993152,176,0,9,,0,0,0,0,0,0,0,0,0,,983,820,,0,0,0,0
1603039553551,7,1010123456031,74,,1,0,6,1,2,,16.1976,415,1004,0.978624,164,0,8.83333,,0,0,0,0,0,0,0,0,0,,939,822,,0,0,0,0
1603039553801,7,1010123456031,74,,1,0,6,1,2,,16.9062,405,741,1.0024,166,0,9.16667,,0,0,0,0,0,0,0,0,0,,913,798,,0,0,0,0
1603039554051,7,1010123456031,74,,1,0,6,1,2,,16,435,1138,0.984992,174,0,8.83333,,13.4286,7,0,0.1,3,0,0,16.3348,31,,940,844,,0,0,0,1
1603039554301,7,1010123456031,74,,1,0,6,1,2,,16.8095,420,1213,0.988704,168,0,9,,0,0,0,0,0,0,0,0,0,,954,810,,0,0,0,0
1603039554551,7,1010123456031,74,,1,0,6,1,2,,16.632,413,0,0.976064,166,0,9,,0,0,0,0,0,0,0,0,0,,1008,814,,0,0,0,0
1603039554801,7,1010123456031,74,,1,0,6,1,2,,16.8081,443,0,0.984576,176,0,9,,0,0,0,0,0,0,0,0,0,,1053,814,,0,0,0,0
1603039555051,7,1010123456031,74,,1,0,6,1,2,,17.3152,368,0,0.981152,150,0,10,,6.20408,49,0,0.112416,21,14.2857,0,11.4518,31,,825,738,,0,0,0,2.79592
1603039555301,7,1010123456031,74,,1,0,6,1,2,,16.1085,424,400,0.981184,167,0,9,,0,0,0,0,0,0,0,0,0,,912,824,,0,0,0,0
1603039555551,7,1010123456031,74,,1,0,6,1,2,,15.2757,497,1627,0.96608,202,0,8.5,,0,0,0,0,0,0,0,0,0,,1173,880,,0,0,0,0
1603039555801,7,1010123456031,74,,1,0,6,1,2,,16.6117,443,298,1.01869,178,0,9,,0,0,0,0,0,0,0,0,0,,997,854,,0,0,0,0
1603039556051,7,1010123456031,74,,1,0,6,1,2,,16.5677,458,81,0.992768,182,0,9,,13.3529,34,0,0.142816,14,14.2857,0,15.9443,31,,1007,828,,0,0,0,2.67647
1603039556301,7,1010123456031,74,,1,0,6,1,2,,16.3253,415,452,0.989568,168,0,9,,0,0,0,0,0,0,0,0,0,,1079,812,,0,0,0,0
1603039556551,7,1010123456031,74,,1,0,6,1,2,,15.3283,466,741,0.99088,186,0,8.5,,0,0,0,0,0,0,0,0,0,,1219,902,,0,0,0,0
1603039556801,7,1010123456031,74,,1,0,6,1,2,,16.6273,432,1081,0.987456,174,0,8.85714,,0,0,0,0,0,0,0,0,0,,1029,810,,0,0,0,0
1603039557051,7,1010123456031,74,,1,0,6,1,2,,14.4055,476,1408,0.947104,184,0,8.5,,14.3636,11,0,0.1,5,20,0,17.6153,31,,1055,946,,0,0,0,2.81818
1603039557301,7,1010123456031,74,,1,0,6,1,2,,15.9686,414,1433,1.0231,170,0,8.83333,,0,0,0,0,0,0,0,0,0,,969,848,,0,0,0,0
1603039557551,7,1010123456031,74,,1,0,6,1,2,,17.03,434,0,0.984544,172,0,9,,0,0,0,0,0,0,0,0,0,,999,808,,0,0,0,0
1603039557801,7,1010123456031,74,,1,0,6,1,2,,16.2595,420,0,0.983232,166,0,9,,0,0,0,0,0,0,0,0,0,,906,826,,0,0,0,0
1603039558051,7,1010123456031,74,,1,0,6,1,2,,13.831,503,0,0.985344,201,0,8.25,,12.8182,11,0,0.1,4,0,0,18.8586,31,,1137,1014,,0,0,0,1
1603039558301,7,1010123456031,74,,1,0,6,1,2,,16.5991,434,49,0.976384,171,0,9,,0,0,0,0,0,0,0,0,0,,1079,816,,0,0,0,0
1603039558551,7,1010123456031,74,,1,0,6,1,2,,16.6114,404,0,0.994912,162,0,9,,0,0,0,0,0,0,0,0,0,,973,818,,0,0,0,0
1603039558801,7,1010123456031,74,,1,0,6,1,2,,16.5787,432,212,0.99056,173,0,9,,0,0,0,0,0,0,0,0,0,,1004,816,,0,0,0,0
1603039559051,7,1010123456031,74,,1,0,6,1,2,,16.2458,415,269,0.99056,168,0,9,,7.5,18,0,0.1,7,0,0,12.8799,31,,928,826,,0,0,0,1.66667
1603039559301,7,1010123456031,74,,1,0,6,1,2,,16.7383,428,1033,0.991584,177,0,9,,0,0,0,0,0,0,0,0,0,,987,796,,0,0,0,0
1603039559551,7,1010123456031,74,,1,0,6,1,2,,16.8887,458,741,0.992064,184,0,9,,0,2,0,0.1,1,0,0,0,31,,1141,816,,0,0,0,0
1603039559801,7,1010123456031,74,,1,0,6,1,2,,16.5093,428,1138,0.988352,171,0,9,,0,0,0,0,0,0,0,0,0,,953,816,,0,0,0,0
1603039560051,7,1010123456031,74,,1,0,6,1,2,,16.5128,429,1213,0.986176,172,0,9,,10.5455,11,0,0.1,4,0,0,20.0974,31,,937,820,,0,0,0,1
1603039560301,7,1010123456031,74,,1,0,6,1,2,,16.722,428,2222,0.943936,169,0,9,,0,0,0,0,0,0,0,0,0,,991,792,,0,0,0,0
1603039560551,7,1010123456031,74,,1,0,6,1,2,,16.5837,418,599,0.9928,170,0,9,,0,0,0,0,0,0,0,0,0,,1015,820,,0,0,0,0
1603039560801,7,1010123456031,74,,1,0,6,1,2,,16.7254,437,0,1.01395,174,0,9,,0,0,0,0,0,0,0,0,0,,1052,832,,0,0,0,0
1603039561051,7,1010123456031,74,,1,0,6,1,2,,15.4965,423,448,0.979072,166,0,8.5,,14.4286,14,0,0.1,5,20,0,16.3277,31,,942,860,,0,0,0,3.14286
1603039561301,7,1010123456031,74,,1,0,6,1,2,,15.5254,472,0,0.989056,189,0,9,,0,0,0,0,0,0,0,0,0,,1082,904,,0,0,0,0
1603039561551,7,1010123456031,74,,1,0,6,1,2,,16.378,455,0,0.99152,185,0,9,,0,0,0,0,0,0,0,0,0,,1192,826,,0,0,0,0
1603039561801,7,1010123456031,74,,1,0,6,1,2,,16.5071,420,619,0.9912,170,0,9,,0,0,0,0,0,0,0,0,0,,929,802,,0,0,0,0
1603039562051,7,1010123456031,74,,1,0,6,1,2,,16.7651,430,430,0.991808,172,0,9,,14,9,0,0.1,4,0,0,20.0709,31,,938,820,,0,0,0,1
1603039562301,7,1010123456031,74,,1,0,6,1,2,,16.5258,407,691,0.970048,161,0,9,,0,0,0,0,0,0,0,0,0,,910,812,,0,0,0,0
1603039562551,7,1010123456031,74,,1,0,6,1,2,,16.4253,442,741,1.0119,179,0,9,,0,0,0,0,0,0,0,0,0,,989,822,,0,0,0,0
1603039562801,7,1010123456031,74,,1,0,6,1,2,,16.5209,407,977,0.978336,161,0,9,,0,0,0,0,0,0,0,0,0,,899,810,,0,0,0,0
1603039563051,7,1010123456031,74,,1,0,6,1,2,,16.5752,419,1213,0.994816,171,0,9,,8.32432,37,0,0.1,15,13.3333,0,14.8527,31,,934,812,,0,0,0,2.21622
1603039563301,7,1010123456031,74,,1,0,6,1,2,,16.3741,409,0,0.9824,165,0,9,,0,0,0,0,0,0,0,0,0,,899,818,,0,0,0,0
1603039563551,7,1010123456031,74,,1,0,6,1,2,,16.4838,432,1302,0.92544,168,0,9,,0,0,0,0,0,0,0,0,0,,1102,786,,0,0,0,0
1603039563801,7,1010123456031,74,,1,0,6,1,2,,16.8142,479,0,1.04019,193,0,9,,0,0,0,0,0,0,0,0,0,,1090,848,,0,0,0,0
1603039564051,7,1010123456031,74,,1,0,6,1,2,,16.4286,420,639,0.9792,166,0,9,,13.7778,9,0,0.1,4,0,0,20.1218,31,,1011,804,,0,0,0,1.22222
1603039564301,7,1010123456031,74,,1,0,6,1,2,,16.5198,429,0,0.98832,171,0,9,,0,0,0,0,0,0,0,0,0,,1016,838,,0,0,0,0
1603039564551,7,1010123456031,74,,1,0,6,1,2,,16.3447,438,0,0.990496,176,0,9,,0,0,0,0,0,0,0,0,0,,995,822,,0,0,0,0
1603039564801,7,1010123456031,74,,1,0,6,1,2,,15.2263,486,204,0.991776,197,0,8.71429,,0,0,0,0,0,0,0,0,0,,1169,898,,0,0,0,0
1603039565051,7,1010123456031,74,,1,0,6,1,2,,16.4106,414,269,0.990368,166,0,9,,14.1818,11,0,0.1,5,20,0,18.0871,31,,950,822,,0,0,0,2.81818
1603039565301,7,1010123456031,74,,1,0,6,1,2,,16.4575,459,609,0.971168,181,0,9,,0,0,0,0,0,0,0,0,0,,1021,816,,0,0,0,0
1603039565551,7,1010123456031,74,,1,0,6,1,2,,16.4704,406,741,1.01146,168,0,9,,0,0,0,0,0,0,0,0,0,,887,822,,0,0,0,0
1603039565801,7,1010123456031,74,,1,0,6,1,2,,16.7599,404,1788,0.955296,161,0,9,,0,0,0,0,0,0,0,0,0,,924,784,,0,0,0,0
1603039566051,7,1010123456031,74,,1,0,6,1,2,,16.7299,485,1269,1.0137,196,0,9,,13.8,15,0,0.1,6,0,0,19.2545,31,,1234,828,,0,0,0,1
1603039566301,7,1010123456031,74,,1,0,6,1,2,,16.7606,426,778,0.966816,173,0,9,,0,0,0,0,0,0,0,0,0,,985,790,,0,0,0,0
1603039566551,7,1010123456031,74,,1,0,6,1,2,,16.1149,435,0,1.00448,171,0,8.75,,0,0,0,0,0,0,0,0,0,,1028,862,,0,0,0,0
1603039566801,7,1010123456031,74,,1,0,6,1,2,,16.5789,399,0,0.97552,161,0,9,,0,0,0,0,0,0,0,0,0,,896,814,,0,0,0,0
1603039567051,7,1010123456031,74,,1,0,6,1,2,,16.4541,458,0,0.991136,184,0,9,,13.6429,14,0,0.1,5,40,0,14.8729,31,,1063,824,,0,0,0,4.85714
1603039567301,7,1010123456031,74,,1,0,6,1,2,,13.7091,416,2836,0.926752,166,0,7,,0,0,0,0,0,0,0,0,0,,1166,924,,0,0,0,0
1603039567551,7,1010123456031,74,,1,0,6,1,2,,15.9108,471,0,1.04848,188,0,9,,0,0,0,0,0,0,0,0,0,,1088,948,,0,0,0,0
1603039567801,7,1010123456031,74,,1,0,6,1,2,,16.4569,429,752,0.992032,172,0,9,,0,0,0,0,0,0,0,0,0,,944,806,,0,0,0,0
1603039568051,7,1010123456031,74,,1,0,6,1,2,,14.8443,456,269,0.990848,184,0,8.5,,12.5455,11,0,0.1,4,0,0,16.8047,31,,1074,942,,0,0,0,1
1603039568301,7,1010123456031,74,,1,0,6,1,2,,16.5279,394,682,0.989568,160,0,9,,0,0,0,0,0,0,0,0,0,,959,802,,0,0,0,0
1603039568551,7,1010123456031,74,,1,0,6,1,2,,16.6951,446,741,0.981984,182,0,9,,0,0,0,0,0,0,0,0,0,,1099,812,,0,0,0,0
1603039568801,7,1010123456031,74,,1,0,6,1,2,,15.8222,450,3572,0.920832,184,0,8.85714,,0,0,0,0,0,0,0,0,0,,1216,774,,0,0,0,0
1603039569051,7,1010123456031,74,,1,0,6,1,2,,16.7013,452,1433,1.0552,184,0,9,,14.2353,17,0,0.1,6,33.3333,0,15.3383,31,,1161,872,,0,0,0,4.17647
1603039569301,7,1010123456031,74,,1,0,6,1,2,,16.5919,446,0,0.984448,174,0,9,,0,0,0,0,0,0,0,0,0,,987,816,,0,0,0,0
1603039569551,7,1010123456031,74,,1,0,6,1,2,,16.744,418,0,0.983936,166,0,9,,0,0,0,0,0,0,0,0,0,,931,814,,0,0,0,0
1603039569801,7,1010123456031,74,,1,0,6,1,2,,16.6457,429,0,0.990912,171,0,9,,0,0,0,0,0,0,0,0,0,,1103,818,,0,0,0,0
1603039570051,7,1010123456031,74,,1,0,6,1,2,,16.1961,459,0,0.984256,184,0,9,,13.5455,11,0,0.1,4,0,0,21.0301,31,,1170,836,,0,0,0,1
1603039570301,7,1010123456031,74,,1,0,6,1,2,,16.4413,426,588,0.97936,168,0,9,,0,0,0,0,0,0,0,0,0,,1114,810,,0,0,0,0
1603039570551,7,1010123456031,74,,1,0,6,1,2,,16.5267,469,0,0.994496,188,0,9,,0,0,0,0,0,0,0,0,0,,1068,840,,0,0,0,0
1603039570801,7,1010123456031,74,,1,0,6,1,2,,16.4901,402,823,0.98304,158,0,9,,0,0,0,0,0,0,0,0,0,,913,798,,0,0,0,0
1603039571051,7,1010123456031,74,,1,0,6,1,2,,16.325,480,505,1.00118,197,0,9,,13.7143,7,0,0.1,3,0,0,18.5014,31,,1076,838,,0,0,0,1.42857
1603039571301,7,1010123456031,74,,1,0,6,1,2,,15.6022,445,741,0.98832,176,0,8.66667,,0,0,0,0,0,0,0,0,0,,981,884,,0,0,0,0
1603039571551,7,1010123456031,74,,1,0,6,1,2,,15.5676,451,977,0.99312,183,0,8.66667,,0,0,0,0,0,0,0,0,0,,1010,878,,0,0,0,0
1603039571801,7,1010123456031,74,,1,0,6,1,2,,16.5386,414,1213,0.982336,163,0,9,,0,0,0,0,0,0,0,0,0,,891,812,,0,0,0,0
1603039572051,7,1010123456031,74,,1,0,6,1,2,,16.2178,450,1433,0.978304,180,0,9,,14.1333,15,0,0.1,6,16.6667,0,19.1619,31,,1088,824,,0,0,0,2.46667
1603039572301,7,1010123456031,74,,1,0,6,1,2,,16.3282,454,0,0.992384,181,0,9,,0,0,0,0,0,0,0,0,0,,1060,826,,0,0,0,0
1603039572551,7,1010123456031,74,,1,0,6,1,2,,16.2273,418,920,0.94944,169,0,9,,0,0,0,0,0,0,0,0,0,,1100,808,,0,0,0,0
1603039572801,7,1010123456031,74,,1,0,6,1,2,,16.5108,415,0,1.0169,163,0,9,,0,0,0,0,0,0,0,0,0,,926,844,,0,0,0,0
1603039573051,7,1010123456031,74,,1,0,6,1,2,,16.4309,434,0,0.984768,175,0,9,,14.3333,30,0,0.132512,12,16.6667,0,15.9275,31,,972,820,,0,0,0,2.96667
1603039573301,7,1010123456031,74,,1,0,6,1,2,,16.678,410,693,0.989792,162,0,9,,0,0,0,0,0,0,0,0,0,,988,796,,0,0,0,0
1603039573551,7,1010123456031,74,,1,0,6,1,2,,16.8478,460,81,0.99232,184,0,9,,0,0,0,0,0,0,0,0,0,,1040,830,,0,0,0,0
1603039573801,7,1010123456031,74,,1,0,6,1,2,,16.5192,416,505,0.990752,170,0,9,,0,0,0,0,0,0,0,0,0,,954,810,,0,0,0,0
1603039574051,7,1010123456031,74,,1,0,6,1,2,,16.8732,426,666,0.987168,169,0,9.2,,12.625,8,0,0.1,3,0,0,15.7149,31,,1066,802,,0,0,0,1
1603039574301,7,1010123456031,74,,1,0,6,1,2,,15.4199,462,741,0.994848,187,0,8.5,,0,0,0,0,0,0,0,0,0,,1095,900,,0,0,0,0
1603039574551,7,1010123456031,74,,1,0,6,1,2,,16.8431,497,1321,0.988704,202,0,9,,0,0,0,0,0,0,0,0,0,,1197,798,,0,0,0,0
1603039574801,7,1010123456031,74,,1,0,6,1,2,,16.5728,405,1390,0.98624,162,0,9,,0,0,0,0,0,0,0,0,0,,901,820,,0,0,0,0
1603039575051,7,1010123456031,74,,1,0,6,1,2,,16.241,415,1433,0.983264,167,0,9,,2.59459,37,0,0.1,15,0,0,7.05007,31,,934,818,,0,0,0,1
1603039575301,7,1010123456031,74,,1,0,6,1,2,,16.5717,446,46,0.979008,173,0,9,,0,0,0,0,0,0,0,0,0,,1029,820,,0,0,0,0
1603039575551,7,1010123456031,74,,1,0,6,1,2,,15.5443,474,0,0.991168,194,0,8.66667,,0,0,0,0,0,0,0,0,0,,1061,896,,0,0,0,0
1603039575801,7,1010123456031,74,,1,0,6,1,2,,16.4912,399,0,0.982688,156,0,9,,0,0,0,0,0,0,0,0,0,,869,816,,0,0,0,0
1603039576051,7,1010123456031,74,,1,0,6,1,2,,16.3577,397,0,0.982592,160,0,9,,11.3125,32,0,0.126336,13,7.69231,0,14.7739,31,,869,822,,0,0,0,2.53125
1603039576301,7,1010123456031,74,,1,0,6,1,2,,14.9689,482,16,0.988448,193,0,8.5,,0,0,0,0,0,0,0,0,0,,1157,918,,0,0,0,0
1603039576551,7,1010123456031,74,,1,0,6,1,2,,16.4614,427,81,0.991424,171,0,9,,0,0,0,0,0,0,0,0,0,,945,818,,0,0,0,0
1603039576801,7,1010123456031,74,,1,0,6,1,2,,15.5237,422,532,0.988608,169,0,8.85714,,0,0,0,0,0,0,0,0,0,,912,870,,0,0,0,0
1603039577051,7,1010123456031,74,,1,0,6,1,2,,16.4646,396,1033,0.988448,161,0,9,,0,8,0,0,4,100,0,0,0,,944,802,,0,0,0,0
1603039577301,7,1010123456031,74,,1,0,6,1,2,,15.7923,496,741,1.00128,202,0,8.6,,11.3846,13,0,0.1,5,0,0,20.5819,31,,1127,894,,0,0,0,1
1603039577551,7,1010123456031,74,,1,0,6,1,2,,16.6415,424,977,0.981792,169,0,9,,0,0,0,0,0,0,0,0,0,,957,810,,0,0,0,0
1603039577801,7,1010123456031,74,,1,0,6,1,2,,16.3974,458,2645,0.952288,183,0,8,,0,0,0,0,0,0,0,0,0,,1146,792,,0,0,0,0
1603039578051,7,1010123456031,74,,1,0,6,1,2,,15.7534,442,0,1.01658,177,0,9,,13.5455,11,0,0.1,4,0,0,20.1908,31,,1138,902,,0,0,0,1
1603039578301,7,1010123456031,74,,1,0,6,1,2,,16.6049,405,0,0.98784,161,0,9,,0,0,0,0,0,0,0,0,0,,982,818,,0,0,0,0
1603039578551,7,1010123456031,74,,1,0,6,1,2,,16.6028,423,0,0.983552,169,0,9,,0,0,0,0,0,0,0,0,0,,948,816,,0,0,0,0
1603039578801,7,1010123456031,74,,1,0,6,1,2,,16.5303,413,0,0.9824,163,0,9,,0,0,0,0,0,0,0,0,0,,885,818,,0,0,0,0
1603039579051,7,1010123456031,74,,1,0,6,1,2,,16.3366,413,0,0.984512,165,0,9,,14,9,0,0.1,4,0,0,20.7748,31,,1024,826,,0,0,0,1
1603039579301,7,1010123456031,74,,1,0,6,1,2,,16.4836,428,24,0.991712,171,0,9,,0,0,0,0,0,0,0,0,0,,942,820,,0,0,0,0
1603039579551,7,1010123456031,74,,1,0,6,1,2,,16.3028,426,365,0.990976,171,0,9,,0,0,0,0,0,0,0,0,0,,925,820,,0,0,0,0
1603039579801,7,1010123456031,74,,1,0,6,1,2,,16.5617,454,885,0.970816,182,0,9,,0,0,0,0,0,0,0,0,0,,1022,810,,0,0,0,0
1603039580051,7,1010123456031,74,,1,0,6,1,2,,16.5674,423,561,1.01296,175,0,9,,14.8824,17,0,0.1,6,33.3333,0,15.0015,31,,931,826,,0,0,0,4.17647
1603039580301,7,1010123456031,74,,1,0,6,1,2,,16.2838,444,741,0.990944,176,0,9,,0,0,0,0,0,0,0,0,0,,1058,828,,0,0,0,0
1603039580551,7,1010123456031,74,,1,0,6,1,2,,16.5572,411,977,0.988448,169,0,9,,0,0,0,0,0,0,0,0,0,,959,812,,0,0,0,0
1603039580801,7,1010123456031,74,,1,0,6,1,2,,15.2595,524,1213,0.980864,208,0,8.57143,,0,0,0,0,0,0,0,0,0,,1248,890,,0,0,0,0
1603039581051,7,1010123456031,74,,1,0,6,1,2,,16.7673,391,0,0.98352,157,0,9,,15.4286,35,0,0.19248,14,14.2857,0,16.075,31,,847,806,,0,0,0,2.68571
1603039581301,7,1010123456031,74,,1,0,6,1,2,,16.3596,406,0,0.990976,164,0,9,,0,0,0,0,0,0,0,0,0,,920,820,,0,0,0,0
1603039581551,7,1010123456031,74,,1,0,6,1,2,,16.1274,416,0,0.983616,166,0,9,,0,0,0,0,0,0,0,0,0,,949,824,,0,0,0,0
1603039581801,7,1010123456031,74,,1,0,6,1,2,,15.3479,457,0,0.983552,182,0,8.57143,,0,0,0,0,0,0,0,0,0,,1159,896,,0,0,0,0
1603039582051,7,1010123456031,74,,1,0,6,1,2,,16.6498,414,0,0.984256,167,0,9,,12.2727,11,0,0.1,4,0,0,16.7814,31,,917,814,,0,0,0,1
1603039582301,7,1010123456031,74,,1,0,6,1,2,,16.5199,452,16,0.991296,181,0,9,,0,0,0,0,0,0,0,0,0,,1059,824,,0,0,0,0
1603039582551,7,1010123456031,74,,1,0,6,1,2,,16.5208,432,81,0.991232,175,0,9,,0,0,0,0,0,0,0,0,0,,952,822,,0,0,0,0
1603039582801,7,1010123456031,74,,1,0,6,1,2,,16.4251,414,756,0.989408,169,0,9,,0,0,0,0,0,0,0,0,0,,953,804,,0,0,0,0
1603039583051,7,1010123456031,74,,1,0,6,1,2,,16.2694,438,505,0.984672,174,0,9,,5.29412,17,0,0.1,7,0,0,7.25615,31,,1015,832,,0,0,0,1.47059
1603039583301,7,1010123456031,74,,1,0,6,1,2,,16.5575,391,977,0.993408,161,0,9,,0,0,0,0,0,0,0,0,0,,936,802,,0,0,0,0
1603039583551,7,1010123456031,74,,1,0,6,1,2,,16.6544,434,1658,0.959488,170,0,9,,0,0,0,0,0,0,0,0,0,,1013,798,,0,0,0,0
1603039583801,7,1010123456031,74,,1,0,6,1,2,,16.4664,431,1396,1.00282,174,0,9,,0,0,0,0,0,0,0,0,0,,1017,826,,0,0,0,0
1603039584051,7,1010123456031,74,,1,0,6,1,2,,16.5542,406,0,0.997344,165,0,9,,11.3333,9,0,0.1,4,0,0,19.378,31,,898,820,,0,0,0,1
1603039584301,7,1010123456031,74,,1,0,6,1,2,,16.7555,413,0,0.983264,164,0,9,,0,0,0,0,0,0,0,0,0,,919,812,,0,0,0,0
1603039584551,7,1010123456031,74,,1,0,6,1,2,,16.6608,401,0,0.983232,159,0,9,,0,0,0,0,0,0,0,0,0,,857,818,,0,0,0,0
1603039584801,7,1010123456031,74,,1,0,6,1,2,,16.3131,428,0,0.982816,171,0,9,,0,0,0,0,0,0,0,0,0,,1010,824,,0,0,0,0
1603039585051,7,1010123456031,74,,1,0,6,1,2,,16.7852,433,0,0.984384,171,0,9,,13.4286,7,0,0.1,3,0,0,19.3361,31,,924,812,,0,0,0,1
1603039585301,7,1010123456031,74,,1,0,6,1,2,,16.5346,404,204,0.990944,165,0,9,,0,0,0,0,0,0,0,0,0,,913,816,,0,0,0,0
1603039585551,7,1010123456031,74,,1,0,6,1,2,,16.6476,420,269,0.992128,166,0,9,,0,0,0,0,0,0,0,0,0,,897,816,,0,0,0,0
1603039585801,7,1010123456031,74,,1,0,6,1,2,,16.4846,423,505,0.990656,172,0,9,,0,0,0,0,0,0,0,0,0,,926,816,,0,0,0,0
1603039586051,7,1010123456031,74,,1,0,6,1,2,,16.5961,411,902,0.989952,163,0,9,,0,8,0,0,4,100,0,0,0,,902,806,,0,0,0,0
1603039586301,7,1010123456031,74,,1,0,6,1,2,,16.5619,436,977,0.989472,178,0,9.16667,,4.8,5,0,0.1,2,0,0,15.0108,31,,1017,820,,0,0,0,1
1603039586551,7,1010123456031,74,,1,0,6,1,2,,16.5788,482,1213,0.986944,192,0,9,,0,0,0,0,0,0,0,0,0,,1139,812,,0,0,0,0
1603039586801,7,1010123456031,74,,1,0,6,1,2,,13.9694,523,1213,0.993216,210,0,8,,0,0,0,0,0,0,0,0,0,,1297,1014,,0,0,0,0
1603039587051,7,1010123456031,74,,1,0,6,1,2,,15.8476,433,0,0.952064,168,0,7.83333,,10.2857,7,0,0.1,3,0,0,20.0266,31,,1191,910,,0,0,0,1
1603039587301,7,1010123456031,74,,1,0,6,1,2,,16.7288,424,0,1.00163,169,0,9,,0,0,0,0,0,0,0,0,0,,966,810,,0,0,0,0
1603039587551,7,1010123456031,74,,1,0,6,1,2,,16.4342,433,0,0.988864,177,0,9,,0,0,0,0,0,0,0,0,0,,975,822,,0,0,0,0
1603039587801,7,1010123456031,74,,1,0,6,1,2,,16.7434,417,0,0.98208,165,0,9,,0,0,0,0,0,0,0,0,0,,970,812,,0,0,0,0
1603039588051,7,1010123456031,74,,1,0,6,1,2,,16.6553,409,896,0.992288,171,0,9,,13.8833,60,0,0.154176,24,54.1667,0,11.3659,31,,950,790,,0,0,0,6.38333
1603039588301,7,1010123456031,74,,1,0,6,1,2,,16.7765,425,284,0.990912,167,0,9,,0,0,0,0,0,0,0,0,0,,1041,828,,0,0,0,0
1603039588551,8,1010123456031,74,,1,0,6,1,2,,17.2603,365,0,0.989952,149,0,9.83333,,0,0,0,0,0,0,0,0,0,,857,744,,0,0,0,0
1603039588801,8,1010123456031,74,,1,0,6,1,2,,15.4824,427,505,0.990464,169,0,8.71429,,0,0,0,0,0,0,0,0,0,,1018,870,,0,0,0,0
1603039589051,8,1010123456031,74,,1,0,6,1,2,,16.5502,438,741,0.99216,179,0,9,,8.42857,21,0,0.1,8,12.5,0,9.80576,31,,991,812,,0,0,0,4.57143
1603039589301,8,1010123456031,74,,1,0,6,1,2,,16.5748,421,1390,0.983072,170,0,9,,0,0,0,0,0,0,0,0,0,,991,798,,0,0,0,0
1603039589551,8,1010123456031,74,,1,0,6,1,2,,16.6848,479,1269,0.990208,193,0,9,,0,0,0,0,0,0,0,0,0,,1213,820,,0,0,0,0
1603039589801,8,1010123456031,74,,1,0,6,1,2,,16.4893,419,1433,0.982368,166,0,9,,0,0,0,0,0,0,0,0,0,,930,816,,0,0,0,0
1603039590051,8,1010123456031,74,,1,0,6,1,2,,16.3725,451,0,0.980992,177,0,9,,3.16667,24,0,0.1,10,0,0,7.2783,31,,1072,822,,0,0,0,1
1603039590301,7,1010123456031,74,,1,0,6,1,2,,16.7087,412,0,0.973536,163,0,9,,0,0,0,0,0,0,0,0,0,,950,810,,0,0,0,0
1603039590551,7,1010123456031,74,,1,0,6,1,2,,16.4251,407,0,0.994176,164,0,9,,0,0,0,0,0,0,0,0,0,,896,822,,0,0,0,0
1603039590801,7,1010123456031,74,,1,0,6,1,2,,16.4073,410,405,0.982976,165,0,9,,0,0,0,0,0,0,0,0,0,,918,814,,0,0,0,0
1603039591051,7,1010123456031,74,,1,0,6,1,2,,16.6382,398,54,0.989824,158,0,9,,11.1111,9,0,0.1,4,0,0,19.8689,31,,960,824,,0,0,0,1
1603039591301,7,1010123456031,74,,1,0,6,1,2,,15.1983,484,777,0.99184,196,0,8.5,,0,0,0,0,0,0,0,0,0,,1155,892,,0,0,0,0
1603039591551,7,1010123456031,74,,1,0,6,1,2,,16.8154,455,278,0.972544,180,0,9,,0,0,0,0,0,0,0,0,0,,1056,828,,0,0,0,0
1603039591801,7,1010123456031,74,,1,0,6,1,2,,16.8296,399,690,1.00896,164,0,9,,0,0,0,0,0,0,0,0,0,,976,800,,0,0,0,0
1603039592051,7,1010123456031,74,,1,0,6,1,2,,16.7808,406,741,0.989984,164,0,9,,14.7059,17,0,0.1,8,62.5,0,12.8662,31,,951,808,,0,0,0,6.41176
1603039592301,7,1010123456031,74,,1,0,6,1,2,,14.2571,494,1433,0.95488,191,0,8,,0,0,0,0,0,0,0,0,0,,1147,972,,0,0,0,0
1603039592551,7,1010123456031,74,,1,0,6,1,2,,16.5766,444,1213,1.02042,180,0,9,,0,8,0,0.1,4,75,0,0,31,,973,826,,0,0,0,0
1603039592801,7,1010123456031,74,,1,0,6,1,2,,16.4469,414,0,0.97104,163,0,9,,0,0,0,0,0,0,0,0,0,,921,818,,0,0,0,0
1603039593051,7,1010123456031,74,,1,0,6,1,2,,16.6966,468,0,0.99936,192,0,9.16667,,12.3077,13,0,0.1,5,20,0,17.5434,31,,1118,812,,0,0,0,3.07692
1603039593301,7,1010123456031,74,,1,0,6,1,2,,16.9841,377,0,0.979008,147,0,9.33333,,0,0,0,0,0,0,0,0,0,,824,770,,0,0,0,0
1603039593551,7,1010123456031,74,,1,0,6,1,2,,16.3225,400,0,0.983136,160,0,9,,0,0,0,0,0,0,0,0,0,,863,824,,0,0,0,0
1603039593801,7,1010123456031,74,,1,0,6,1,2,,16.6605,430,108,0.98336,170,0,9,,0,0,0,0,0,0,0,0,0,,956,816,,0,0,0,0
1603039594051,7,1010123456031,74,,1,0,6,1,2,,15.2203,454,482,0.966112,180,0,8.66667,,13.5455,11,0,0.1,4,0,0,18.6135,31,,1207,888,,0,0,0,1
1603039594301,7,1010123456031,74,,1,0,6,1,2,,16.7949,429,424,1.01546,173,0,9,,0,0,0,0,0,0,0,0,0,,948,814,,0,0,0,0
1603039594551,7,1010123456031,74,,1,0,6,1,2,,14.6188,446,1386,0.970208,180,0,7.83333,,0,0,0,0,0,0,0,0,0,,1131,942,,0,0,0,0
1603039594801,7,1010123456031,74,,1,0,6,1,2,,16.2476,420,505,1.01251,167,0,9,,0,0,0,0,0,0,0,0,0,,933,854,,0,0,0,0
1603039595051,7,1010123456031,74,,1,0,6,1,2,,16.3455,437,741,0.98704,175,0,9,,14,9,0,0.1,4,0,0,19.7514,31,,1084,820,,0,0,0,1
1603039595301,7,1010123456031,74,,1,0,6,1,2,,16.4592,392,977,0.990528,158,0,9,,0,0,0,0,0,0,0,0,0,,851,812,,0,0,0,0
1603039595551,7,1010123456031,74,,1,0,6,1,2,,16.5619,404,1213,0.959072,157,0,9,,0,0,0,0,0,0,0,0,0,,885,812,,0,0,0,0
1603039595801,7,1010123456031,74,,1,0,6,1,2,,16.8284,472,0,1.01043,193,0,9,,0,0,0,0,0,0,0,0,0,,1098,810,,0,0,0,0
1603039596051,7,1010123456031,74,,1,0,6,1,2,,16.4391,419,0,0.967232,167,0,9,,13.7778,9,0,0.1,4,0,0,19.4819,31,,906,820,,0,0,0,1.55556
1603039596301,7,1010123456031,74,,1,0,6,1,2,,16.223,435,325,0.9776,170,0,8.83333,,0,0,0,0,0,0,0,0,0,,984,824,,0,0,0,0
1603039596551,7,1010123456031,74,,1,0,6,1,2,,16.2744,441,0,1.00682,180,0,9,,0,0,0,0,0,0,0,0,0,,1045,840,,0,0,0,0
1603039596801,7,1010123456031,74,,1,0,6,1,2,,16.5849,436,13,0.983264,171,0,9,,0,0,0,0,0,0,0,0,0,,949,822,,0,0,0,0
1603039597051,7,1010123456031,74,,1,0,6,1,2,,16.6584,445,0,0.991904,180,0,9,,13.6364,11,0,0.1,5,40,0,14.9536,31,,996,816,,0,0,0,4.27273
1603039597301,7,1010123456031,74,,1,0,6,1,2,,16.6545,411,607,0.990944,166,0,9,,0,0,0,0,0,0,0,0,0,,954,798,,0,0,0,0
1603039597551,7,1010123456031,74,,1,0,6,1,2,,16.3534,433,505,0.990176,174,0,9,,0,0,0,0,0,0,0,0,0,,1020,828,,0,0,0,0
1603039597801,7,1010123456031,74,,1,0,6,1,2,,16.3738,404,741,0.991072,164,0,9,,0,0,0,0,0,0,0,0,0,,938,818,,0,0,0,0
1603039598051,7,1010123456031,74,,1,0,6,1,2,,16.5301,432,1063,0.984992,171,0,9,,13.5455,11,0,0.1,4,0,0,19.1289,31,,997,806,,0,0,0,1
1603039598301,7,1010123456031,74,,1,0,6,1,2,,16.8168,453,977,0.985152,180,0,9,,0,0,0,0,0,0,0,0,0,,1120,812,,0,0,0,0
1603039598551,7,1010123456031,74,,1,0,6,1,2,,16.3538,424,1213,0.99472,171,0,9,,0,0,0,0,0,0,0,0,0,,1029,818,,0,0,0,0
1603039598801,7,1010123456031,74,,1,0,6,1,2,,16.608,426,0,0.982976,168,0,9,,0,0,0,0,0,0,0,0,0,,941,812,,0,0,0,0
1603039599051,7,1010123456031,74,,1,0,6,1,2,,16.6797,459,0,0.977152,182,0,9,,14.75,16,0,0.1,6,66.6667,0,8.17196,31,,1077,816,,0,0,0,7.75
1603039599301,7,1010123456031,74,,1,0,6,1,2,,16.6951,387,0,0.982656,157,0,9,,0,0,0,0,0,0,0,0,0,,866,812,,0,0,0,0
1603039599551,7,1010123456031,74,,1,0,6,1,2,,16.4648,454,0,0.984032,181,0,9,,0,0,0,0,0,0,0,0,0,,991,828,,0,0,0,0
1603039599801,7,1010123456031,74,,1,0,6,1,2,,16.373,429,298,0.990304,173,0,9,,0,0,0,0,0,0,0,0,0,,983,820,,0,0,0,0
1603039600051,7,1010123456031,74,,1,0,6,1,2,,16.0903,410,371,0.991744,166,0,9,,11.1111,9,0,0.1,4,0,0,20.276,31,,936,832,,0,0,0,1
1603039600301,7,1010123456031,74,,1,0,6,1,2,,16.3434,498,544,0.992448,198,0,9,,0,0,0,0,0,0,0,0,0,,1126,824,,0,0,0,0
1603039600551,7,1010123456031,74,,1,0,6,1,2,,16.7102,452,269,0.991616,180,0,9,,0,0,0,0,0,0,0,0,0,,1052,824,,0,0,0,0
1603039600801,7,1010123456031,74,,1,0,6,1,2,,16.6429,406,505,0.99056,164,0,9,,0,0,0,0,0,0,0,0,0,,885,804,,0,0,0,0
1603039601051,7,1010123456031,74,,1,0,6,1,2,,16.476,416,765,0.988992,165,0,9,,13.9487,39,0,0.15264,17,35.2941,0,14.0487,31,,961,810,,0,0,0,4.05128
1603039601301,7,1010123456031,74,,1,0,6,1,2,,16.6025,405,1154,0.98336,159,0,9,,0,0,0,0,0,0,0,0,0,,881,806,,0,0,0,0
1603039601551,7,1010123456031,74,,1,0,6,1,2,,16.555,436,1433,0.98384,176,0,9,,0,0,0,0,0,0,0,0,0,,956,812,,0,0,0,0
1603039601801,7,1010123456031,74,,1,0,6,1,2,,16.7506,425,0,0.983392,170,0,9,,0,0,0,0,0,0,0,0,0,,957,812,,0,0,0,0
1603039602051,7,1010123456031,74,,1,0,6,1,2,,16.6186,409,0,0.983552,164,0,9,,13.5455,11,0,0.1,4,0,0,20.3675,31,,965,814,,0,0,0,1
1603039602301,7,1010123456031,74,,1,0,6,1,2,,16.6076,446,373,0.976352,177,0,9,,0,0,0,0,0,0,0,0,0,,1018,808,,0,0,0,0
1603039602551,7,1010123456031,74,,1,0,6,1,2,,15.5055,453,0,0.992224,180,0,8.66667,,0,0,0,0,0,0,0,0,0,,995,900,,0,0,0,0
1603039602801,7,1010123456031,74,,1,0,6,1,2,,15.2668,446,24,0.9912,179,0,8.71429,,0,0,0,0,0,0,0,0,0,,1027,892,,0,0,0,0
1603039603051,7,1010123456031,74,,1,0,6,1,2,,16.586,430,145,0.991296,174,0,9,,12.8182,22,0,0.1,9,44.4444,0,12.0725,31,,993,816,,0,0,0,5.09091
1603039603301,7,1010123456031,74,,1,0,6,1,2,,16.6253,403,269,0.990528,163,0,9,,0,0,0,0,0,0,0,0,0,,884,812,,0,0,0,0
1603039603551,7,1010123456031,74,,1,0,6,1,2,,16.5461,412,505,0.991488,167,0,9,,0,0,0,0,0,0,0,0,0,,1018,818,,0,0,0,0
1603039603801,7,1010123456031,74,,1,0,6,1,2,,16.4545,418,902,0.992032,170,0,9,,0,0,0,0,0,0,0,0,0,,936,808,,0,0,0,0
1603039604051,7,1010123456031,74,,1,0,6,1,2,,16.7707,410,977,0.98592,163,0,9.16667,,14.2727,11,0,0.1,4,0,0,18.9321,31,,909,800,,0,0,0,1
1603039604301,7,1010123456031,74,,1,0,6,1,2,,16.5578,450,1512,0.960384,174,0,9,,0,0,0,0,0,0,0,0,0,,990,808,,0,0,0,0
1603039604551,7,1010123456031,74,,1,0,6,1,2,,16.4874,398,1433,1.00928,164,0,9,,0,0,0,0,0,0,0,0,0,,905,820,,0,0,0,0
1603039604801,7,1010123456031,74,,1,0,6,1,2,,16.3626,433,0,0.97648,173,0,9,,0,0,0,0,0,0,0,0,0,,1077,824,,0,0,0,0
1603039605051,7,1010123456031,74,,1,0,6,1,2,,16.3873,426,0,0.990848,171,0,9,,13.2727,11,0,0.1,4,0,0,19.7241,31,,937,824,,0,0,0,1.45455
1603039605301,7,1010123456031,74,,1,0,6,1,2,,16.5012,431,0,0.984,172,0,9,,0,0,0,0,0,0,0,0,0,,952,822,,0,0,0,0
1603039605551,7,1010123456031,74,,1,0,6,1,2,,16.4273,440,0,0.984288,177,0,9,,0,0,0,0,0,0,0,0,0,,979,826,,0,0,0,0
1603039605801,7,1010123456031,74,,1,0,6,1,2,,16.4094,425,24,0.99008,171,0,9,,0,0,0,0,0,0,0,0,0,,931,824,,0,0,0,0
1603039606051,7,1010123456031,74,,1,0,6,1,2,,16.5159,473,194,0.99168,191,0,9,,14.7,10,0,0.1,4,0,0,18.5479,31,,1164,820,,0,0,0,1
1603039606301,7,1010123456031,74,,1,0,6,1,2,,16.5375,400,455,0.966624,159,0,9,,0,0,0,0,0,0,0,0,0,,887,816,,0,0,0,0
1603039606551,7,1010123456031,74,,1,0,6,1,2,,16.7523,436,505,1.01466,179,0,9,,0,0,0,0,0,0,0,0,0,,1018,810,,0,0,0,0
1603039606801,7,1010123456031,74,,1,0,6,1,2,,16.5281,409,1536,0.970624,164,0,9,,0,6,0,0.1,3,66.6667,0,0,31,,952,792,,0,0,0,0
1603039607051,7,1010123456031,74,,1,0,6,1,2,,16.377,488,977,1.00403,193,0,9,,6.68421,19,0,0.1,8,0,0,16.5328,31,,1155,842,,0,0,0,1.73684
1603039607301,7,1010123456031,74,,1,0,6,1,2,,16.0955,398,1213,0.989024,162,0,9,,0,0,0,0,0,0,0,0,0,,1003,824,,0,0,0,0
1603039607551,7,1010123456031,74,,1,0,6,1,2,,15.0304,460,0,0.985152,186,0,8.5,,0,0,0,0,0,0,0,0,0,,1074,910,,0,0,0,0
1603039607801,7,1010123456031,74,,1,0,6,1,2,,16.3554,408,0,0.982752,162,0,9,,0,0,0,0,0,0,0,0,0,,883,826,,0,0,0,0
1603039608051,7,1010123456031,74,,1,0,6,1,2,,16.3627,408,0,0.98304,161,0,9,,13.8182,11,0,0.1,5,20,0,17.8359,31,,951,826,,0,0,0,2.81818
1603039608301,7,1010123456031,74,,1,0,6,1,2,,16.7111,405,0,0.982848,163,0,9,,0,0,0,0,0,0,0,0,0,,883,814,,0,0,0,0
1603039608551,7,1010123456031,74,,1,0,6,1,2,,16.5804,448,464,0.97936,179,0,9,,0,0,0,0,0,0,0,0,0,,1050,804,,0,0,0,0
1603039608801,7,1010123456031,74,,1,0,6,1,2,,16.5049,412,16,0.995552,166,0,9,,0,0,0,0,0,0,0,0,0,,921,832,,0,0,0,0
1603039609051,7,1010123456031,74,,1,0,6,1,2,,17.0973,401,371,0.990176,162,0,10,,15.5849,53,0,0.157504,22,54.5455,0,10.051,31,,892,758,,0,0,0,6.43396
1603039609301,7,1010123456031,74,,1,0,6,1,2,,16.7035,425,269,0.989728,173,0,9,,0,0,0,0,0,0,0,0,0,,1015,812,,0,0,0,0
1603039609551,7,1010123456031,74,,1,0,6,1,2,,16.3063,431,505,0.992128,173,0,9,,0,0,0,0,0,0,0,0,0,,1019,826,,0,0,0,0
1603039609801,7,1010123456031,74,,1,0,6,1,2,,16.719,420,741,0.991264,170,0,9,,0,0,0,0,0,0,0,0,0,,1048,810,,0,0,0,0
1603039610051,7,1010123456031,74,,1,0,6,1,2,,16.3894,434,1390,0.973792,172,0,9,,14.2143,14,0,0.1,5,40,0,14.18,31,,977,808,,0,0,0,4.85714
1603039610301,7,1010123456031,74,,1,0,6,1,2,,16.8274,446,1213,0.999456,182,0,9,,0,0,0,0,0,0,0,0,0,,998,818,,0,0,0,0
1603039610551,7,1010123456031,74,,1,0,6,1,2,,16.6854,410,0,0.954016,161,0,9,,0,0,0,0,0,0,0,0,0,,1038,808,,0,0,0,0
1603039610801,7,1010123456031,74,,1,0,6,1,2,,13.8147,475,0,0.996928,190,0,8,,0,0,0,0,0,0,0,0,0,,1215,1012,,0,0,0,0
1603039611051,7,1010123456031,74,,1,0,6,1,2,,16.5877,439,0,1.0008,180,0,9,,13.5455,11,0,0.1,4,0,0,19.8692,31,,986,818,,0,0,0,1
1603039611301,7,1010123456031,74,,1,0,6,1,2,,16.4179,402,0,0.98256,161,0,9,,0,0,0,0,0,0,0,0,0,,926,818,,0,0,0,0
1603039611551,7,1010123456031,74,,1,0,6,1,2,,16.5242,475,0,0.983872,190,0,9,,0,0,0,0,0,0,0,0,0,,1096,824,,0,0,0,0
1603039611801,7,1010123456031,74,,1,0,6,1,2,,16.319,420,177,0.990112,167,0,9,,0,0,0,0,0,0,0,0,0,,1024,822,,0,0,0,0
1603039612051,7,1010123456031,74,,1,0,6,1,2,,16.3692,428,269,0.990912,172,0,9,,13.7778,9,0,0.1,4,0,0,18.9565,31,,936,824,,0,0,0,1
1603039612301,7,1010123456031,74,,1,0,6,1,2,,16.3523,440,728,0.958336,174,0,9,,0,0,0,0,0,0,0,0,0,,1005,812,,0,0,0,0
1603039612551,7,1010123456031,74,,1,0,6,1,2,,16.5739,413,948,1.02349,169,0,9,,0,0,0,0,0,0,0,0,0,,924,812,,0,0,0,0
1603039612801,7,1010123456031,74,,1,0,6,1,2,,16.5282,443,741,0.991648,177,0,9,,0,0,0,0,0,0,0,0,0,,979,824,,0,0,0,0
1603039613051,7,1010123456031,74,,1,0,6,1,2,,16.531,420,1558,0.968928,166,0,9,,14.3333,39,0,0.187136,16,25,0,14.0769,31,,948,802,,0,0,0,3.30769
1603039613301,7,1010123456031,74,,1,0,6,1,2,,16.6485,421,1245,1.00282,171,0,9,,0,0,0,0,0,0,0,0,0,,1114,820,,0,0,0,0
1603039613551,7,1010123456031,74,,1,0,6,1,2,,16.9403,385,0,0.975072,154,0,9,,0,0,0,0,0,0,0,0,0,,853,800,,0,0,0,0
1603039613801,7,1010123456031,74,,1,0,6,1,2,,16.3188,436,0,0.983616,173,0,9,,0,0,0,0,0,0,0,0,0,,977,826,,0,0,0,0
1603039614051,7,1010123456031,74,,1,0,6,1,2,,16.8031,447,0,0.984288,177,0,9,,13.5417,24,0,0.1,10,50,0,13.3476,31,,1011,812,,0,0,0,5.58333
1603039614301,7,1010123456031,74,,1,0,6,1,2,,16.6261,436,504,0.983872,177,0,9,,0,0,0,0,0,0,0,0,0,,1001,804,,0,0,0,0
1603039614551,7,1010123456031,74,,1,0,6,1,2,,16.71,400,183,0.989824,160,0,9,,0,0,0,0,0,0,0,0,0,,955,820,,0,0,0,0
1603039614801,7,1010123456031,74,,1,0,6,1,2,,16.5531,461,786,0.99216,186,0,9,,0,0,0,0,0,0,0,0,0,,1092,804,,0,0,0,0
1603039615051,7,1010123456031,74,,1,0,6,1,2,,16.5861,476,880,0.991968,188,0,9,,11.6667,6,0,0.1,3,0,0,22.0987,31,,1071,820,,0,0,0,1
1603039615301,7,1010123456031,74,,1,0,6,1,2,,16.4257,444,464,0.99184,180,0,9,,0,0,0,0,0,0,0,0,0,,1016,836,,0,0,0,0
1603039615551,7,1010123456031,74,,1,0,6,1,2,,16.73,463,505,0.991648,184,0,9,,0,0,0,0,0,0,0,0,0,,1011,816,,0,0,0,0
1603039615801,7,1010123456031,74,,1,0,6,1,2,,15.1614,477,1138,0.98736,194,0,8.57143,,0,0,0,0,0,0,0,0,0,,1108,900,,0,0,0,0
1603039616051,7,1010123456031,74,,1,0,6,1,2,,16.331,432,1390,0.971968,169,0,9,,14,9,0,0.1,4,0,0,18.118,31,,974,816,,0,0,0,1
1603039616301,7,1010123456031,74,,1,0,6,1,2,,16.7156,422,1433,0.993088,172,0,9,,0,0,0,0,0,0,0,0,0,,969,812,,0,0,0,0
1603039616551,7,1010123456031,74,,1,0,6,1,2,,16.1766,436,0,0.98832,175,0,8.83333,,0,0,0,0,0,0,0,0,0,,1195,834,,0,0,0,0
1603039616801,7,1010123456031,74,,1,0,6,1,2,,16.2734,406,0,0.98352,163,0,9,,0,0,0,0,0,0,0,0,0,,884,824,,0,0,0,0
1603039617051,7,1010123456031,74,,1,0,6,1,2,,16.3153,406,0,0.983072,160,0,9,,10.2857,7,0,0.1,3,0,0,18.0996,31,,898,826,,0,0,0,1
1603039617301,7,1010123456031,74,,1,0,6,1,2,,16.5822,450,0,0.984832,177,0,9,,0,0,0,0,0,0,0,0,0,,1004,820,,0,0,0,0
1603039617551,7,1010123456031,74,,1,0,6,1,2,,16.7237,427,0,0.986688,172,0,9,,0,0,0,0,0,0,0,0,0,,978,812,,0,0,0,0
1603039617801,7,1010123456031,74,,1,0,6,1,2,,16.5528,407,204,0.99328,162,0,9,,0,0,0,0,0,0,0,0,0,,890,814,,0,0,0,0
1603039618051,7,1010123456031,74,,1,0,6,1,2,,16.2265,415,1223,0.973312,166,0,9,,13.5455,11,0,0.1,4,0,0,20.727,31,,934,804,,0,0,0,1
1603039618301,7,1010123456031,74,,1,0,6,1,2,,16.4702,419,505,1.00755,169,0,9,,0,0,0,0,0,0,0,0,0,,942,840,,0,0,0,0
1603039618551,7,1010123456031,74,,1,0,6,1,2,,16.819,453,795,0.959616,178,0,9,,0,0,0,0,0,0,0,0,0,,1075,806,,0,0,0,0
1603039618801,7,1010123456031,74,,1,0,6,1,2,,16.4636,412,1611,1.00074,168,0,9,,0,0,0,0,0,0,0,0,0,,982,800,,0,0,0,0
1603039619051,7,1010123456031,74,,1,0,6,1,2,,16.9952,413,1213,0.990176,165,0,9.16667,,14,9,0,0.1,4,0,0,20.8999,31,,1013,808,,0,0,0,1
1603039619301,7,1010123456031,74,,1,0,6,1,2,,15.6953,443,1433,0.998464,180,0,8.83333,,0,0,0,0,0,0,0,0,0,,1079,860,,0,0,0,0
1603039619551,7,1010123456031,74,,1,0,6,1,2,,16.1923,442,0,0.982464,176,0,9,,0,0,0,0,0,0,0,0,0,,1144,832,,0,0,0,0
1603039619801,7,1010123456031,74,,1,0,6,1,2,,16.4808,416,309,0.977856,164,0,8.57143,,0,0,0,0,0,0,0,0,0,,1007,822,,0,0,0,0
1603039620051,7,1010123456031,74,,1,0,6,1,2,,15.3693,482,0,0.991456,194,0,9,,13.75,16,0,0.1,7,42.8571,0,12.7289,31,,1068,918,,0,0,0,5.25
1603039620301,7,1010123456031,74,,1,0,6,1,2,,16.3636,440,0,0.983008,174,0,9,,0,8,0,0.1,4,75,0,0,31,,1040,830,,0,0,0,0
1603039620551,7,1010123456031,74,,1,0,6,1,2,,16.6805,435,0,0.991424,176,0,9,,0,0,0,0,0,0,0,0,0,,995,816,,0,0,0,0
1603039620801,7,1010123456031,74,,1,0,6,1,2,,16.4662,399,204,0.989888,160,0,9,,0,0,0,0,0,0,0,0,0,,862,814,,0,0,0,0
1603039621051,7,1010123456031,74,,1,0,6,1,2,,16.2554,462,269,0.990752,186,0,9,,13.625,8,0,0.1,3,0,0,21.2222,31,,1014,834,,0,0,0,1
1603039621301,7,1010123456031,74,,1,0,6,1,2,,16.7057,384,666,0.99216,158,0,9,,0,0,0,0,0,0,0,0,0,,847,804,,0,0,0,0
1603039621551,7,1010123456031,74,,1,0,6,1,2,,16.6729,425,741,0.99152,174,0,9,,0,0,0,0,0,0,0,0,0,,965,818,,0,0,0,0
1603039621801,7,1010123456031,74,,1,0,6,1,2,,16.6488,410,977,0.9872,164,0,9,,0,0,0,0,0,0,0,0,0,,918,806,,0,0,0,0
1603039622051,7,1010123456031,74,,1,0,6,1,2,,16.3878,459,2552,0.940736,180,0,9,,11.4,10,0,0.1,4,0,0,14.5763,31,,1103,786,,0,0,0,1.4
1603039622301,7,1010123456031,74,,1,0,6,1,2,,16.5846,467,0,1.00813,188,0,9,,0,0,0,0,0,0,0,0,0,,1054,848,,0,0,0,0
1603039622551,7,1010123456031,74,,1,0,6,1,2,,16.3248,428,0,1.00394,174,0,9,,0,0,0,0,0,0,0,0,0,,966,826,,0,0,0,0
1603039622801,7,1010123456031,74,,1,0,6,1,2,,16.5688,436,0,0.984064,171,0,9,,0,0,0,0,0,0,0,0,0,,954,822,,0,0,0,0
1603039623051,7,1010123456031,74,,1,0,6,1,2,,16.2709,406,0,0.983616,164,0,9,,11.5556,9,0,0.1,4,0,0,19.2881,31,,912,828,,0,0,0,1
1603039623301,7,1010123456031,74,,1,0,6,1,2,,15.8438,448,822,0.978368,177,0,8.4,,0,0,0,0,0,0,0,0,0,,996,852,,0,0,0,0
1603039623551,7,1010123456031,74,,1,0,6,1,2,,15.9405,437,0,0.996736,175,0,9,,0,0,0,0,0,0,0,0,0,,961,880,,0,0,0,0
1603039623801,7,1010123456031,74,,1,0,6,1,2,,16.6068,384,365,0.983008,152,0,9,,0,0,0,0,0,0,0,0,0,,850,804,,0,0,0,0
1603039624051,7,1010123456031,74,,1,0,6,1,2,,16.7395,430,1108,0.981056,175,0,9,,13.7778,9,0,0.1,4,0,0,19.7082,31,,1148,794,,0,0,0,1
1603039624301,7,1010123456031,74,,1,0,6,1,2,,16.6659,452,1044,1.00173,184,0,9,,0,0,0,0,0,0,0,0,0,,1071,818,,0,0,0,0
1603039624551,7,1010123456031,74,,1,0,6,1,2,,16.7015,402,741,0.996704,162,0,9,,0,0,0,0,0,0,0,0,0,,939,820,,0,0,0,0
1603039624801,7,1010123456031,74,,1,0,6,1,2,,13.3365,526,977,0.976416,208,0,8,,0,0,0,0,0,0,0,0,0,,1324,1052,,0,0,0,0
1603039625051,7,1010123456031,74,,1,0,6,1,2,,15,487,1213,1.00227,201,0,7.83333,,14.1818,11,0,0.1,5,20,0,17.2176,31,,1249,954,,0,0,0,2.81818
1603039625301,7,1010123456031,74,,1,0,6,1,2,,16.4596,433,0,0.98384,173,0,9,,0,0,0,0,0,0,0,0,0,,1005,816,,0,0,0,0
1603039625551,7,1010123456031,74,,1,0,6,1,2,,16.4112,428,0,0.97968,171,0,9,,0,0,0,0,0,0,0,0,0,,937,820,,0,0,0,0
1603039625801,7,1010123456031,74,,1,0,6,1,2,,16.5767,404,0,0.978112,163,0,9,,0,0,0,0,0,0,0,0,0,,1039,818,,0,0,0,0
1603039626051,7,1010123456031,74,,1,0,6,1,2,,13.6404,456,690,0.98416,182,0,7.33333,,15.0571,35,0,0.1912,14,14.2857,0,15.3303,31,,1216,1000,,0,0,0,2.25714
1603039626301,7,1010123456031,74,,1,0,6,1,2,,14.4718,496,545,0.993184,198,0,8.5,,0,0,0,0,0,0,0,0,0,,1155,938,,0,0,0,0
1603039626551,7,1010123456031,74,,1,0,6,1,2,,16.6743,439,0,0.9912,175,0,9,,0,0,0,0,0,0,0,0,0,,1034,828,,0,0,0,0
1603039626801,7,1010123456031,74,,1,0,6,1,2,,16.2397,413,204,0.990272,167,0,9,,0,0,0,0,0,0,0,0,0,,906,824,,0,0,0,0
1603039627051,7,1010123456031,74,,1,0,6,1,2,,16.5955,440,470,0.991328,175,0,9.16667,,14.4286,14,0,0.1,5,20,0,16.8053,31,,960,802,,0,0,0,3.14286
1603039627301,7,1010123456031,74,,1,0,6,1,2,,16.0496,403,1105,0.970784,163,0,9,,0,0,0,0,0,0,0,0,0,,915,818,,0,0,0,0
1603039627551,7,1010123456031,74,,1,0,6,1,2,,16.5087,462,741,1.00854,184,0,9,,0,0,0,0,0,0,0,0,0,,1021,828,,0,0,0,0
1603039627801,7,1010123456031,74,,1,0,6,1,2,,16.6985,388,1213,0.984896,159,0,9,,0,0,0,0,0,0,0,0,0,,854,800,,0,0,0,0
1603039628051,7,1010123456031,74,,1,0,6,1,2,,16.4351,439,1433,0.984288,175,0,9,,14.1,10,0,0.1,4,0,0,17.9994,31,,966,822,,0,0,0,1
1603039628301,7,1010123456031,74,,1,0,6,1,2,,16.4374,439,507,0.951296,170,0,9,,0,0,0,0,0,0,0,0,0,,1028,808,,0,0,0,0
1603039628551,7,1010123456031,74,,1,0,6,1,2,,16.8501,447,756,0.9904,183,0,9,,0,0,0,0,0,0,0,0,0,,1057,808,,0,0,0,0
1603039628801,7,1010123456031,74,,1,0,6,1,2,,16.2668,431,0,1.01635,173,0,9,,0,0,0,0,0,0,0,0,0,,972,846,,0,0,0,0
1603039629051,7,1010123456031,74,,1,0,6,1,2,,16.3005,396,1028,0.96736,158,0,9,,14,9,0,0.1,4,0,0,20.0017,31,,989,794,,0,0,0,1
1603039629301,7,1010123456031,74,,1,0,6,1,2,,16.404,453,0,0.999168,182,0,9,,0,0,0,0,0,0,0,0,0,,1003,852,,0,0,0,0
1603039629551,7,1010123456031,74,,1,0,6,1,2,,16.5747,442,162,0.97712,177,0,9,,0,0,0,0,0,0,0,0,0,,1052,812,,0,0,0,0
1603039629801,7,1010123456031,74,,1,0,6,1,2,,16.6495,428,625,0.998912,171,0,9,,0,0,0,0,0,0,0,0,0,,980,804,,0,0,0,0
1603039630051,7,1010123456031,74,,1,0,6,1,2,,16.5983,468,666,0.973216,185,0,9,,12,8,0,0.1,3,0,0,10.1606,31,,1053,820,,0,0,0,2.125
1603039630301,7,1010123456031,74,,1,0,6,1,2,,16.613,416,741,1.01645,174,0,9,,0,0,0,0,0,0,0,0,0,,918,814,,0,0,0,0
1603039630551,7,1010123456031,74,,1,0,6,1,2,,15.9764,424,977,0.973952,167,0,9,,0,0,0,0,0,0,0,0,0,,931,828,,0,0,0,0
1603039630801,7,1010123456031,74,,1,0,6,1,2,,16.7055,421,1390,0.992928,167,0,9,,0,0,0,0,0,0,0,0,0,,954,806,,0,0,0,0
1603039631051,7,1010123456031,74,,1,0,6,1,2,,16.5256,449,2406,0.94352,180,0,9,,4.91667,12,0,0.1,5,0,0,10.0529,31,,1192,794,,0,0,0,1.16667
1603039631301,7,1010123456031,74,,1,0,6,1,2,,16.8385,452,947,0.980256,179,0,9,,0,0,0,0,0,0,0,0,0,,1207,810,,0,0,0,0
1603039631551,7,1010123456031,74,,1,0,6,1,2,,16.929,451,0,1.03779,184,0,9,,0,0,0,0,0,0,0,0,0,,1032,838,,0,0,0,0
1603039631801,7,1010123456031,74,,1,0,6,1,2,,16.6048,415,0,0.976096,166,0,9.14286,,0,0,0,0,0,0,0,0,0,,948,812,,0,0,0,0
1603039632051,7,1010123456031,74,,1,0,6,1,2,,15.6364,429,0,0.982688,170,0,8.66667,,13.2727,11,0,0.1,4,0,0,20.0756,31,,915,876,,0,0,0,1
1603039632301,7,1010123456031,74,,1,0,6,1,2,,16.6321,405,48,0.991584,165,0,9,,0,0,0,0,0,0,0,0,0,,940,816,,0,0,0,0
1603039632551,7,1010123456031,74,,1,0,6,1,2,,16.5329,441,177,0.99104,178,0,9,,0,0,0,0,0,0,0,0,0,,984,818,,0,0,0,0
1603039632801,7,1010123456031,74,,1,0,6,1,2,,16.5563,462,269,0.992608,185,0,9,,0,0,0,0,0,0,0,0,0,,1080,822,,0,0,0,0
1603039633051,7,1010123456031,74,,1,0,6,1,2,,16.6651,436,505,0.977728,171,0,9,,13.5556,9,0,0.1,4,0,0,19.9309,31,,1010,810,,0,0,0,1
1603039633301,7,1010123456031,74,,1,0,6,1,2,,16.4955,446,902,0.987232,179,0,9,,0,0,0,0,0,0,0,0,0,,1021,816,,0,0,0,0
1603039633551,7,1010123456031,74,,1,0,6,1,2,,14.8621,464,977,1.00886,188,0,8.5,,0,0,0,0,0,0,0,0,0,,1026,930,,0,0,0,0
1603039633801,7,1010123456031,74,,1,0,6,1,2,,16.2302,430,1562,0.965184,169,0,8.85714,,0,0,0,0,0,0,0,0,0,,1044,822,,0,0,0,0
1603039634051,7,1010123456031,74,,1,0,6,1,2,,16.6413,421,1433,0.999392,171,0,9,,12.25,8,0,0.1,3,0,0,21.7417,31,,917,822,,0,0,0,1
1603039634301,7,1010123456031,74,,1,0,6,1,2,,15.2437,476,0,0.990176,192,0,8.66667,,0,0,0,0,0,0,0,0,0,,1114,908,,0,0,0,0
1603039634551,7,1010123456031,74,,1,0,6,1,2,,16.6205,419,0,0.98368,165,0,9,,0,0,0,0,0,0,0,0,0,,909,818,,0,0,0,0
1603039634801,7,1010123456031,74,,1,0,6,1,2,,14.7019,463,83,0.98448,185,0,8.42857,,0,0,0,0,0,0,0,0,0,,1104,938,,0,0,0,0
1603039635051,7,1010123456031,74,,1,0,6,1,2,,16.4353,402,2141,0.924352,163,0,9,,13.5455,11,0,0.1,4,0,0,21.2728,31,,1086,768,,0,0,0,1
1603039635301,7,1010123456031,74,,1,0,6,1,2,,16.9293,467,16,1.04845,183,0,9,,0,0,0,0,0,0,0,0,0,,1145,866,,0,0,0,0
1603039635551,7,1010123456031,74,,1,0,6,1,2,,16.7679,448,81,0.990144,180,0,9,,0,0,0,0,0,0,0,0,0,,1210,812,,0,0,0,0
1603039635801,7,1010123456031,74,,1,0,6,1,2,,16.469,420,1926,0.95168,167,0,9,,0,0,0,0,0,0,0,0,0,,944,772,,0,0,0,0
1603039636051,7,1010123456031,74,,1,0,6,1,2,,15.4694,458,505,1.03222,186,0,8.66667,,11.6667,12,0,0.1,5,0,0,20.379,31,,1023,930,,0,0,0,1
1603039636301,7,1010123456031,74,,1,0,6,1,2,,16.6024,410,2007,0.930624,162,0,9,,0,0,0,0,0,0,0,0,0,,1096,778,,0,0,0,0
1603039636551,7,1010123456031,74,,1,0,6,1,2,,16.6337,415,977,1.04634,170,0,9,,0,0,0,0,0,0,0,0,0,,903,840,,0,0,0,0
1603039636801,7,1010123456031,74,,1,0,6,1,2,,17.2132,408,1213,0.984928,164,0,9.42857,,0,0,0,0,0,0,0,0,0,,933,768,,0,0,0,0
1603039637051,7,1010123456031,74,,1,0,6,1,2,,16.3807,415,0,0.982592,169,0,9,,14.0645,31,0,0.1,13,53.8462,0,14.4883,31,,954,820,,0,0,0,5.64516
1603039637301,7,1010123456031,74,,1,0,6,1,2,,16.202,406,0,0.983168,163,0,9,,0,0,0,0,0,0,0,0,0,,886,828,,0,0,0,0
1603039637551,7,1010123456031,74,,1,0,6,1,2,,16.6715,417,0,0.983392,167,0,9,,0,0,0,0,0,0,0,0,0,,907,814,,0,0,0,0
1603039637801,7,1010123456031,74,,1,0,6,1,2,,16.6565,428,0,0.98384,170,0,9,,0,0,0,0,0,0,0,0,0,,995,816,,0,0,0,0
1603039638051,7,1010123456031,74,,1,0,6,1,2,,16.484,438,118,0.983456,174,0,9,,9.5,10,0,0.1,4,0,0,25.0997,31,,962,814,,0,0,0,1
1603039638301,7,1010123456031,74,,1,0,6,1,2,,16.357,451,64,0.992352,181,0,9,,0,0,0,0,0,0,0,0,0,,1006,834,,0,0,0,0
1603039638551,7,1010123456031,74,,1,0,6,1,2,,16.5012,411,240,0.967328,162,0,9,,0,0,0,0,0,0,0,0,0,,967,814,,0,0,0,0
1603039638801,7,1010123456031,74,,1,0,6,1,2,,16.5362,442,430,1.01318,179,0,9,,0,0,0,0,0,0,0,0,0,,979,810,,0,0,0,0
1603039639051,7,1010123456031,74,,1,0,6,1,2,,16.3709,461,505,0.992448,184,0,9,,15.0435,23,0,0.1,8,62.5,0,10.9331,31,,1008,826,,0,0,0,7
1603039639301,7,1010123456031,74,,1,0,6,1,2,,16.4613,401,739,0.985504,163,0,9,,0,0,0,0,0,0,0,0,0,,888,812,,0,0,0,0
1603039639551,7,1010123456031,74,,1,0,6,1,2,,16.6244,434,977,0.991584,173,0,9,,0,0,0,0,0,0,0,0,0,,1077,810,,0,0,0,0
1603039639801,7,1010123456031,74,,1,0,6,1,2,,16.5839,435,1213,0.984832,174,0,9,,0,0,0,0,0,0,0,0,0,,962,812,,0,0,0,0
1603039640051,7,1010123456031,74,,1,0,6,1,2,,17.7102,421,0,0.982976,169,0,10,,14.2727,66,0,0.133536,27,62.963,0,10.598,31,,966,730,,0,0,0,6.65152
1603039640301,7,1010123456031,74,,1,0,6,1,2,,15.9841,440,0,0.984,176,0,9,,0,0,0,0,0,0,0,0,0,,1015,838,,0,0,0,0
1603039640551,7,1010123456031,74,,1,0,6,1,2,,16.1659,422,0,0.97232,167,0,9,,0,0,0,0,0,0,0,0,0,,991,834,,0,0,0,0
1603039640801,7,1010123456031,74,,1,0,6,1,2,,15.6348,419,0,0.993504,166,0,8.85714,,0,0,0,0,0,0,0,0,0,,950,858,,0,0,0,0
1603039641051,7,1010123456031,74,,1,0,6,1,2,,16.2928,461,0,0.98336,186,0,9,,14.2727,11,0,0.1,4,0,0,19.3649,31,,1081,830,,0,0,0,1
1603039641301,7,1010123456031,74,,1,0,6,1,2,,16.5321,421,16,0.99104,170,0,9,,0,0,0,0,0,0,0,0,0,,921,818,,0,0,0,0
1603039641551,7,1010123456031,74,,1,0,6,1,2,,14.0383,444,3343,0.921888,180,0,8.16667,,0,0,0,0,0,0,0,0,0,,1036,884,,0,0,0,0
1603039641801,7,1010123456031,74,,1,0,6,1,2,,16.635,485,269,1.06285,197,0,9,,0,0,0,0,0,0,0,0,0,,1168,908,,0,0,0,0
1603039642051,7,1010123456031,74,,1,0,6,1,2,,16.4891,460,902,0.98688,186,0,9,,8.85714,21,0,0.1,8,12.5,0,16.1634,31,,1063,808,,0,0,0,2.71429
1603039642301,7,1010123456031,74,,1,0,6,1,2,,16.3476,443,977,0.99792,179,0,9,,0,0,0,0,0,0,0,0,0,,994,828,,0,0,0,0
1603039642551,7,1010123456031,74,,1,0,6,1,2,,16.2372,430,977,0.96304,166,0,9,,0,0,0,0,0,0,0,0,0,,1110,828,,0,0,0,0
1603039642801,7,1010123456031,74,,1,0,6,1,2,,16.4964,415,1213,1.00886,170,0,9,,0,0,0,0,0,0,0,0,0,,909,810,,0,0,0,0
1603039643051,7,1010123456031,74,,1,0,6,1,2,,16.693,417,0,0.983552,166,0,9,,14.2222,9,0,0.1,4,0,0,18.093,31,,890,810,,0,0,0,1
1603039643301,7,1010123456031,74,,1,0,6,1,2,,16.6339,407,0,0.983712,163,0,9,,0,0,0,0,0,0,0,0,0,,908,814,,0,0,0,0
1603039643551,7,1010123456031,74,,1,0,6,1,2,,16.2,440,0,0.983776,177,0,9,,0,0,0,0,0,0,0,0,0,,1008,832,,0,0,0,0
1603039643801,7,1010123456031,74,,1,0,6,1,2,,16.7218,399,0,0.981504,158,0,9,,0,0,0,0,0,0,0,0,0,,1098,814,,0,0,0,0
1603039644051,7,1010123456031,74,,1,0,6,1,2,,16.3546,392,979,0.982752,161,0,9,,13.4545,11,0,0.1,4,0,0,19.9367,31,,938,794,,0,0,0,1
1603039644301,7,1010123456031,74,,1,0,6,1,2,,16.6171,444,1223,0.976256,181,0,9,,0,0,0,0,0,0,0,0,0,,1079,812,,0,0,0,0
1603039644551,7,1010123456031,74,,1,0,6,1,2,,16.7795,440,93,1.00538,175,0,9.16667,,0,0,0,0,0,0,0,0,0,,1038,832,,0,0,0,0
1603039644801,7,1010123456031,74,,1,0,6,1,2,,16.5842,404,666,0.989408,162,0,9,,0,0,0,0,0,0,0,0,0,,865,804,,0,0,0,0
1603039645051,8,1010123456031,74,,1,0,6,1,2,,16.6195,410,741,0.990464,163,0,9.16667,,12.2222,9,0,0.1,4,0,0,17.5188,31,,892,800,,0,0,0,1.33333
1603039645301,8,1010123456031,74,,1,0,6,1,2,,16.6693,375,1009,0.982592,151,0,9,,0,0,0,0,0,0,0,0,0,,1016,802,,0,0,0,0
1603039645551,8,1010123456031,74,,1,0,6,1,2,,16.6331,447,977,0.993792,180,0,9,,0,0,0,0,0,0,0,0,0,,1076,820,,0,0,0,0
1603039645801,8,1010123456031,74,,1,0,6,1,2,,16.9893,469,2047,0.958528,186,0,9.14286,,0,0,0,0,0,0,0,0,0,,898,768,,0,0,0,0
1603039646051,8,1010123456031,74,,1,0,6,1,2,,16.6246,357,11878,0.616768,144,0,9,,14.6667,15,0,0.1,7,57.1429,0,10.8482,31,,750,508,,0,0,0,6.4
1603039646301,8,1010123456031,74,,1,0,6,1,2,,17.1779,371,20503,0.721952,151,0,9,,0,0,0,0,0,0,0,0,0,,750,552,,0,0,0,0
1603039646551,8,1010123456031,74,,1,0,6,1,2,,17.4257,451,25633,0.812288,180,0,9,,0,0,0,0,0,0,0,0,0,,750,646,,0,0,0,0
1603039646801,8,1010123456031,74,,1,0,6,1,2,,17.3181,371,35414,0.674272,149,0,9,,0,0,0,0,0,0,0,0,0,,750,518,,0,0,0,0
1603039647051,8,1010123456031,74,,1,0,6,1,2,,17.0735,544,40059,0.833216,216,0,9,,10.963,27,0,0.107104,11,0,0,13.1221,31,,750,688,,0,0,0,1.66667
1603039647301,8,1010123456031,74,,1,0,6,1,2,,17.1915,590,42512,0.920896,238,0,9,,0,0,0,0,0,0,0,0,0,,750,740,,0,0,0,0
1603039647551,8,1010123456031,74,,1,0,6,1,2,,16.7494,455,50646,0.740224,180,0,9,,0,0,0,0,0,0,0,0,0,,750,592,,0,0,0,0
1603039647801,8,1010123456031,74,,1,0,6,1,2,,16.8693,528,56872,0.788768,215,0,9,,0,0,0,0,0,0,0,0,0,,750,652,,0,0,0,0
1603039648051,8,1010123456031,74,,1,0,6,1,2,,16.7942,515,61622,0.8296,205,0,9,,11.4286,7,0,0.1,3,0,0,13.8527,31,,750,688,,0,0,0,1.42857
1603039648301,8,1010123456031,74,,1,0,6,1,2,,16.7288,483,67498,0.826304,198,0,9,,0,0,0,0,0,0,0,0,0,,750,664,,0,0,0,0
1603039648551,8,1010123456031,74,,1,0,6,1,2,,17.4541,458,71543,0.837216,181,0,9,,0,0,0,0,0,0,0,0,0,,750,666,,0,0,0,0
1603039648801,8,1010123456031,74,,1,0,6,1,2,,17.6066,394,78266,0.784928,157,0,9,,0,0,0,0,0,0,0,0,0,,750,586,,0,0,0,0
1603039649051,8,1010123456031,74,,1,0,6,1,2,,17.5212,378,86101,0.689504,147,0,9,,5.81818,22,0,0.1,8,12.5,0,6.72972,31,,750,524,,0,0,0,2.5
1603039649301,8,1010123456031,74,,1,0,6,1,2,,16.8192,531,92921,0.764128,215,0,9,,0,0,0,0,0,0,0,0,0,,750,638,,0,0,0,0
1603039649551,8,1010123456031,74,,1,0,6,1,2,,17.0335,567,97613,0.862752,229,0,9,,0,0,0,0,0,0,0,0,0,,750,688,,0,0,0,0
1603039649801,8,1010123456031,74,,1,0,6,1,2,,17.9683,410,104129,0.76272,165,0,9,,0,0,0,0,0,0,0,0,0,,750,584,,0,0,0,0
1603039650051,8,1010123456031,74,,1,0,6,1,2,,16.9174,533,107566,0.883072,216,0,9,,8.90909,11,0,0.1,5,0,0,14.3679,31,,750,720,,0,0,0,1.27273
1603039650301,8,1010123456031,74,,1,0,6,1,2,,17.6274,424,115740,0.748064,175,0,9,,0,0,0,0,0,0,0,0,0,,750,562,,0,0,0,0
1603039650551,8,1010123456031,74,,1,0,6,1,2,,15.818,434,124128,0.69728,168,0,8.5,,0,0,0,0,0,0,0,0,0,,750,622,,0,0,0,0
1603039650801,8,1010123456031,74,,1,0,6,1,2,,16.4664,536,129308,0.840832,220,0,9,,0,0,0,0,0,0,0,0,0,,750,692,,0,0,0,0
1603039651051,8,1010123456031,74,,1,0,6,1,2,,15.8362,464,137618,0.715616,184,0,8.5,,11.5455,11,0,0.1,4,0,0,14.9799,31,,750,638,,0,0,0,1.36364
1603039651301,8,1010123456031,74,,1,0,6,1,2,,16.7612,356,147623,0.679904,147,0,9,,0,0,0,0,0,0,0,0,0,,750,532,,0,0,0,0
1603039651551,8,1010123456031,74,,1,0,6,1,2,,18.3619,409,154845,0.754848,163,0,10,,0,0,0,0,0,0,0,0,0,,750,516,,0,0,0,0
1603039651801,8,1010123456031,74,,1,0,6,1,2,,17.178,427,162345,0.685408,169,0,9,,0,0,0,0,0,0,0,0,0,,750,552,,0,0,0,0
1603039652051,8,1010123456031,74,,1,0,6,1,2,,17.2615,371,170429,0.747392,152,0,8.5,,13.5,16,0,0.1,6,66.6667,0,7.92571,31,,750,566,,0,0,0,7.875
1603039652301,8,1010123456031,74,,1,0,6,1,2,,16.3022,536,176752,0.778496,216,0,9,,0,0,0,0,0,0,0,0,0,,750,678,,0,0,0,0
1603039652551,8,1010123456031,74,,1,0,6,1,2,,17.6494,502,180447,0.859648,202,0,9,,0,0,0,0,0,0,0,0,0,,750,674,,0,0,0,0
1603039652801,8,1010123456031,74,,1,0,6,1,2,,17.2436,587,182503,0.94016,236,0,9,,0,0,0,0,0,0,0,0,0,,750,750,,0,0,0,0
1603039653051,8,1010123456031,74,,1,0,6,1,2,,17.3094,530,183232,0.84272,215,0,9,,8.4,10,0,0.1,4,0,0,13.1844,31,,750,668,,0,0,0,1.2
1603039653301,8,1010123456031,74,,1,0,6,1,2,,16.3995,378,184216,0.686176,153,0,9,,0,0,0,0,0,0,0,0,0,,750,554,,0,0,0,0
1603039653551,8,1010123456031,74,,1,0,6,1,2,,16.9115,373,183695,0.676768,149,0,9,,0,0,0,0,0,0,0,0,0,,750,542,,0,0,0,0
1603039653801,8,1010123456031,74,,1,0,6,1,2,,16.7211,416,184031,0.702752,167,0,9,,0,0,0,0,0,0,0,0,0,,750,572,,0,0,0,0
1603039654051,8,1010123456031,74,,1,0,6,1,2,,18.6416,346,182896,0.744288,139,0,9,,11.4286,7,0,0.1,3,0,0,13.9641,31,,750,536,,0,0,0,1.42857
1603039654301,8,1010123456031,74,,1,0,6,1,2,,17.7902,429,184218,0.802208,169,0,9,,0,0,0,0,0,0,0,0,0,,750,610,,0,0,0,0
1603039654551,8,1010123456031,74,,1,0,6,1,2,,17.2607,445,184235,0.761472,180,0,9,,0,0,0,0,0,0,0,0,0,,750,600,,0,0,0,0
1603039654801,8,1010123456031,74,,1,0,6,1,2,,16.7494,395,182890,0.706784,159,0,9,,0,0,0,0,0,0,0,0,0,,750,572,,0,0,0,0
1603039655051,8,1010123456031,74,,1,0,6,1,2,,15.8637,411,182192,0.686624,163,0,9,,12.5,8,0,0.1,3,0,0,14.538,31,,750,588,,0,0,0,1.5
1603039655301,8,1010123456031,74,,1,0,6,1,2,,16.3234,501,182617,0.788288,199,0,8.16667,,0,0,0,0,0,0,0,0,0,,750,684,,0,0,0,0
1603039655551,8,1010123456031,74,,1,0,6,1,2,,17.1096,374,182917,0.706592,151,0,9,,0,0,0,0,0,0,0,0,0,,750,552,,0,0,0,0
1603039655801,8,1010123456031,74,,1,0,6,1,2,,17.9761,418,182987,0.79872,168,0,9,,0,0,0,0,0,0,0,0,0,,750,602,,0,0,0,0
1603039656051,8,1010123456031,74,,1,0,6,1,2,,17.8509,409,183466,0.74032,161,0,9,,12.7273,11,0,0.1,4,0,0,19.9656,31,,750,562,,0,0,0,1.18182
1603039656301,8,1010123456031,74,,1,0,6,1,2,,17.1629,571,182789,0.886464,230,0,9,,0,0,0,0,0,0,0,0,0,,750,712,,0,0,0,0
1603039656551,8,1010123456031,74,,1,0,6,1,2,,17.2657,591,184049,0.9088,238,0,9,,0,0,0,0,0,0,0,0,0,,750,734,,0,0,0,0
1603039656801,8,1010123456031,74,,1,0,6,1,2,,17.0195,462,183857,0.77504,188,0,9.14286,,0,0,0,0,0,0,0,0,0,,750,620,,0,0,0,0
1603039657051,8,1010123456031,74,,1,0,6,1,2,,16.2141,467,184091,0.69712,185,0,9,,8.23077,13,0,0.1,5,0,0,8.41152,31,,750,598,,0,0,0,1.38462
1603039657301,8,1010123456031,74,,1,0,6,1,2,,17.3996,513,183171,0.881856,208,0,9,,0,0,0,0,0,0,0,0,0,,750,702,,0,0,0,0
1603039657551,8,1010123456031,74,,1,0,6,1,2,,17.2436,431,184372,0.733536,179,0,9,,0,0,0,0,0,0,0,0,0,,750,564,,0,0,0,0
1603039657801,8,1010123456031,74,,1,0,6,1,2,,18.0084,358,182729,0.677248,142,0,9,,0,0,0,0,0,0,0,0,0,,750,500,,0,0,0,0
1603039658051,8,1010123456031,74,,1,0,6,1,2,,17.013,384,182655,0.707904,150,0,9,,7.46429,28,0,0.1,11,0,0,13.4652,31,,750,564,,0,0,0,1.17857
1603039658301,8,1010123456031,74,,1,0,6,1,2,,15.8689,351,182477,0.613024,137,0,9,,0,0,0,0,0,0,0,0,0,,750,524,,0,0,0,0
1603039658551,8,1010123456031,74,,1,0,6,1,2,,17.9788,377,183351,0.772608,152,0,9,,0,0,0,0,0,0,0,0,0,,750,578,,0,0,0,0
1603039658801,8,1010123456031,74,,1,0,6,1,2,,17.2609,460,183600,0.821088,185,0,9,,0,0,0,0,0,0,0,0,0,,750,630,,0,0,0,0
1603039659051,8,1010123456031,74,,1,0,6,1,2,,16.634,530,183416,0.78736,213,0,9,,12.3636,11,0,0.1,4,0,0,12.7597,31,,750,676,,0,0,0,2.45455
1603039659301,8,1010123456031,74,,1,0,6,1,2,,16.0472,424,183731,0.709408,167,0,9,,0,0,0,0,0,0,0,0,0,,750,590,,0,0,0,0
1603039659551,8,1010123456031,74,,1,0,6,1,2,,16.9259,553,182999,0.833696,225,0,9,,0,0,0,0,0,0,0,0,0,,750,684,,0,0,0,0
1603039659801,8,1010123456031,74,,1,0,6,1,2,,16.9267,573,183885,0.923968,232,0,9,,0,0,0,0,0,0,0,0,0,,753,758,,0,0,0,0
1603039660051,8,1010123456031,74,,1,0,6,1,2,,17.2017,590,183542,0.91824,237,0,9,,8.93333,30,0,0.103168,12,0,0,12.2465,31,,747,734,,0,0,0,1.43333
1603039660301,8,1010123456031,74,,1,0,6,1,2,,17.4007,549,184147,0.943008,223,0,9,,0,0,0,0,0,0,0,0,0,,750,738,,0,0,0,0
1603039660551,8,1010123456031,74,,1,0,6,1,2,,15.7394,518,183354,0.731424,205,0,7.83333,,0,2,0,0.1,1,0,0,0,31,,750,680,,0,0,0,0
1603039660801,8,1010123456031,74,,1,0,6,1,2,,16.5764,406,182781,0.6536,167,0,9,,0,0,0,0,0,0,0,0,0,,750,532,,0,0,0,0
1603039661051,8,1010123456031,74,,1,0,6,1,2,,17.2623,427,182458,0.665248,167,0,9,,8.74359,39,0,0.1,15,13.3333,0,11.4233,31,,750,538,,0,0,0,2.66667
1603039661301,8,1010123456031,74,,1,0,6,1,2,,15.887,407,184207,0.668864,166,0,8.5,,0,0,0,0,0,0,0,0,0,,750,568,,0,0,0,0
1603039661551,8,1010123456031,74,,1,0,6,1,2,,18.125,384,183343,0.762528,151,0,9,,0,0,0,0,0,0,0,0,0,,750,580,,0,0,0,0
1603039661801,8,1010123456031,74,,1,0,6,1,2,,18.0106,378,182936,0.740736,156,0,9,,0,0,0,0,0,0,0,0,0,,750,540,,0,0,0,0
1603039662051,8,1010123456031,74,,1,0,6,1,2,,18.0128,390,183674,0.778464,157,0,9,,15.2571,35,0,0.19136,14,14.2857,0,14.7022,31,,750,582,,0,0,0,2.77143
1603039662301,8,1010123456031,74,,1,0,6,1,2,,18.0704,341,184337,0.643936,135,0,9,,0,0,0,0,0,0,0,0,0,,750,478,,0,0,0,0
1603039662551,8,1010123456031,74,,1,0,6,1,2,,17.0827,411,183692,0.71856,161,0,9,,0,0,0,0,0,0,0,0,0,,750,576,,0,0,0,0
1603039662801,8,1010123456031,74,,1,0,6,1,2,,17.1526,603,183361,0.916416,240,0,9,,0,0,0,0,0,0,0,0,0,,750,740,,0,0,0,0
1603039663051,8,1010123456031,74,,1,0,6,1,2,,16.7278,485,183995,0.792096,195,0,9,,13.4286,7,0,0.1,3,0,0,14.1463,31,,750,648,,0,0,0,1.85714
1603039663301,8,1010123456031,74,,1,0,6,1,2,,17.204,451,183155,0.738016,177,0,9,,0,0,0,0,0,0,0,0,0,,750,586,,0,0,0,0
1603039663551,8,1010123456031,74,,1,0,6,1,2,,17.8212,397,184572,0.757536,163,0,9,,0,0,0,0,0,0,0,0,0,,750,572,,0,0,0,0
1603039663801,8,1010123456031,74,,1,0,6,1,2,,17.1175,468,182768,0.791136,191,0,9,,0,0,0,0,0,0,0,0,0,,750,626,,0,0,0,0
1603039664051,8,1010123456031,74,,1,0,6,1,2,,19.298,359,182763,0.835776,146,0,9.83333,,3.13158,38,0,0.1,15,0,0,12.8115,31,,750,556,,0,0,0,1.57895
1603039664301,8,1010123456031,74,,1,0,6,1,2,,19.115,400,183946,0.915072,164,0,9.5,,0,0,0,0,0,0,0,0,0,,750,600,,0,0,0,0
1603039664551,8,1010123456031,74,,1,0,6,1,2,,17.6905,420,182714,0.827904,166,0,9,,0,0,0,0,0,0,0,0,0,,750,638,,0,0,0,0
1603039664801,8,1010123456031,74,,1,0,6,1,2,,17.3432,405,183061,0.741888,162,0,9,,0,0,0,0,0,0,0,0,0,,750,582,,0,0,0,0
1603039665051,8,1010123456031,74,,1,0,6,1,2,,18.4036,389,183842,0.788672,156,0,9,,8.23077,13,0,0.1,5,0,0,16.6476,31,,750,568,,0,0,0,1.23077
1603039665301,8,1010123456031,74,,1,0,6,1,2,,15.9654,347,184148,0.558656,140,0,8.33333,,0,0,0,0,0,0,0,0,0,,750,466,,0,0,0,0
1603039665551,8,1010123456031,74,,1,0,6,1,2,,16.5013,373,183583,0.6896,150,0,9,,0,0,0,0,0,0,0,0,0,,750,554,,0,0,0,0
1603039665801,8,1010123456031,74,,1,0,6,1,2,,16.6373,408,183373,0.724256,163,0,9,,0,0,0,0,0,0,0,0,0,,750,588,,0,0,0,0
1603039666051,8,1010123456031,74,,1,0,6,1,2,,16.8308,390,183686,0.654368,161,0,9,,8.07692,13,0,0.1,5,0,0,10.3932,0,,750,530,,0,0,0,2.38462
1603039666301,8,1010123456031,74,,1,0,6,1,2,,17.4041,386,183445,0.684224,158,0,9,,0,0,0,0,0,0,0,0,0,,750,524,,0,0,0,0
1603039666551,8,1010123456031,74,,1,0,6,1,2,,17.0825,473,182890,0.810656,187,0,9,,0,0,0,0,0,0,0,0,0,,753,660,,0,0,0,0
1603039666801,8,1010123456031,74,,1,0,6,1,2,,16.4611,386,183876,0.7216,152,0,9,,0,0,0,0,0,0,0,0,0,,747,586,,0,0,0,0
1603039667051,8,1010123456031,74,,1,0,6,1,2,,17.2809,509,183203,0.816,202,0,9,,11.6923,13,0,0.1,5,0,0,18.0774,31,,750,658,,0,0,0,1.23077
1603039667301,8,1010123456031,74,,1,0,6,1,2,,16.675,483,184190,0.756096,200,0,9,,0,0,0,0,0,0,0,0,0,,750,600,,0,0,0,0
1603039667551,8,1010123456031,74,,1,0,6,1,2,,17.3436,486,182654,0.797088,189,0,9,,0,0,0,0,0,0,0,0,0,,750,640,,0,0,0,0
1603039667801,8,1010123456031,74,,1,0,6,1,2,,16.5947,491,183271,0.743456,199,0,9,,0,0,0,0,0,0,0,0,0,,750,616,,0,0,0,0
1603039668051,8,1010123456031,74,,1,0,6,1,2,,16.6594,458,184351,0.783424,188,0,9,,8.23077,13,0,0.1,5,0,0,12.7943,31,,750,632,,0,0,0,1.46154
1603039668301,8,1010123456031,74,,1,0,6,1,2,,17.5214,397,183589,0.769952,155,0,9,,0,0,0,0,0,0,0,0,0,,750,596,,0,0,0,0
1603039668551,8,1010123456031,74,,1,0,6,1,2,,17.4919,433,182910,0.788704,177,0,9,,0,0,0,0,0,0,0,0,0,,750,604,,0,0,0,0
1603039668801,8,1010123456031,74,,1,0,6,1,2,,17.1751,434,183144,0.69136,173,0,9,,0,0,0,0,0,0,0,0,0,,750,560,,0,0,0,0
1603039669051,8,1010123456031,74,,1,0,6,1,2,,16.5425,424,184312,0.688224,175,0,9,,7.6,15,0,0.1,6,0,0,12.5337,31,,750,562,,0,0,0,1.13333
1603039669301,8,1010123456031,74,,1,0,6,1,2,,16.347,487,183405,0.782912,192,0,9,,0,0,0,0,0,0,0,0,0,,750,666,,0,0,0,0
1603039669551,8,1010123456031,74,,1,0,6,1,2,,16.8221,444,182460,0.788672,180,0,9,,0,0,0,0,0,0,0,0,0,,750,640,,0,0,0,0
1603039669801,8,1010123456031,74,,1,0,6,1,2,,17.1801,422,183083,0.78192,169,0,9,,0,0,0,0,0,0,0,0,0,,750,618,,0,0,0,0
1603039670051,8,1010123456031,74,,1,0,6,1,2,,17.1711,526,183753,0.90272,216,0,9,,9.625,8,0,0.1,3,0,0,16.2816,31,,750,706,,0,0,0,1.25
1603039670301,8,1010123456031,74,,1,0,6,1,2,,17.359,468,182216,0.832,182,0,9,,0,0,0,0,0,0,0,0,0,,750,672,,0,0,0,0
1603039670551,8,1010123456031,74,,1,0,6,1,2,,17.1827,394,183333,0.792864,161,0,8.5,,0,0,0,0,0,0,0,0,0,,750,604,,0,0,0,0
1603039670801,8,1010123456031,74,,1,0,6,1,2,,18.0452,332,183585,0.640064,132,0,9,,0,0,0,0,0,0,0,0,0,,750,484,,0,0,0,0
1603039671051,8,1010123456031,74,,1,0,6,1,2,,15.5396,328,183263,0.586624,134,0,9,,12.5714,7,0,0.1,3,0,0,14.5779,31,,750,500,,0,0,0,1.28571
1603039671301,8,1010123456031,74,,1,0,6,1,2,,16.1848,422,182976,0.755392,165,0,8.5,,0,0,0,0,0,0,0,0,0,,750,636,,0,0,0,0
1603039671551,8,1010123456031,74,,1,0,6,1,2,,16.5314,414,183862,0.721312,165,0,9,,0,0,0,0,0,0,0,0,0,,750,594,,0,0,0,0
1603039671801,8,1010123456031,74,,1,0,6,1,2,,17.7323,396,183117,0.75008,164,0,9,,0,0,0,0,0,0,0,0,0,,750,558,,0,0,0,0
1603039672051,8,1010123456031,74,,1,0,6,1,2,,16.6802,444,183695,0.645184,178,0,9,,4.05882,34,0,0.1,13,7.69231,0,7.71845,31,,750,532,,0,0,0,2.64706
1603039672301,8,1010123456031,74,,1,0,6,1,2,,17.3044,598,183911,0.947008,240,0,9,,0,0,0,0,0,0,0,0,0,,750,760,,0,0,0,0
1603039672551,8,1010123456031,74,,1,0,6,1,2,,17.1772,604,182669,0.940768,243,0,9,,0,0,0,0,0,0,0,0,0,,750,762,,0,0,0,0
1603039672801,8,1010123456031,74,,1,0,6,1,2,,17.2318,578,183386,0.931136,232,0,9,,0,0,0,0,0,0,0,0,0,,750,746,,0,0,0,0
1603039673051,8,1010123456031,74,,1,0,6,1,2,,17.2444,581,182467,0.887424,236,0,9,,7.19355,31,0,0.1,12,0,0,11.8407,31,,750,716,,0,0,0,1
1603039673301,8,1010123456031,74,,1,0,6,1,2,,17.0449,512,182801,0.812576,207,0,9,,0,0,0,0,0,0,0,0,0,,750,636,,0,0,0,0
1603039673551,8,1010123456031,74,,1,0,6,1,2,,16.0668,374,182801,0.605792,147,0,8.66667,,0,0,0,0,0,0,0,0,0,,750,520,,0,0,0,0
1603039673801,8,1010123456031,74,,1,0,6,1,2,,16.9531,384,183755,0.732384,157,0,9,,0,0,0,0,0,0,0,0,0,,750,574,,0,0,0,0
1603039674051,8,1010123456031,74,,1,0,6,1,2,,15.5746,355,184249,0.606688,143,0,8.5,,11.1429,7,0,0.1,3,0,0,14.7541,31,,750,532,,0,0,0,1.42857
1603039674301,8,1010123456031,74,,1,0,6,1,2,,16.5709,501,183911,0.80688,199,0,9,,0,0,0,0,0,0,0,0,0,,750,684,,0,0,0,0
1603039674551,8,1010123456031,74,,1,0,6,1,2,,17.3185,584,182823,0.932128,235,0,9,,0,0,0,0,0,0,0,0,0,,750,754,,0,0,0,0
1603039674801,8,1010123456031,74,,1,0,6,1,2,,16.641,507,183653,0.82624,204,0,9,,0,0,0,0,0,0,0,0,0,,750,686,,0,0,0,0
1603039675051,8,1010123456031,74,,1,0,6,1,2,,17.2677,437,183839,0.719296,174,0,9,,9.36364,11,0,0.1,5,20,0,12.4341,31,,750,564,,0,0,0,2.81818
1603039675301,8,1010123456031,74,,1,0,6,1,2,,17.0161,558,184396,0.887136,225,0,9,,0,0,0,0,0,0,0,0,0,,750,718,,0,0,0,0
1603039675551,8,1010123456031,74,,1,0,6,1,2,,17.4032,496,182697,0.81136,201,0,9,,0,0,0,0,0,0,0,0,0,,750,640,,0,0,0,0
1603039675801,8,1010123456031,74,,1,0,6,1,2,,16.9803,557,182413,0.868544,228,0,9,,0,0,0,0,0,0,0,0,0,,750,708,,0,0,0,0
1603039676051,8,1010123456031,74,,1,0,6,1,2,,17.1728,596,183173,0.928096,237,0,9,,12.1,10,0,0.1,4,0,0,13.5017,31,,750,748,,0,0,0,1.3
1603039676301,8,1010123456031,74,,1,0,6,1,2,,17.0549,510,182449,0.831872,208,0,9,,0,0,0,0,0,0,0,0,0,,750,672,,0,0,0,0
1603039676551,8,1010123456031,74,,1,0,6,1,2,,17.6476,525,182176,0.905792,208,0,9,,0,0,0,0,0,0,0,0,0,,750,710,,0,0,0,0
1603039676801,8,1010123456031,74,,1,0,6,1,2,,17.1586,580,183652,0.913344,234,0,9,,0,0,0,0,0,0,0,0,0,,750,730,,0,0,0,0
1603039677051,8,1010123456031,74,,1,0,6,1,2,,17.2656,546,183583,0.853984,219,0,9,,7,16,0,0.1,6,0,0,11.3385,31,,750,692,,0,0,0,1
1603039677301,8,1010123456031,74,,1,0,6,1,2,,16.2222,441,182959,0.749088,183,0,9,,0,0,0,0,0,0,0,0,0,,750,620,,0,0,0,0
1603039677551,8,1010123456031,74,,1,0,6,1,2,,16.3219,407,183163,0.748064,165,0,9,,0,0,0,0,0,0,0,0,0,,750,616,,0,0,0,0
1603039677801,8,1010123456031,74,,1,0,6,1,2,,15.5013,391,183831,0.682464,153,0,8,,0,0,0,0,0,0,0,0,0,,750,604,,0,0,0,0
1603039678051,8,1010123456031,74,,1,0,6,1,2,,16.8445,476,183572,0.785824,197,0,9,,6.44,25,0,0.1,10,0,0,12.3346,31,,750,632,,0,0,0,1
1603039678301,8,1010123456031,74,,1,0,6,1,2,,17.1892,502,184420,0.797696,198,0,9,,0,0,0,0,0,0,0,0,0,,750,660,,0,0,0,0
1603039678551,8,1010123456031,74,,1,0,6,1,2,,17.3316,383,182542,0.738112,156,0,9,,0,0,0,0,0,0,0,0,0,,750,562,,0,0,0,0
1603039678801,8,1010123456031,74,,1,0,6,1,2,,17.1767,566,182630,0.90416,229,0,9,,0,0,0,0,0,0,0,0,0,,750,728,,0,0,0,0
1603039679051,8,1010123456031,74,,1,0,6,1,2,,16.783,470,183292,0.7896,189,0,9,,7.4375,16,0,0.1,6,0,0,10.4113,31,,750,642,,0,0,0,1.375
1603039679301,8,1010123456031,74,,1,0,6,1,2,,13.9434,459,182851,0.630528,184,0,7.83333,,0,0,0,0,0,0,0,0,0,,750,638,,0,0,0,0
1603039679551,8,1010123456031,74,,1,0,6,1,2,,16.9561,387,182813,0.631872,158,0,9,,0,0,0,0,0,0,0,0,0,,750,492,,0,0,0,0
1603039679801,8,1010123456031,74,,1,0,6,1,2,,16.9981,524,183354,0.922144,207,0,8.71429,,0,0,0,0,0,0,0,0,0,,750,748,,0,0,0,0
1603039680051,8,1010123456031,74,,1,0,6,1,2,,17.1157,562,183774,0.833728,224,0,9,,8.25,12,0,0.1,5,0,0,11.3,31,,750,684,,0,0,0,1.16667
1603039680301,8,1010123456031,74,,1,0,6,1,2,,16.6427,487,183502,0.73296,197,0,9,,0,0,0,0,0,0,0,0,0,,750,600,,0,0,0,0
1603039680551,8,1010123456031,74,,1,0,6,1,2,,18,405,184451,0.789344,167,0,9,,0,0,0,0,0,0,0,0,0,,750,582,,0,0,0,0
1603039680801,8,1010123456031,74,,1,0,6,1,2,,17.4339,378,183073,0.69632,146,0,9,,0,0,0,0,0,0,0,0,0,,750,546,,0,0,0,0
1603039681051,8,1010123456031,74,,1,0,6,1,2,,18.8924,353,183296,0.760832,142,0,9.66667,,12.8333,30,0,0.157696,12,0,0,14.3346,31,,750,492,,0,0,0,1.66667
1603039681301,8,1010123456031,74,,1,0,6,1,2,,17.5289,380,182333,0.733312,150,0,9,,0,0,0,0,0,0,0,0,0,,750,568,,0,0,0,0
1603039681551,8,1010123456031,74,,1,0,6,1,2,,17.173,497,182245,0.794944,192,0,9,,0,0,0,0,0,0,0,0,0,,750,644,,0,0,0,0
1603039681801,8,1010123456031,74,,1,0,6,1,2,,16.828,564,182315,0.873408,228,0,9,,0,0,0,0,0,0,0,0,0,,750,700,,0,0,0,0
1603039682051,8,1010123456031,74,,1,0,6,1,2,,16.4771,503,183703,0.758432,203,0,9,,13.7143,7,0,0.1,3,0,0,13.6247,31,,750,642,,0,0,0,1.42857
1603039682301,8,1010123456031,74,,1,0,6,1,2,,17.2688,413,183370,0.766912,162,0,9,,0,0,0,0,0,0,0,0,0,,750,598,,0,0,0,0
1603039682551,8,1010123456031,74,,1,0,6,1,2,,17.3303,542,182556,0.873728,218,0,9,,0,0,0,0,0,0,0,0,0,,750,698,,0,0,0,0
1603039682801,8,1010123456031,74,,1,0,6,1,2,,15.9105,324,183661,0.538496,130,0,8.16667,,0,0,0,0,0,0,0,0,0,,750,460,,0,0,0,0
1603039683051,8,1010123456031,74,,1,0,6,1,2,,16.8065,496,183133,0.823328,199,0,9,,11.9091,11,0,0.1,4,0,0,19.7549,31,,750,674,,0,0,0,1.27273
1603039683301,8,1010123456031,74,,1,0,6,1,2,,18.16,475,182637,0.911296,190,0,9,,0,0,0,0,0,0,0,0,0,,750,680,,0,0,0,0
1603039683551,8,1010123456031,74,,1,0,6,1,2,,17.2654,422,182936,0.755936,169,0,9,,0,0,0,0,0,0,0,0,0,,750,590,,0,0,0,0
1603039683801,9,1010123456031,74,,1,0,6,1,2,,17.9725,400,183453,0.743232,164,0,9,,0,0,0,0,0,0,0,0,0,,750,552,,0,0,0,0
1603039684051,9,1010123456031,74,,1,0,6,1,2,,17.5708,445,183745,0.831744,176,0,9,,13.25,8,0,0.1,3,0,0,16.7025,31,,750,648,,0,0,0,1
1603039684301,9,1010123456031,74,,1,0,6,1,2,,16.8492,431,183553,0.784224,177,0,9,,0,0,0,0,0,0,0,0,0,,750,616,,0,0,0,0
1603039684551,8,1010123456031,74,,1,0,6,1,2,,17.8744,406,182433,0.791616,162,0,9,,0,0,0,0,0,0,0,0,0,,750,594,,0,0,0,0
1603039684801,8,1010123456031,74,,1,0,6,1,2,,18.272,386,183453,0.77808,157,0,9,,0,0,0,0,0,0,0,0,0,,750,566,,0,0,0,0
1603039685051,8,1010123456031,74,,1,0,6,1,2,,17.8851,383,182859,0.714432,152,0,9,,4.59375,32,0,0.1,13,0,0,12.642,31,,750,546,,0,0,0,1.375
1603039685301,8,1010123456031,74,,1,0,6,1,2,,17.4008,529,184003,0.878688,215,0,9,,0,0,0,0,0,0,0,0,0,,750,684,,0,0,0,0
1603039685551,8,1010123456031,74,,1,0,6,1,2,,17.7947,375,183922,0.748096,148,0,9,,0,0,0,0,0,0,0,0,0,,750,570,,0,0,0,0
1603039685801,8,1010123456031,74,,1,0,6,1,2,,17.3739,436,183292,0.783232,172,0,9,,0,0,0,0,0,0,0,0,0,,750,606,,0,0,0,0
1603039686051,8,1010123456031,74,,1,0,6,1,2,,17.3249,554,183848,0.8984,223,0,9,,6.88889,18,0,0.1,7,0,0,14.0933,31,,750,704,,0,0,0,1
1603039686301,8,1010123456031,74,,1,0,6,1,2,,17.0577,537,183278,0.859552,213,0,9,,0,0,0,0,0,0,0,0,0,,750,710,,0,0,0,0
1603039686551,8,1010123456031,74,,1,0,6,1,2,,17.8651,378,183134,0.765568,150,0,9,,0,0,0,0,0,0,0,0,0,,750,570,,0,0,0,0
1603039686801,8,1010123456031,74,,1,0,6,1,2,,18.416,387,183517,0.793984,154,0,9,,0,0,0,0,0,0,0,0,0,,750,576,,0,0,0,0
1603039687051,8,1010123456031,74,,1,0,6,1,2,,17.69,400,183701,0.732128,163,0,9,,5.4,40,0,0.1,16,12.5,0,8.69786,31,,750,572,,0,0,0,2.475
1603039687301,8,1010123456031,74,,1,0,6,1,2,,17.8462,494,182137,0.917472,199,0,9,,0,0,0,0,0,0,0,0,0,,750,690,,0,0,0,0
1603039687551,8,1010123456031,74,,1,0,6,1,2,,17.2161,583,182465,0.898464,237,0,9,,0,0,0,0,0,0,0,0,0,,750,722,,0,0,0,0
1603039687801,8,1010123456031,74,,1,0,6,1,2,,16.8503,581,182106,0.867936,233,0,9,,0,0,0,0,0,0,0,0,0,,750,712,,0,0,0,0
1603039688051,8,1010123456031,74,,1,0,6,1,2,,17.7386,417,183368,0.760768,168,0,9,,7.14286,14,0,0.1,6,0,0,11.4573,31,,750,582,,0,0,0,1
1603039688301,8,1010123456031,74,,1,0,6,1,2,,18.4102,373,183126,0.77056,152,0,9,,0,0,0,0,0,0,0,0,0,,750,558,,0,0,0,0
1603039688551,8,1010123456031,74,,1,0,6,1,2,,16.9923,390,183134,0.704064,153,0,8.66667,,0,0,0,0,0,0,0,0,0,,750,562,,0,0,0,0
1603039688801,8,1010123456031,74,,1,0,6,1,2,,17.3433,335,184216,0.591456,135,0,9,,0,0,0,0,0,0,0,0,0,,750,454,,0,0,0,0
1603039689051,8,1010123456031,74,,1,0,6,1,2,,16.853,415,183315,0.779712,164,0,8.66667,,10.5385,13,0,0.1,5,0,0,15.2311,31,,750,632,,0,0,0,2.23077
1603039689301,8,1010123456031,74,,1,0,6,1,2,,17.1241,395,183910,0.690976,157,0,9,,0,0,0,0,0,0,0,0,0,,750,546,,0,0,0,0
1603039689551,8,1010123456031,74,,1,0,6,1,2,,17.5749,414,184234,0.807264,173,0,9,,0,0,0,0,0,0,0,0,0,,750,608,,0,0,0,0
1603039689801,8,1010123456031,74,,1,0,6,1,2,,17.1897,543,184228,0.845312,216,0,9,,0,0,0,0,0,0,0,0,0,,750,690,,0,0,0,0
1603039690051,8,1010123456031,74,,1,0,6,1,2,,16.9562,548,183265,0.794368,220,0,9,,8.94595,37,0,0.10048,15,13.3333,0,12.2417,31,,750,650,,0,0,0,2.08108
1603039690301,8,1010123456031,74,,1,0,6,1,2,,17.0264,531,182055,0.798112,213,0,9,,0,0,0,0,0,0,0,0,0,,750,654,,0,0,0,0
1603039690551,8,1010123456031,74,,1,0,6,1,2,,17.0229,480,183056,0.826336,195,0,9,,0,0,0,0,0,0,0,0,0,,750,666,,0,0,0,0
1603039690801,8,1010123456031,74,,1,0,6,1,2,,17.5494,597,182466,1.01395,242,0,9,,0,0,0,0,0,0,0,0,0,,750,804,,0,0,0,0
1603039691051,8,1010123456031,74,,1,0,6,1,2,,17.4722,396,184086,0.768768,160,0,9,,3.96,25,0,0.1,10,0,0,17.2255,31,,750,578,,0,0,0,1.24
1603039691301,8,1010123456031,74,,1,0,6,1,2,,15.4602,339,182806,0.554976,135,0,9,,0,0,0,0,0,0,0,0,0,,750,494,,0,0,0,0
1603039691551,8,1010123456031,74,,1,0,6,1,2,,17.4843,351,184057,0.6248,143,0,9,,0,0,0,0,0,0,0,0,0,,750,480,,0,0,0,0
1603039691801,8,1010123456031,74,,1,0,6,1,2,,17.6852,378,183667,0.724864,152,0,9,,0,0,0,0,0,0,0,0,0,,750,552,,0,0,0,0
1603039692051,8,1010123456031,74,,1,0,6,1,2,,17.1159,578,183474,0.899936,231,0,9,,12.625,8,0,0.1,3,0,0,15.6793,31,,750,738,,0,0,0,1.5
1603039692301,8,1010123456031,74,,1,0,6,1,2,,17.0048,416,183552,0.775456,175,0,9,,0,0,0,0,0,0,0,0,0,,750,604,,0,0,0,0
1603039692551,8,1010123456031,74,,1,0,6,1,2,,16.9041,365,183225,0.660992,142,0,9,,0,0,0,0,0,0,0,0,0,,750,536,,0,0,0,0
1603039692801,8,1010123456031,74,,1,0,6,1,2,,16.4987,391,183757,0.655872,158,0,9,,0,0,0,0,0,0,0,0,0,,750,534,,0,0,0,0
1603039693051,8,1010123456031,74,,1,0,6,1,2,,17.2851,470,184200,0.785312,187,0,9,,9.1579,19,0,0.1,7,14.2857,0,12.4644,31,,750,630,,0,0,0,2.73684
1603039693301,8,1010123456031,74,,1,0,6,1,2,,17.2297,553,183143,0.850304,224,0,9,,0,0,0,0,0,0,0,0,0,,750,680,,0,0,0,0
1603039693551,8,1010123456031,74,,1,0,6,1,2,,17.1476,481,183403,0.787456,194,0,9,,0,0,0,0,0,0,0,0,0,,750,646,,0,0,0,0
1603039693801,8,1010123456031,74,,1,0,6,1,2,,17.8549,386,182409,0.789568,158,0,9,,0,0,0,0,0,0,0,0,0,,750,592,,0,0,0,0
1603039694051,8,1010123456031,74,,1,0,6,1,2,,17.9247,385,182996,0.743712,155,0,9,,14.1818,11,0,0.1,5,40,0,13.1579,31,,750,554,,0,0,0,4.27273
1603039694301,8,1010123456031,74,,1,0,6,1,2,,16.5971,417,183669,0.692,167,0,9,,0,0,0,0,0,0,0,0,0,,750,568,,0,0,0,0
1603039694551,8,1010123456031,74,,1,0,6,1,2,,18.5464,399,182300,0.83552,158,0,9,,0,0,0,0,0,0,0,0,0,,750,612,,0,0,0,0
1603039694801,8,1010123456031,74,,1,0,6,1,2,,17.4322,509,182857,0.840576,202,0,9,,0,0,0,0,0,0,0,0,0,,750,662,,0,0,0,0
1603039695051,8,1010123456031,74,,1,0,6,1,2,,17.0967,517,182415,0.912928,209,0,9,,9.9,10,0,0.1,4,0,0,12.7159,31,,750,732,,0,0,0,1.6
1603039695301,8,1010123456031,74,,1,0,6,1,2,,17.8487,390,183497,0.784736,159,0,9,,0,0,0,0,0,0,0,0,0,,750,578,,0,0,0,0
1603039695551,8,1010123456031,74,,1,0,6,1,2,,18.2152,381,184643,0.77264,155,0,9,,0,0,0,0,0,0,0,0,0,,750,564,,0,0,0,0
1603039695801,8,1010123456031,74,,1,0,6,1,2,,17.8863,387,183433,0.74416,153,0,9,,0,0,0,0,0,0,0,0,0,,750,560,,0,0,0,0
1603039696051,8,1010123456031,74,,1,0,6,1,2,,15.5496,393,183704,0.658848,154,0,8.16667,,6.85714,35,0,0.1,14,7.14286,0,14.3386,31,,750,570,,0,0,0,1.8
1603039696301,8,1010123456031,74,,1,0,6,1,2,,18.0505,396,182637,0.785984,158,0,9,,0,0,0,0,0,0,0,0,0,,750,590,,0,0,0,0
1603039696551,8,1010123456031,74,,1,0,6,1,2,,18.433,388,182236,0.81056,156,0,9,,0,0,0,0,0,0,0,0,0,,750,592,,0,0,0,0
1603039696801,8,1010123456031,74,,1,0,6,1,2,,17.527,389,182995,0.786368,152,0,8.71429,,0,0,0,0,0,0,0,0,0,,750,596,,0,0,0,0
1603039697051,8,1010123456031,74,,1,0,6,1,2,,16.3566,272,183102,0.432064,114,0,9,,7.3,20,0,0.1,8,0,0,9.11568,31,,750,348,,0,0,0,1.5
1603039697301,8,1010123456031,74,,1,0,6,1,2,,15.1785,381,183228,0.616896,152,0,7.83333,,0,0,0,0,0,0,0,0,0,,750,570,,0,0,0,0
1603039697551,8,1010123456031,74,,1,0,6,1,2,,14.9446,397,183420,0.655424,158,0,7.83333,,0,0,0,0,0,0,0,0,0,,750,600,,0,0,0,0
1603039697801,8,1010123456031,74,,1,0,6,1,2,,17.2235,519,182908,0.814112,207,0,9,,0,0,0,0,0,0,0,0,0,,750,658,,0,0,0,0
1603039698051,8,1010123456031,74,,1,0,6,1,2,,15.8599,471,183972,0.730464,188,0,8.66667,,9,8,0,0.1,3,0,0,13.5421,31,,750,638,,0,0,0,1.25
1603039698301,8,1010123456031,74,,1,0,6,1,2,,16.8859,368,184225,0.669472,153,0,9,,0,0,0,0,0,0,0,0,0,,750,522,,0,0,0,0
1603039698551,8,1010123456031,74,,1,0,6,1,2,,18.0109,368,183644,0.714336,149,0,9,,0,0,0,0,0,0,0,0,0,,750,544,,0,0,0,0
1603039698801,8,1010123456031,74,,1,0,6,1,2,,17.894,415,183997,0.798976,168,0,9,,0,0,0,0,0,0,0,0,0,,750,598,,0,0,0,0
1603039699051,8,1010123456031,74,,1,0,6,1,2,,17.42,500,182894,0.825536,196,0,9,,2.91304,23,0,0.1,9,0,0,8.43094,31,,750,662,,0,0,0,1
1603039699301,8,1010123456031,74,,1,0,6,1,2,,17.258,597,183342,0.904576,238,0,9,,0,0,0,0,0,0,0,0,0,,750,718,,0,0,0,0
1603039699551,8,1010123456031,74,,1,0,6,1,2,,16.8663,486,183326,0.819264,196,0,9,,0,0,0,0,0,0,0,0,0,,750,656,,0,0,0,0
1603039699801,8,1010123456031,74,,1,0,6,1,2,,16.866,470,182397,0.738528,189,0,9,,0,0,0,0,0,0,0,0,0,,750,604,,0,0,0,0
1603039700051,8,1010123456031,74,,1,0,6,1,2,,16.4779,362,184012,0.70976,150,0,9,,9.5625,16,0,0.1,6,16.6667,0,11.0391,31,,750,572,,0,0,0,3.25
1603039700301,8,1010123456031,74,,1,0,6,1,2,,16.943,544,183984,0.857888,219,0,9,,0,0,0,0,0,0,0,0,0,,750,700,,0,0,0,0
1603039700551,8,1010123456031,74,,1,0,6,1,2,,16.2113,426,183764,0.617792,166,0,9,,0,0,0,0,0,0,0,0,0,,750,532,,0,0,0,0
1603039700801,8,1010123456031,74,,1,0,6,1,2,,17.0871,551,182825,0.850345,223,0,9,,0,0,0,0,0,0,0,0,0,,747,678,,0,0,0,0
1603039701051,8,1010123456031,74,,1,0,6,1,2,,17.1402,535,183893,0.85216,214,0,9,,9.75,8,0,0.1,3,0,0,13.5564,31,,750,702,,0,0,0,1.25
1603039701301,8,1010123456031,74,,1,0,6,1,2,,16.9441,537,183312,0.841952,213,0,9,,0,0,0,0,0,0,0,0,0,,750,676,,0,0,0,0
1603039701551,8,1010123456031,74,,1,0,6,1,2,,16.8961,539,183835,0.798464,216,0,9,,0,0,0,0,0,0,0,0,0,,750,648,,0,0,0,0
1603039701801,8,1010123456031,74,,1,0,6,1,2,,17.2931,563,183297,0.86784,226,0,9,,0,0,0,0,0,0,0,0,0,,750,704,,0,0,0,0
1603039702051,8,1010123456031,74,,1,0,6,1,2,,16.2563,480,182961,0.726176,197,0,9,,12,10,0,0.1,4,0,0,15.2181,31,,750,614,,0,0,0,1.3
1603039702301,8,1010123456031,74,,1,0,6,1,2,,16.4346,543,182971,0.858464,217,0,9,,0,0,0,0,0,0,0,0,0,,750,716,,0,0,0,0
1603039702551,8,1010123456031,74,,1,0,6,1,2,,18.0184,380,183046,0.7416,155,0,9,,0,0,0,0,0,0,0,0,0,,750,562,,0,0,0,0
1603039702801,8,1010123456031,74,,1,0,6,1,2,,17.633,376,183217,0.737984,156,0,9,,0,0,0,0,0,0,0,0,0,,750,538,,0,0,0,0
1603039703051,8,1010123456031,74,,1,0,6,1,2,,18.7139,388,183803,0.809952,153,0,9,,9.1,10,0,0.1,4,0,0,15.8887,31,,750,594,,0,0,0,1.2
1603039703301,8,1010123456031,74,,1,0,6,1,2,,17.9613,362,184119,0.719776,151,0,9,,0,0,0,0,0,0,0,0,0,,750,522,,0,0,0,0
1603039703551,8,1010123456031,74,,1,0,6,1,2,,16.8851,435,182780,0.696032,171,0,9,,0,0,0,0,0,0,0,0,0,,750,576,,0,0,0,0
1603039703801,8,1010123456031,74,,1,0,6,1,2,,16.9941,509,184016,0.815584,205,0,9,,0,0,0,0,0,0,0,0,0,,750,666,,0,0,0,0
1603039704051,8,1010123456031,74,,1,0,6,1,2,,17.1147,593,183883,0.90016,236,0,9,,8.07692,13,0,0.1,5,0,0,12.4414,31,,750,734,,0,0,0,1
1603039704301,8,1010123456031,74,,1,0,6,1,2,,16.9837,551,183869,0.856096,221,0,9,,0,0,0,0,0,0,0,0,0,,750,700,,0,0,0,0
1603039704551,8,1010123456031,74,,1,0,6,1,2,,16.7625,480,183441,0.789312,196,0,9,,0,0,0,0,0,0,0,0,0,,750,630,,0,0,0,0
1603039704801,8,1010123456031,74,,1,0,6,1,2,,15.1358,405,184125,0.595168,160,0,8.28571,,0,0,0,0,0,0,0,0,0,,750,550,,0,0,0,0
1603039705051,8,1010123456031,74,,1,0,6,1,2,,17.3151,568,182742,0.890976,225,0,9,,7.14286,14,0,0.1,6,0,0,11.4422,31,,750,724,,0,0,0,1
1603039705301,8,1010123456031,74,,1,0,6,1,2,,17.1582,493,183838,0.8312,199,0,9,,0,0,0,0,0,0,0,0,0,,750,654,,0,0,0,0
1603039705551,8,1010123456031,74,,1,0,6,1,2,,16.7505,485,183234,0.824416,193,0,9,,0,0,0,0,0,0,0,0,0,,750,680,,0,0,0,0
1603039705801,8,1010123456031,74,,1,0,6,1,2,,18.1652,345,183366,0.658816,140,0,9,,0,0,0,0,0,0,0,0,0,,750,490,,0,0,0,0
1603039706051,8,1010123456031,74,,1,0,6,1,2,,16.8226,372,182811,0.639104,148,0,8.5,,4.65714,35,0,0.1,14,0,0,12.1285,31,,750,516,,0,0,0,1.05714
1603039706301,8,1010123456031,74,,1,0,6,1,2,,17.0175,570,183815,0.863712,225,0,9,,0,0,0,0,0,0,0,0,0,,750,710,,0,0,0,0
1603039706551,8,1010123456031,74,,1,0,6,1,2,,16.6732,508,183306,0.823552,208,0,9,,0,0,0,0,0,0,0,0,0,,750,682,,0,0,0,0
1603039706801,8,1010123456031,74,,1,0,6,1,2,,17.276,587,183065,0.9768,239,0,9,,0,0,0,0,0,0,0,0,0,,750,768,,0,0,0,0
1603039707051,8,1010123456031,74,,1,0,6,1,2,,17.3241,432,183966,0.720768,172,0,9,,11.7778,9,0,0.1,4,0,0,14.0866,31,,750,576,,0,0,0,1
1603039707301,8,1010123456031,74,,1,0,6,1,2,,16.6712,444,184221,0.696832,176,0,9,,12,3,0,0.1,1,0,0,16.9618,31,,750,582,,0,0,0,1
1603039707551,8,1010123456031,74,,1,0,6,1,2,,16.7039,483,183499,0.792064,194,0,9,,0,0,0,0,0,0,0,0,0,,750,644,,0,0,0,0
1603039707801,8,1010123456031,74,,1,0,6,1,2,,16.7944,462,183376,0.718272,186,0,9,,0,0,0,0,0,0,0,0,0,,750,590,,0,0,0,0
1603039708051,8,1010123456031,74,,1,0,6,1,2,,16.2574,404,182878,0.640256,164,0,9,,12.25,8,0,0.1,3,0,0,15.8181,31,,750,536,,0,0,0,1.5
1603039708301,8,1010123456031,74,,1,0,6,1,2,,15.4319,345,183369,0.551328,137,0,9,,0,0,0,0,0,0,0,0,0,,750,488,,0,0,0,0
1603039708551,8,1010123456031,74,,1,0,6,1,2,,16.392,449,183390,0.662912,182,0,9,,0,0,0,0,0,0,0,0,0,,750,562,,0,0,0,0
1603039708801,8,1010123456031,74,,1,0,6,1,2,,16.4693,375,183152,0.684,157,0,9,,0,0,0,0,0,0,0,0,0,,750,552,,0,0,0,0
1603039709051,8,1010123456031,74,,1,0,6,1,2,,17.4032,444,184353,0.77216,178,0,9,,11.8462,13,0,0.1,5,0,0,19.0577,31,,750,600,,0,0,0,1.15385
1603039709301,8,1010123456031,74,,1,0,6,1,2,,18.1723,447,183825,0.851392,172,0,9,,0,0,0,0,0,0,0,0,0,,750,640,,0,0,0,0
1603039709551,8,1010123456031,74,,1,0,6,1,2,,16.7357,507,183380,0.783136,203,0,9,,0,0,0,0,0,0,0,0,0,,750,642,,0,0,0,0
1603039709801,8,1010123456031,74,,1,0,6,1,2,,17.5495,404,183134,0.723136,168,0,9,,0,0,0,0,0,0,0,0,0,,750,552,,0,0,0,0
1603039710051,8,1010123456031,74,,1,0,6,1,2,,17.4647,411,183172,0.687584,159,0,9,,7.25,12,0,0.1,5,0,0,12.4644,31,,750,548,,0,0,0,1.33333
1603039710301,8,1010123456031,74,,1,0,6,1,2,,17.9312,378,184238,0.750848,154,0,9,,0,2,0,0.1,1,0,0,0,31,,750,538,,0,0,0,0
1603039710551,8,1010123456031,74,,1,0,6,1,2,,17.7354,412,183568,0.762528,161,0,9,,0,0,0,0,0,0,0,0,0,,750,592,,0,0,0,0
1603039710801,8,1010123456031,74,,1,0,6,1,2,,17.1938,583,183170,0.929216,238,0,9,,0,0,0,0,0,0,0,0,0,,750,740,,0,0,0,0
1603039711051,8,1010123456031,74,,1,0,6,1,2,,17.2317,561,182900,0.870848,224,0,9,,10.6364,11,0,0.1,5,20,0,10.7988,31,,750,698,,0,0,0,2.81818
1603039711301,8,1010123456031,74,,1,0,6,1,2,,16.972,535,182714,0.801312,213,0,9,,0,0,0,0,0,0,0,0,0,,750,656,,0,0,0,0
1603039711551,8,1010123456031,74,,1,0,6,1,2,,17.1274,573,182727,0.856384,232,0,9,,0,0,0,0,0,0,0,0,0,,750,696,,0,0,0,0
1603039711801,8,1010123456031,74,,1,0,6,1,2,,17.1123,579,183286,0.884352,232,0,9,,0,0,0,0,0,0,0,0,0,,750,720,,0,0,0,0
1603039712051,8,1010123456031,74,,1,0,6,1,2,,17.0889,551,183320,0.86672,225,0,9,,10.1,10,0,0.1,4,0,0,13.7915,31,,750,696,,0,0,0,1.6
1603039712301,8,1010123456031,74,,1,0,6,1,2,,17.1346,431,184225,0.78448,177,0,9,,0,0,0,0,0,0,0,0,0,,750,618,,0,0,0,0
1603039712551,8,1010123456031,74,,1,0,6,1,2,,16.3504,468,183928,0.76368,189,0,9,,0,0,0,0,0,0,0,0,0,,750,650,,0,0,0,0
1603039712801,8,1010123456031,74,,1,0,6,1,2,,16.4466,515,182961,0.83408,205,0,9,,0,0,0,0,0,0,0,0,0,,750,702,,0,0,0,0
1603039713051,8,1010123456031,74,,1,0,6,1,2,,17.2308,468,183814,0.834368,188,0,9,,7,46,0,0.1,19,15.7895,0,12.7083,31,,750,652,,0,0,0,3.08696
1603039713301,8,1010123456031,74,,1,0,6,1,2,,17.0985,457,184269,0.839104,184,0,9,,0,0,0,0,0,0,0,0,0,,750,664,,0,0,0,0
1603039713551,8,1010123456031,74,,1,0,6,1,2,,16.7234,470,183647,0.771136,184,0,9,,0,0,0,0,0,0,0,0,0,,750,640,,0,0,0,0
1603039713801,8,1010123456031,74,,1,0,6,1,2,,16.6702,379,183145,0.686432,154,0,8.57143,,0,0,0,0,0,0,0,0,0,,750,558,,0,0,0,0
1603039714051,8,1010123456031,74,,1,0,6,1,2,,16.8936,404,182959,0.732384,165,0,9,,4.04348,46,0,0.1,18,0,0,11.1748,31,,750,572,,0,0,0,1
1603039714301,8,1010123456031,74,,1,0,6,1,2,,17.1201,558,182715,0.84336,219,0,9,,0,0,0,0,0,0,0,0,0,,750,700,,0,0,0,0
1603039714551,8,1010123456031,74,,1,0,6,1,2,,17.4899,494,182338,0.865888,199,0,9,,0,0,0,0,0,0,0,0,0,,750,674,,0,0,0,0
1603039714801,8,1010123456031,74,,1,0,6,1,2,,17.776,433,183067,0.778688,174,0,9,,0,0,0,0,0,0,0,0,0,,750,598,,0,0,0,0
1603039715051,8,1010123456031,74,,1,0,6,1,2,,17.3402,388,183436,0.758432,157,0,9,,11.1429,7,0,0.1,3,0,0,17.2049,31,,750,576,,0,0,0,1
1603039715301,8,1010123456031,74,,1,0,6,1,2,,16.9836,549,183080,0.873664,220,0,9,,0,0,0,0,0,0,0,0,0,,750,708,,0,0,0,0
1603039715551,8,1010123456031,74,,1,0,6,1,2,,16.7812,544,183015,0.801568,215,0,9,,0,0,0,0,0,0,0,0,0,,750,670,,0,0,0,0
1603039715801,8,1010123456031,74,,1,0,6,1,2,,16.5805,441,183669,0.747936,181,0,9,,0,0,0,0,0,0,0,0,0,,750,614,,0,0,0,0
1603039716051,8,1010123456031,74,,1,0,6,1,2,,17.377,557,183362,0.907776,222,0,9,,12.8571,7,0,0.1,3,0,0,13.31,31,,750,730,,0,0,0,1.85714
1603039716301,8,1010123456031,74,,1,0,6,1,2,,16.7866,464,183207,0.728544,191,0,9,,0,0,0,0,0,0,0,0,0,,750,594,,0,0,0,0
1603039716551,8,1010123456031,74,,1,0,6,1,2,,17.7037,432,184152,0.7664,170,0,9,,0,2,0,0.1,1,0,0,0,31,,750,592,,0,0,0,0
1603039716801,8,1010123456031,74,,1,0,6,1,2,,16.9888,445,182812,0.752896,176,0,9,,0,0,0,0,0,0,0,0,0,,750,606,,0,0,0,0
1603039717051,8,1010123456031,74,,1,0,6,1,2,,17.2935,569,182813,0.917216,231,0,9,,9.625,8,0,0.1,3,0,0,15.9718,31,,750,726,,0,0,0,1.5
1603039717301,8,1010123456031,74,,1,0,6,1,2,,16.9628,538,183358,0.79616,214,0,9,,0,0,0,0,0,0,0,0,0,,750,648,,0,0,0,0
1603039717551,8,1010123456031,74,,1,0,6,1,2,,16.9336,572,183128,0.90768,229,0,9,,0,0,0,0,0,0,0,0,0,,750,744,,0,0,0,0
1603039717801,8,1010123456031,74,,1,0,6,1,2,,17.4684,427,182998,0.707296,169,0,9,,0,0,0,0,0,0,0,0,0,,750,564,,0,0,0,0
1603039718051,8,1010123456031,74,,1,0,6,1,2,,16.6499,477,183515,0.740736,188,0,9,,7.7,10,0,0.1,4,0,0,11.6232,31,,750,608,,0,0,0,1.2
1603039718301,8,1010123456031,74,,1,0,6,1,2,,17.1655,580,184018,0.94768,235,0,9,,0,0,0,0,0,0,0,0,0,,750,758,,0,0,0,0
1603039718551,8,1010123456031,74,,1,0,6,1,2,,17.0557,467,183796,0.761664,190,0,9,,0,0,0,0,0,0,0,0,0,,750,612,,0,0,0,0
1603039718801,8,1010123456031,74,,1,0,6,1,2,,16.9573,492,183283,0.723968,196,0,9,,0,0,0,0,0,0,0,0,0,,750,590,,0,0,0,0
1603039719051,8,1010123456031,74,,1,0,6,1,2,,17.1159,552,183719,0.80528,223,0,9,,10.375,8,0,0.1,3,0,0,16.3944,31,,750,648,,0,0,0,1.5
1603039719301,8,1010123456031,74,,1,0,6,1,2,,17.0217,553,183677,0.856256,224,0,9,,0,0,0,0,0,0,0,0,0,,750,700,,0,0,0,0
1603039719551,8,1010123456031,74,,1,0,6,1,2,,16.8333,504,184287,0.875008,202,0,9,,0,0,0,0,0,0,0,0,0,,750,714,,0,0,0,0
1603039719800,8,1010123456031,74,,1,0,6,1,2,,19.178,382,181853,0.899695,157,0,9.42857,,0,0,0,0,0,0,0,0,0,,750,594,,0,0,0,0
1603039720051,8,1010123456031,74,,1,0,6,1,2,,17.6322,416,183663,0.751936,170,0,9,,13.3333,9,0,0.1,4,0,0,19.7866,31,,750,574,,0,0,0,1.22222
1603039720300,8,1010123456031,74,,1,0,6,1,2,,16.8755,522,183877,0.757494,209,0,9,,0,0,0,0,0,0,0,0,0,,750,624,,0,0,0,0
1603039720551,8,1010123456031,74,,1,0,6,1,2,,17.4366,426,183947,0.76512,172,0,9,,0,0,0,0,0,0,0,0,0,,750,584,,0,0,0,0
1603039720801,8,1010123456031,74,,1,0,6,1,2,,17.501,513,184122,0.84,202,0,9,,0,0,0,0,0,0,0,0,0,,750,666,,0,0,0,0
1603039721051,8,1010123456031,74,,1,0,6,1,2,,16.8048,497,183951,0.80288,202,0,9,,8.38461,13,0,0.1,5,0,0,12.1308,31,,750,666,,0,0,0,1.61538
1603039721301,8,1010123456031,74,,1,0,6,1,2,,17.8813,396,183393,0.741376,158,0,9,,0,0,0,0,0,0,0,0,0,,750,544,,0,0,0,0
1603039721551,8,1010123456031,74,,1,0,6,1,2,,16.0416,409,183155,0.530816,166,0,9,,0,0,0,0,0,0,0,0,0,,750,462,,0,0,0,0
1603039721801,8,1010123456031,74,,1,0,6,1,2,,16.0879,398,184021,0.681952,161,0,9,,0,0,0,0,0,0,0,0,0,,750,574,,0,0,0,0
1603039722051,8,1010123456031,74,,1,0,6,1,2,,15.8787,437,184446,0.701056,170,0,9,,5.77778,27,0,0.1,10,0,0,12.7736,31,,750,602,,0,0,0,1.11111
1603039722301,8,1010123456031,74,,1,0,6,1,2,,17.2685,432,183972,0.763392,174,0,9,,0,0,0,0,0,0,0,0,0,,750,604,,0,0,0,0
1603039722551,8,1010123456031,74,,1,0,6,1,2,,16.602,407,183718,0.777184,167,0,9,,0,0,0,0,0,0,0,0,0,,750,618,,0,0,0,0
1603039722801,8,1010123456031,74,,1,0,6,1,2,,17.54,437,182631,0.788576,173,0,9,,0,0,0,0,0,0,0,0,0,,750,608,,0,0,0,0
1603039723051,8,1010123456031,74,,1,0,6,1,2,,17.2624,404,182395,0.778144,163,0,9,,12,8,0,0.1,3,0,0,14.848,31,,750,592,,0,0,0,1.25
1603039723301,8,1010123456031,74,,1,0,6,1,2,,17.9461,371,182371,0.694048,147,0,9,,0,0,0,0,0,0,0,0,0,,750,532,,0,0,0,0
1603039723551,8,1010123456031,74,,1,0,6,1,2,,17.0133,528,183546,0.864416,213,0,9,,0,0,0,0,0,0,0,0,0,,750,704,,0,0,0,0
1603039723801,8,1010123456031,74,,1,0,6,1,2,,17.7517,451,184083,0.856928,185,0,9,,0,0,0,0,0,0,0,0,0,,750,640,,0,0,0,0
1603039724051,8,1010123456031,74,,1,0,6,1,2,,17.7973,370,182725,0.747584,148,0,9,,5.03333,30,0,0.1,12,0,0,12.95,31,,750,568,,0,0,0,1.73333
1603039724301,8,1010123456031,74,,1,0,6,1,2,,16.478,500,183155,0.780064,197,0,9,,0,0,0,0,0,0,0,0,0,,750,662,,0,0,0,0
1603039724551,8,1010123456031,74,,1,0,6,1,2,,16.8698,553,183924,0.836992,222,0,9,,0,0,0,0,0,0,0,0,0,,750,682,,0,0,0,0
1603039724801,8,1010123456031,74,,1,0,6,1,2,,16.5662,544,183102,0.84864,220,0,9,,0,0,0,0,0,0,0,0,0,,750,692,,0,0,0,0
1603039725051,8,1010123456031,74,,1,0,6,1,2,,16.9958,474,183776,0.820768,189,0,9,,8.78378,37,0,0.1,15,20,0,10.0997,31,,750,660,,0,0,0,2.86486
1603039725301,8,1010123456031,74,,1,0,6,1,2,,17.3634,377,184363,0.709248,152,0,8.66667,,0,0,0,0,0,0,0,0,0,,750,540,,0,0,0,0
1603039725551,8,1010123456031,74,,1,0,6,1,2,,16.4278,374,181532,0.685792,151,0,8.5,,0,0,0,0,0,0,0,0,0,,750,584,,0,0,0,0
1603039725801,8,1010123456031,74,,1,0,6,1,2,,17.6146,371,182450,0.687872,148,0,9,,0,0,0,0,0,0,0,0,0,,750,520,,0,0,0,0
1603039726051,8,1010123456031,74,,1,0,6,1,2,,17.4659,410,182469,0.76016,165,0,9,,9.7,10,0,0.1,4,0,0,14.4783,31,,750,582,,0,0,0,1
1603039726301,8,1010123456031,74,,1,0,6,1,2,,16.408,402,183615,0.674048,160,0,9,,0,0,0,0,0,0,0,0,0,,750,558,,0,0,0,0
1603039726551,8,1010123456031,74,,1,0,6,1,2,,17.075,507,183743,0.865216,208,0,9,,5.5,6,0,0.1,2,0,0,15.1041,31,,750,684,,0,0,0,1
1603039726801,8,1010123456031,74,,1,0,6,1,2,,17.2045,577,183913,0.883104,229,0,9,,12.3333,9,0,0.1,4,50,0,11.9013,31,,750,724,,0,0,0,6.11111
1603039727051,8,1010123456031,74,,1,0,6,1,2,,15.051,431,183622,0.67616,172,0,7.83333,,7.07692,26,0,0.1,11,9.09091,0,12.589,31,,750,626,,0,0,0,2.07692
1603039727301,8,1010123456031,74,,1,0,6,1,2,,17.1162,585,183253,0.916896,235,0,9,,0,0,0,0,0,0,0,0,0,,750,742,,0,0,0,0
1603039727551,8,1010123456031,74,,1,0,6,1,2,,17.0129,544,183247,0.857792,220,0,9,,0,0,0,0,0,0,0,0,0,,750,696,,0,0,0,0
1603039727801,8,1010123456031,74,,1,0,6,1,2,,17.7585,410,184073,0.779616,165,0,9,,0,0,0,0,0,0,0,0,0,,750,588,,0,0,0,0
1603039728051,8,1010123456031,74,,1,0,6,1,2,,18.0163,369,184351,0.665024,148,0,9,,7.75,8,0,0.1,3,0,0,15.6617,31,,750,488,,0,0,0,1.5
1603039728301,8,1010123456031,74,,1,0,6,1,2,,17.0774,452,183485,0.767488,178,0,9,,0,0,0,0,0,0,0,0,0,,750,628,,0,0,0,0
1603039728551,8,1010123456031,74,,1,0,6,1,2,,17.3305,578,183061,0.9232,232,0,9,,0,0,0,0,0,0,0,0,0,,750,736,,0,0,0,0
1603039728801,8,1010123456031,74,,1,0,6,1,2,,17.0744,457,182255,0.833344,188,0,9,,0,0,0,0,0,0,0,0,0,,750,660,,0,0,0,0
1603039729051,8,1010123456031,74,,1,0,6,1,2,,14.6375,331,183304,0.547072,135,0,7.5,,12.8571,7,0,0.1,3,0,0,19.4191,31,,750,496,,0,0,0,1
1603039729301,8,1010123456031,74,,1,0,6,1,2,,16.3876,467,183417,0.741312,188,0,9,,0,0,0,0,0,0,0,0,0,,750,634,,0,0,0,0
1603039729551,8,1010123456031,74,,1,0,6,1,2,,17.2423,487,182609,0.848064,202,0,9,,0,0,0,0,0,0,0,0,0,,750,666,,0,0,0,0
1603039729801,8,1010123456031,74,,1,0,6,1,2,,17.8456,382,182385,0.75008,148,0,9,,0,0,0,0,0,0,0,0,0,,750,572,,0,0,0,0
1603039730051,8,1010123456031,74,,1,0,6,1,2,,15.9041,386,184128,0.713312,157,0,9,,9,15,0,0.1,7,14.2857,0,11.293,31,,750,592,,0,0,0,2.73333
1603039730301,8,1010123456031,74,,1,0,6,1,2,,15.5078,384,183652,0.637024,157,0,9,,0,0,0,0,0,0,0,0,0,,750,552,,0,0,0,0
1603039730551,8,1010123456031,74,,1,0,6,1,2,,17.9618,393,184295,0.78848,158,0,9,,0,0,0,0,0,0,0,0,0,,750,582,,0,0,0,0
1603039730801,8,1010123456031,74,,1,0,6,1,2,,17.1165,515,183942,0.855904,207,0,9,,0,0,0,0,0,0,0,0,0,,750,694,,0,0,0,0
1603039731051,8,1010123456031,74,,1,0,6,1,2,,17.7329,438,183802,0.800352,173,0,9,,9.625,8,0,0.1,3,0,0,21.5745,31,,750,620,,0,0,0,1
1603039731301,8,1010123456031,74,,1,0,6,1,2,,17.0437,572,183694,0.87248,229,0,9,,0,0,0,0,0,0,0,0,0,,750,700,,0,0,0,0
1603039731551,8,1010123456031,74,,1,0,6,1,2,,17.086,465,183205,0.771424,185,0,9,,0,0,0,0,0,0,0,0,0,,750,618,,0,0,0,0
1603039731801,8,1010123456031,74,,1,0,6,1,2,,17.3139,583,183689,0.948288,234,0,9,,0,0,0,0,0,0,0,0,0,,750,748,,0,0,0,0
1603039732051,8,1010123456031,74,,1,0,6,1,2,,17.2574,408,182166,0.659808,167,0,9,,11.4167,12,0,0.1,5,0,0,18.9938,31,,750,532,,0,0,0,1.33333
1603039732301,8,1010123456031,74,,1,0,6,1,2,,16.8631,387,183204,0.697408,156,0,9,,0,0,0,0,0,0,0,0,0,,750,548,,0,0,0,0
1603039732551,8,1010123456031,74,,1,0,6,1,2,,17.0089,560,182231,0.815616,222,0,9,,0,0,0,0,0,0,0,0,0,,750,686,,0,0,0,0
1603039732801,8,1010123456031,74,,1,0,6,1,2,,17.0864,359,182935,0.650112,148,0,9,,0,0,0,0,0,0,0,0,0,,750,504,,0,0,0,0
1603039733051,8,1010123456031,74,,1,0,6,1,2,,17.0971,546,183668,0.832384,218,0,9,,9.7,30,0,0.1,12,16.6667,0,8.51044,31,,750,676,,0,0,0,2.53333
1603039733301,8,1010123456031,74,,1,0,6,1,2,,17.0287,557,183766,0.84912,225,0,9,,0,0,0,0,0,0,0,0,0,,750,696,,0,0,0,0
1603039733551,8,1010123456031,74,,1,0,6,1,2,,17.0298,504,183040,0.790336,202,0,9,,0,0,0,0,0,0,0,0,0,,750,630,,0,0,0,0
1603039733801,8,1010123456031,74,,1,0,6,1,2,,16.7637,419,184470,0.672032,169,0,9,,0,0,0,0,0,0,0,0,0,,750,542,,0,0,0,0
1603039734051,8,1010123456031,74,,1,0,6,1,2,,18.3288,368,183463,0.734176,145,0,9,,7.5625,32,0,0.1,13,15.3846,0,12.6098,31,,750,542,,0,0,0,2.4375
1603039734301,8,1010123456031,74,,1,0,6,1,2,,16.6266,391,184428,0.687904,158,0,8.5,,0,0,0,0,0,0,0,0,0,,750,554,,0,0,0,0
1603039734551,8,1010123456031,74,,1,0,6,1,2,,16.9404,386,183555,0.735008,153,0,9,,0,0,0,0,0,0,0,0,0,,750,582,,0,0,0,0
1603039734801,8,1010123456031,74,,1,0,6,1,2,,17.6586,372,182337,0.744672,151,0,9,,0,0,0,0,0,0,0,0,0,,750,568,,0,0,0,0
1603039735051,8,1010123456031,74,,1,0,6,1,2,,18.0171,409,182174,0.802464,165,0,9,,12.1818,11,0,0.1,4,0,0,14.292,31,,750,602,,0,0,0,2.90909
1603039735301,8,1010123456031,74,,1,0,6,1,2,,17.381,483,182323,0.85552,195,0,9,,0,0,0,0,0,0,0,0,0,,750,662,,0,0,0,0
1603039735551,8,1010123456031,74,,1,0,6,1,2,,16.6015,517,182924,0.70976,208,0,9,,0,0,0,0,0,0,0,0,0,,750,582,,0,0,0,0
1603039735801,8,1010123456031,74,,1,0,6,1,2,,17.2819,564,183327,0.880576,228,0,9,,0,0,0,0,0,0,0,0,0,,750,716,,0,0,0,0
1603039736051,8,1010123456031,74,,1,0,6,1,2,,17.1507,584,182917,0.921632,233,0,9,,5.86957,23,0,0.1,9,0,0,11.0883,31,,750,742,,0,0,0,1.26087
1603039736301,8,1010123456031,74,,1,0,6,1,2,,17.2811,434,184567,0.775072,179,0,8.5,,0,0,0,0,0,0,0,0,0,,750,600,,0,0,0,0
1603039736551,8,1010123456031,74,,1,0,6,1,2,,16.7425,365,184001,0.618464,145,0,9,,0,0,0,0,0,0,0,0,0,,750,518,,0,0,0,0
1603039736801,8,1010123456031,74,,1,0,6,1,2,,18.9416,377,184299,0.8424,155,0,9.42857,,0,0,0,0,0,0,0,0,0,,750,560,,0,0,0,0
1603039737051,8,1010123456031,74,,1,0,6,1,2,,13.3599,364,184084,0.534912,151,0,7.2,,6.72973,37,0,0.1,15,0,0,17.5685,31,,750,554,,0,0,0,1.18919
1603039737301,8,1010123456031,74,,1,0,6,1,2,,16.9631,433,184128,0.759552,174,0,9,,0,0,0,0,0,0,0,0,0,,750,610,,0,0,0,0
1603039737551,8,1010123456031,74,,1,0,6,1,2,,16.7553,519,183203,0.734048,205,0,9,,0,0,0,0,0,0,0,0,0,,750,616,,0,0,0,0
1603039737801,8,1010123456031,74,,1,0,6,1,2,,17.2807,399,183396,0.79184,160,0,8.57143,,0,0,0,0,0,0,0,0,0,,750,624,,0,0,0,0
1603039738051,8,1010123456031,74,,1,0,6,1,2,,17.1442,326,183601,0.625856,138,0,9,,12.0833,12,0,0.1,5,20,0,12.607,31,,750,482,,0,0,0,3.41667
1603039738301,8,1010123456031,74,,1,0,6,1,2,,16.7846,390,183707,0.716896,153,0,9,,0,0,0,0,0,0,0,0,0,,750,564,,0,0,0,0
1603039738551,8,1010123456031,74,,1,0,6,1,2,,16.8135,429,183321,0.758272,174,0,9,,0,0,0,0,0,0,0,0,0,,750,624,,0,0,0,0
1603039738801,8,1010123456031,74,,1,0,6,1,2,,17.1721,581,182561,0.877152,231,0,9,,0,0,0,0,0,0,0,0,0,,750,714,,0,0,0,0
1603039739051,8,1010123456031,74,,1,0,6,1,2,,17.1638,586,183282,0.883328,234,0,9,,3.81481,27,0,0.1,12,0,0,12.4013,31,,750,712,,0,0,0,1.07407
1603039739301,8,1010123456031,74,,1,0,6,1,2,,16.8299,535,183867,0.802208,219,0,9,,0,0,0,0,0,0,0,0,0,,750,650,,0,0,0,0
1603039739551,8,1010123456031,74,,1,0,6,1,2,,17.6888,437,183895,0.75248,175,0,9,,0,0,0,0,0,0,0,0,0,,750,580,,0,0,0,0
1603039739801,8,1010123456031,74,,1,0,6,1,2,,16.9505,525,182925,0.836256,215,0,9,,0,0,0,0,0,0,0,0,0,,750,682,,0,0,0,0
1603039740051,8,1010123456031,74,,1,0,6,1,2,,17.736,375,184310,0.708768,151,0,9,,5.2069,29,0,0.1,12,0,0,14.7185,31,,750,544,,0,0,0,1.13793
1603039740301,8,1010123456031,74,,1,0,6,1,2,,17.3996,453,182760,0.824512,188,0,9,,0,0,0,0,0,0,0,0,0,,750,632,,0,0,0,0
1603039740551,8,1010123456031,74,,1,0,6,1,2,,17.0995,382,182669,0.713312,154,0,8.5,,0,0,0,0,0,0,0,0,0,,750,566,,0,0,0,0
1603039740801,8,1010123456031,74,,1,0,6,1,2,,17.6568,440,182445,0.799328,173,0,9,,0,0,0,0,0,0,0,0,0,,750,624,,0,0,0,0
1603039741051,8,1010123456031,74,,1,0,6,1,2,,15.6282,503,183229,0.73824,200,0,8.5,,9.33333,18,0,0.1,7,0,0,12.0399,31,,750,654,,0,0,0,1.83333
1603039741301,8,1010123456031,74,,1,0,6,1,2,,17.1239,573,183348,0.897504,231,0,9,,10.2143,14,0,0.1,5,0,0,13.2517,31,,750,730,,0,0,0,2.28571
1603039741551,8,1010123456031,74,,1,0,6,1,2,,16.7241,482,182956,0.780544,196,0,9,,6.66667,6,0,0.1,3,0,0,14.9689,31,,750,640,,0,0,0,1.33333
1603039741801,8,1010123456031,74,,1,0,6,1,2,,17.0807,570,182802,0.915264,230,0,9,,0,0,0,0,0,0,0,0,0,,750,736,,0,0,0,0
1603039742051,8,1010123456031,74,,1,0,6,1,2,,16.8649,496,183549,0.781088,197,0,9,,3.90909,22,0,0.1,9,0,0,9.51674,31,,750,632,,0,0,0,1.36364
1603039742301,8,1010123456031,74,,1,0,6,1,2,,17.2864,447,183359,0.731616,181,0,9,,0,0,0,0,0,0,0,0,0,,750,572,,0,0,0,0
1603039742551,8,1010123456031,74,,1,0,6,1,2,,17.1507,458,184029,0.764704,181,0,9,,0,0,0,0,0,0,0,0,0,,750,624,,0,0,0,0
1603039742801,8,1010123456031,74,,1,0,6,1,2,,16.7469,486,183745,0.700352,200,0,9,,0,0,0,0,0,0,0,0,0,,750,564,,0,0,0,0
1603039743051,8,1010123456031,74,,1,0,6,1,2,,17.3352,549,183828,0.873536,220,0,9,,7.05,20,0,0.1,8,0,0,11.1609,31,,750,722,,0,0,0,1
1603039743301,8,1010123456031,74,,1,0,6,1,2,,17.0547,439,182639,0.774464,184,0,9,,0,0,0,0,0,0,0,0,0,,750,604,,0,0,0,0
1603039743551,8,1010123456031,74,,1,0,6,1,2,,16.8215,549,182687,0.841824,217,0,9,,0,0,0,0,0,0,0,0,0,,750,700,,0,0,0,0
1603039743801,8,1010123456031,74,,1,0,6,1,2,,17.2207,503,182019,0.841312,205,0,9,,0,0,0,0,0,0,0,0,0,,750,668,,0,0,0,0
1603039744051,8,1010123456031,74,,1,0,6,1,2,,16.0474,401,183093,0.617216,160,0,8.5,,8.16667,18,0,0.1,8,0,0,13.9391,31,,750,544,,0,0,0,1.11111
1603039744301,8,1010123456031,74,,1,0,6,1,2,,17.5035,435,184189,0.789696,178,0,9,,0,0,0,0,0,0,0,0,0,,750,600,,0,0,0,0
1603039744551,8,1010123456031,74,,1,0,6,1,2,,17.0367,518,182641,0.797472,203,0,9,,0,0,0,0,0,0,0,0,0,,750,658,,0,0,0,0
1603039744801,8,1010123456031,74,,1,0,6,1,2,,16.9886,438,183299,0.778304,176,0,9,,0,0,0,0,0,0,0,0,0,,750,622,,0,0,0,0
1603039745051,8,1010123456031,74,,1,0,6,1,2,,17.2418,455,183824,0.789696,184,0,9,,10.5128,39,0,0.108768,15,20,0,10.0307,31,,750,626,,0,0,0,3.53846
1603039745301,8,1010123456031,74,,1,0,6,1,2,,17.7849,465,183248,0.845152,191,0,9,,0,0,0,0,0,0,0,0,0,,747,632,,0,0,0,0
1603039745551,8,1010123456031,74,,1,0,6,1,2,,16.8766,535,184132,0.817664,216,0,9,,0,0,0,0,0,0,0,0,0,,753,680,,0,0,0,0
1603039745801,8,1010123456031,74,,1,0,6,1,2,,17.0027,366,183775,0.67888,147,0,9,,0,0,0,0,0,0,0,0,0,,750,534,,0,0,0,0
1603039746051,8,1010123456031,74,,1,0,6,1,2,,17.5433,335,184590,0.646784,134,0,9,,7,18,0,0.1,7,0,0,12.9977,31,,750,486,,0,0,0,1.94444
1603039746301,8,1010123456031,74,,1,0,6,1,2,,18.0347,346,182355,0.632448,136,0,9,,0,0,0,0,0,0,0,0,0,,750,482,,0,0,0,0
1603039746551,8,1010123456031,74,,1,0,6,1,2,,17.4448,353,183906,0.68224,146,0,9,,0,0,0,0,0,0,0,0,0,,750,516,,0,0,0,0
1603039746801,8,1010123456031,74,,1,0,6,1,2,,15.8958,355,183453,0.57648,139,0,8.57143,,0,0,0,0,0,0,0,0,0,,750,500,,0,0,0,0
1603039747051,8,1010123456031,74,,1,0,6,1,2,,16.9773,529,182377,0.771872,207,0,9,,9.9697,33,0,0.1,13,15.3846,0,11.0089,31,,750,652,,0,0,0,3
1603039747301,8,1010123456031,74,,1,0,6,1,2,,17.6146,467,183484,0.826656,187,0,9,,0,0,0,0,0,0,0,0,0,,750,628,,0,0,0,0
1603039747551,8,1010123456031,74,,1,0,6,1,2,,18.043,395,183278,0.767648,161,0,9,,0,0,0,0,0,0,0,0,0,,750,568,,0,0,0,0
1603039747801,8,1010123456031,74,,1,0,6,1,2,,17.1132,486,183291,0.80544,194,0,9,,0,0,0,0,0,0,0,0,0,,750,642,,0,0,0,0
1603039748051,8,1010123456031,74,,1,0,6,1,2,,16.7872,545,182957,0.854848,218,0,9,,8.9,10,0,0.1,4,0,0,10.5834,31,,750,710,,0,0,0,1.6
1603039748301,8,1010123456031,74,,1,0,6,1,2,,16.263,365,183350,0.66432,148,0,8.83333,,0,0,0,0,0,0,0,0,0,,750,544,,0,0,0,0
1603039748551,8,1010123456031,74,,1,0,6,1,2,,17.6817,355,183978,0.68928,144,0,9,,0,0,0,0,0,0,0,0,0,,750,524,,0,0,0,0
1603039748801,8,1010123456031,74,,1,0,6,1,2,,17.4907,536,183391,0.875584,214,0,9,,0,0,0,0,0,0,0,0,0,,750,690,,0,0,0,0
1603039749051,8,1010123456031,74,,1,0,6,1,2,,16.9194,558,183786,0.897504,225,0,9,,10.7778,27,0,0.107104,11,0,0,12.5841,31,,750,726,,0,0,0,1.48148
1603039749301,8,1010123456031,74,,1,0,6,1,2,,17.2147,354,181965,0.619424,141,0,9,,0,0,0,0,0,0,0,0,0,,750,492,,0,0,0,0
1603039749551,8,1010123456031,74,,1,0,6,1,2,,17.424,342,182798,0.683648,138,0,9,,0,0,0,0,0,0,0,0,0,,750,522,,0,0,0,0
1603039749801,8,1010123456031,74,,1,0,6,1,2,,13.4011,364,183534,0.557632,149,0,8.16667,,0,0,0,0,0,0,0,0,0,,750,556,,0,0,0,0
1603039750051,8,1010123456031,74,,1,0,6,1,2,,17.1535,482,182667,0.776896,190,0,9,,11.3636,11,0,0.1,4,0,0,17.2189,31,,750,620,,0,0,0,2.63636
1603039750301,8,1010123456031,74,,1,0,6,1,2,,17,538,182646,0.807168,216,0,9,,0,0,0,0,0,0,0,0,0,,750,658,,0,0,0,0
1603039750551,8,1010123456031,74,,1,0,6,1,2,,16.9827,520,183842,0.880032,213,0,9,,0,0,0,0,0,0,0,0,0,,750,698,,0,0,0,0
1603039750801,8,1010123456031,74,,1,0,6,1,2,,17.4088,455,183143,0.761568,179,0,9,,0,0,0,0,0,0,0,0,0,,750,610,,0,0,0,0
1603039751051,8,1010123456031,74,,1,0,6,1,2,,17.4286,504,183112,0.86176,200,0,9,,5.07143,14,0,0.1,6,0,0,7.79202,31,,750,672,,0,0,0,1.14286
1603039751301,8,1010123456031,74,,1,0,6,1,2,,17.0412,582,183785,0.883232,233,0,9,,0,0,0,0,0,0,0,0,0,,750,716,,0,0,0,0
1603039751551,8,1010123456031,74,,1,0,6,1,2,,17.1462,561,183019,0.884992,228,0,9,,0,0,0,0,0,0,0,0,0,,750,710,,0,0,0,0
1603039751801,8,1010123456031,74,,1,0,6,1,2,,16.8883,546,184432,0.86432,218,0,9,,0,0,0,0,0,0,0,0,0,,750,704,,0,0,0,0
1603039752051,8,1010123456031,74,,1,0,6,1,2,,18.0169,415,184634,0.802528,167,0,9,,14.2162,37,0,0.179552,15,20,0,15.9542,31,,750,592,,0,0,0,2.72973
1603039752301,8,1010123456031,74,,1,0,6,1,2,,17.3455,495,183060,0.8216,201,0,9,,0,0,0,0,0,0,0,0,0,,750,646,,0,0,0,0
1603039752551,8,1010123456031,74,,1,0,6,1,2,,17.2068,382,182753,0.614944,151,0,9,,0,0,0,0,0,0,0,0,0,,750,494,,0,0,0,0
1603039752801,8,1010123456031,74,,1,0,6,1,2,,18.1376,378,183211,0.752352,155,0,9,,0,0,0,0,0,0,0,0,0,,750,548,,0,0,0,0
1603039753051,8,1010123456031,74,,1,0,6,1,2,,18.3952,377,183676,0.77776,153,0,9,,14.3529,17,0,0.1,6,50,0,12.6696,31,,750,572,,0,0,0,5.94118
1603039753301,8,1010123456031,74,,1,0,6,1,2,,18.1111,423,182955,0.83008,166,0,9,,0,0,0,0,0,0,0,0,0,,750,612,,0,0,0,0
1603039753551,8,1010123456031,74,,1,0,6,1,2,,17.4918,547,183933,0.863648,215,0,9,,0,0,0,0,0,0,0,0,0,,750,686,,0,0,0,0
1603039753801,8,1010123456031,74,,1,0,6,1,2,,16.1003,369,183481,0.645056,151,0,8.28571,,0,0,0,0,0,0,0,0,0,,750,536,,0,0,0,0
1603039754051,8,1010123456031,74,,1,0,6,1,2,,16.8155,374,183392,0.560864,149,0,9,,13.7273,11,0,0.1,4,0,0,13.9745,31,,750,466,,0,0,0,1.54545
1603039754300,8,1010123456031,74,,1,0,6,1,2,,17.1594,552,184178,0.894683,223,0,9,,0,0,0,0,0,0,0,0,0,,750,710,,0,0,0,0
1603039754551,8,1010123456031,74,,1,0,6,1,2,,17.2929,420,183028,0.685984,165,0,9,,0,0,0,0,0,0,0,0,0,,750,550,,0,0,0,0
1603039754801,8,1010123456031,74,,1,0,6,1,2,,16.4286,448,183679,0.735808,179,0,8.5,,0,0,0,0,0,0,0,0,0,,750,622,,0,0,0,0
1603039755051,8,1010123456031,74,,1,0,6,1,2,,18.2749,382,183087,0.795104,157,0,9,,10.6071,28,0,0.112736,11,0,0,16.1389,31,,750,566,,0,0,0,1.25
1603039755301,8,1010123456031,74,,1,0,6,1,2,,18.0382,393,182574,0.718368,151,0,9,,0,0,0,0,0,0,0,0,0,,750,546,,0,0,0,0
1603039755551,8,1010123456031,74,,1,0,6,1,2,,18.2608,395,183201,0.793152,158,0,9,,0,0,0,0,0,0,0,0,0,,750,574,,0,0,0,0
1603039755801,8,1010123456031,74,,1,0,6,1,2,,17.806,366,183243,0.642464,149,0,9,,0,0,0,0,0,0,0,0,0,,750,502,,0,0,0,0
1603039756051,8,1010123456031,74,,1,0,6,1,2,,17.4534,569,183746,0.945248,229,0,9,,8.23077,13,0,0.1,5,0,0,12.7912,31,,750,738,,0,0,0,1.69231
1603039756301,8,1010123456031,74,,1,0,6,1,2,,18.309,424,183746,0.8464,168,0,9,,12,3,0,0.1,1,0,0,8.66514,31,,750,628,,0,0,0,6
1603039756551,8,1010123456031,74,,1,0,6,1,2,,17.2309,576,183795,0.89968,231,0,9,,0,0,0,0,0,0,0,0,0,,750,726,,0,0,0,0
1603039756801,8,1010123456031,74,,1,0,6,1,2,,16.817,530,182986,0.809088,214,0,9,,0,0,0,0,0,0,0,0,0,,750,648,,0,0,0,0
1603039757051,8,1010123456031,74,,1,0,6,1,2,,16.5436,493,183435,0.747328,198,0,9,,6.875,16,0,0.1,6,0,0,12.0201,31,,750,616,,0,0,0,1
1603039757301,8,1010123456031,74,,1,0,6,1,2,,17.5751,386,184278,0.72352,154,0,9,,0,0,0,0,0,0,0,0,0,,750,558,,0,0,0,0
1603039757551,8,1010123456031,74,,1,0,6,1,2,,16.9864,588,184048,0.906016,233,0,9,,0,0,0,0,0,0,0,0,0,,750,740,,0,0,0,0
1603039757801,8,1010123456031,74,,1,0,6,1,2,,17.3195,579,183952,0.907424,235,0,9,,0,0,0,0,0,0,0,0,0,,750,728,,0,0,0,0
1603039758051,8,1010123456031,74,,1,0,6,1,2,,17.3465,505,181937,0.869536,201,0,9,,10.8182,11,0,0.1,4,0,0,14.4708,31,,750,682,,0,0,0,2
1603039758301,8,1010123456031,74,,1,0,6,1,2,,17.1493,402,182043,0.657184,161,0,9,,0,0,0,0,0,0,0,0,0,,750,524,,0,0,0,0
1603039758551,8,1010123456031,74,,1,0,6,1,2,,17.9641,390,183085,0.734592,156,0,9,,0,0,0,0,0,0,0,0,0,,747,542,,0,0,0,0
1603039758801,8,1010123456031,74,,1,0,6,1,2,,16.9321,560,182940,0.90464,226,0,9,,0,0,0,0,0,0,0,0,0,,750,740,,0,0,0,0
1603039759051,8,1010123456031,74,,1,0,6,1,2,,16.2696,471,183387,0.74928,189,0,9,,9.75,12,0,0.1,5,0,0,13.9158,31,,750,626,,0,0,0,1.16667
1603039759301,8,1010123456031,74,,1,0,6,1,2,,17.2316,531,182461,0.883136,216,0,9,,0,0,0,0,0,0,0,0,0,,750,706,,0,0,0,0
1603039759551,8,1010123456031,74,,1,0,6,1,2,,17.9384,406,184168,0.769024,166,0,9,,9,3,0,0.1,1,0,0,9.02161,31,,750,560,,0,0,0,1
1603039759801,8,1010123456031,74,,1,0,6,1,2,,17.1299,539,183882,0.849408,212,0,9,,0,0,0,0,0,0,0,0,0,,750,696,,0,0,0,0
1603039760051,8,1010123456031,74,,1,0,6,1,2,,16.9625,533,183413,0.822592,216,0,9,,2.91667,24,0,0.1,10,0,0,8.12131,31,,750,674,,0,0,0,1
1603039760301,8,1010123456031,74,,1,0,6,1,2,,16.8274,533,184152,0.833408,218,0,9,,0,0,0,0,0,0,0,0,0,,750,686,,0,0,0,0
1603039760551,8,1010123456031,74,,1,0,6,1,2,,17.1823,521,182956,0.839008,209,0,9,,0,0,0,0,0,0,0,0,0,,750,682,,0,0,0,0
1603039760801,8,1010123456031,74,,1,0,6,1,2,,16.9093,518,183695,0.804448,213,0,9,,0,0,0,0,0,0,0,0,0,,750,640,,0,0,0,0
1603039761051,8,1010123456031,74,,1,0,6,1,2,,17.1934,579,183189,0.907968,230,0,9,,7.5625,32,0,0.1,13,0,0,12.1287,31,,750,742,,0,0,0,1
1603039761301,8,1010123456031,74,,1,0,6,1,2,,16.9134,566,183372,0.86848,230,0,9,,0,0,0,0,0,0,0,0,0,,750,696,,0,0,0,0
1603039761551,8,1010123456031,74,,1,0,6,1,2,,16.628,500,183244,0.703552,200,0,9,,0,0,0,0,0,0,0,0,0,,750,598,,0,0,0,0
1603039761801,8,1010123456031,74,,1,0,6,1,2,,15.8789,413,184331,0.617728,172,0,8.57143,,0,0,0,0,0,0,0,0,0,,750,518,,0,0,0,0
1603039762051,8,1010123456031,74,,1,0,6,1,2,,17.5727,351,182778,0.599648,137,0,9,,4.86957,46,0,0.104576,18,0,0,12.8583,31,,750,476,,0,0,0,1.43478
1603039762301,8,1010123456031,74,,1,0,6,1,2,,17.4514,370,182575,0.663616,148,0,9,,0,0,0,0,0,0,0,0,0,,750,518,,0,0,0,0
1603039762551,8,1010123456031,74,,1,0,6,1,2,,17.3333,495,183636,0.859808,197,0,9,,0,0,0,0,0,0,0,0,0,,750,680,,0,0,0,0
1603039762801,8,1010123456031,74,,1,0,6,1,2,,17.2844,524,182511,0.851872,213,0,9,,7,3,0,0.1,1,0,0,15.9343,31,,750,672,,0,0,0,1
1603039763051,8,1010123456031,74,,1,0,6,1,2,,16.9752,564,182727,0.842432,226,0,9,,7.88889,9,0,0.1,4,0,0,17.2321,31,,750,696,,0,0,0,1.22222
1603039763301,8,1010123456031,74,,1,0,6,1,2,,16.2409,386,184448,0.636576,159,0,9,,0,0,0,0,0,0,0,0,0,,750,512,,0,0,0,0
1603039763551,8,1010123456031,74,,1,0,6,1,2,,16.9338,317,183746,0.5336,125,0,9.16667,,0,0,0,0,0,0,0,0,0,,750,436,,0,0,0,0
1603039763801,8,1010123456031,74,,1,0,6,1,2,,17.3457,457,183897,0.794784,183,0,9,,0,0,0,0,0,0,0,0,0,,750,634,,0,0,0,0
1603039764051,8,1010123456031,74,,1,0,6,1,2,,16.9402,401,183886,0.682784,161,0,9,,12.3571,14,0,0.1,5,20,0,12.5854,31,,750,530,,0,0,0,3.28571
1603039764301,8,1010123456031,74,,1,0,6,1,2,,14.9887,355,184489,0.563072,144,0,7.83333,,0,0,0,0,0,0,0,0,0,,750,516,,0,0,0,0
1603039764551,8,1010123456031,74,,1,0,6,1,2,,16.0157,508,182340,0.750048,199,0,9,,0,0,0,0,0,0,0,0,0,,750,688,,0,0,0,0
1603039764801,8,1010123456031,74,,1,0,6,1,2,,17.4791,382,184034,0.770944,156,0,9,,0,2,0,0.1,1,0,0,0,31,,750,574,,0,0,0,0
1603039765051,8,1010123456031,74,,1,0,6,1,2,,17.9564,367,183076,0.675872,145,0,9,,11.375,16,0,0.1,6,33.3333,0,7.16909,31,,750,518,,0,0,0,4.6875
1603039765301,8,1010123456031,74,,1,0,6,1,2,,17.2732,421,182760,0.767264,165,0,9,,0,0,0,0,0,0,0,0,0,,750,604,,0,0,0,0
1603039765551,8,1010123456031,74,,1,0,6,1,2,,16.9621,581,183799,0.87456,234,0,9,,0,0,0,0,0,0,0,0,0,,750,712,,0,0,0,0
1603039765801,8,1010123456031,74,,1,0,6,1,2,,16.7615,520,184192,0.764896,209,0,9,,0,0,0,0,0,0,0,0,0,,750,618,,0,0,0,0
1603039766051,8,1010123456031,74,,1,0,6,1,2,,17.1912,570,183788,0.853344,229,0,9,,6.58824,17,0,0.1,7,0,0,11.8727,31,,750,704,,0,0,0,1
1603039766301,8,1010123456031,74,,1,0,6,1,2,,16.871,558,184059,0.85488,223,0,9,,0,0,0,0,0,0,0,0,0,,750,696,,0,0,0,0
1603039766551,8,1010123456031,74,,1,0,6,1,2,,16.668,497,184216,0.748064,199,0,9,,9,3,0,0.1,1,0,0,6.97907,31,,750,626,,0,0,0,2
1603039766800,8,1010123456031,74,,1,0,6,1,2,,16.8535,580,183660,0.904064,233,0,9,,0,0,0,0,0,0,0,0,0,,750,716,,0,0,0,0
1603039767051,8,1010123456031,74,,1,0,6,1,2,,16.8699,515,183760,0.815936,210,0,9,,4.83721,43,0,0.1,17,0,0,10.8945,31,,750,660,,0,0,0,1.25581
1603039767301,8,1010123456031,74,,1,0,6,1,2,,16.71,369,182691,0.641056,141,0,9,,0,0,0,0,0,0,0,0,0,,750,524,,0,0,0,0
1603039767551,8,1010123456031,74,,1,0,6,1,2,,16.9287,491,182966,0.786368,194,0,9,,0,0,0,0,0,0,0,0,0,,750,646,,0,0,0,0
1603039767801,8,1010123456031,74,,1,0,6,1,2,,17.0717,572,182727,0.870432,231,0,9,,0,0,0,0,0,0,0,0,0,,750,706,,0,0,0,0
1603039768051,8,1010123456031,74,,1,0,6,1,2,,16.7521,363,184572,0.6736,150,0,7.6,,3.69565,23,0,0.1,9,0,0,7.45996,31,,750,528,,0,0,0,1
1603039768301,8,1010123456031,74,,1,0,6,1,2,,16.763,443,183273,0.734176,179,0,9,,0,0,0,0,0,0,0,0,0,,750,630,,0,0,0,0
1603039768551,8,1010123456031,74,,1,0,6,1,2,,17.0578,467,183873,0.75264,188,0,9,,0,0,0,0,0,0,0,0,0,,750,600,,0,0,0,0
1603039768801,8,1010123456031,74,,1,0,6,1,2,,17.089,483,183788,0.80256,192,0,9,,0,0,0,0,0,0,0,0,0,,750,654,,0,0,0,0
1603039769051,8,1010123456031,74,,1,0,6,1,2,,17.9187,369,183409,0.722432,148,0,9,,9.92308,13,0,0.1,5,0,0,15.1552,31,,750,534,,0,0,0,1.84615
1603039769301,8,1010123456031,74,,1,0,6,1,2,,17.9556,360,183311,0.679296,148,0,9,,0,0,0,0,0,0,0,0,0,,750,500,,0,0,0,0
1603039769551,8,1010123456031,74,,1,0,6,1,2,,16.9223,515,183719,0.77344,204,0,9,,0,0,0,0,0,0,0,0,0,,750,652,,0,0,0,0
1603039769801,8,1010123456031,74,,1,0,6,1,2,,17.1367,556,182299,0.855296,222,0,9,,0,0,0,0,0,0,0,0,0,,750,694,,0,0,0,0
1603039770051,8,1010123456031,74,,1,0,6,1,2,,17.2124,518,183344,0.872448,208,0,9,,8.25,16,0,0.1,7,0,0,12.8683,31,,750,688,,0,0,0,1.1875
1603039770301,8,1010123456031,74,,1,0,6,1,2,,16.5756,516,183724,0.840896,206,0,9,,0,0,0,0,0,0,0,0,0,,750,696,,0,0,0,0
1603039770551,8,1010123456031,74,,1,0,6,1,2,,15.0798,351,184167,0.631904,145,0,7.83333,,0,0,0,0,0,0,0,0,0,,750,536,,0,0,0,0
1603039770801,8,1010123456031,74,,1,0,6,1,2,,17.3109,521,182431,0.834496,206,0,9,,0,0,0,0,0,0,0,0,0,,750,684,,0,0,0,0
1603039771051,8,1010123456031,74,,1,0,6,1,2,,17.0429,559,183679,0.868608,226,0,9,,2.39394,33,0,0.1,14,0,0,9.18459,31,,750,702,,0,0,0,1
1603039771301,8,1010123456031,74,,1,0,6,1,2,,16.8834,506,183247,0.77904,201,0,9,,0,0,0,0,0,0,0,0,0,,750,636,,0,0,0,0
1603039771551,8,1010123456031,74,,1,0,6,1,2,,17.2437,599,182359,0.973536,237,0,9,,0,0,0,0,0,0,0,0,0,,750,786,,0,0,0,0
1603039771801,8,1010123456031,74,,1,0,6,1,2,,16.8324,543,184287,0.853728,225,0,9,,0,0,0,0,0,0,0,0,0,,750,690,,0,0,0,0
1603039772051,8,1010123456031,74,,1,0,6,1,2,,16.7168,519,183316,0.788576,209,0,9,,5.72727,33,0,0.1,13,0,0,12.0011,31,,750,656,,0,0,0,1
1603039772301,8,1010123456031,74,,1,0,6,1,2,,17.656,407,183550,0.70624,162,0,9,,0,0,0,0,0,0,0,0,0,,750,544,,0,0,0,0
1603039772551,8,1010123456031,74,,1,0,6,1,2,,18.2424,363,184261,0.727808,146,0,9,,0,0,0,0,0,0,0,0,0,,750,540,,0,0,0,0
1603039772801,8,1010123456031,74,,1,0,6,1,2,,18.0764,419,182248,0.82752,168,0,9,,0,0,0,0,0,0,0,0,0,,750,612,,0,0,0,0
1603039773051,8,1010123456031,74,,1,0,6,1,2,,18.0053,375,182130,0.768,154,0,9,,13.7143,7,0,0.1,3,0,0,14.2188,31,,750,568,,0,0,0,2.14286
1603039773301,8,1010123456031,74,,1,0,6,1,2,,17.558,371,183329,0.715744,149,0,9,,0,0,0,0,0,0,0,0,0,,750,548,,0,0,0,0
1603039773551,8,1010123456031,74,,1,0,6,1,2,,17.3482,382,182985,0.723072,152,0,9,,0,0,0,0,0,0,0,0,0,,750,558,,0,0,0,0
1603039773801,8,1010123456031,74,,1,0,6,1,2,,17.2563,394,183593,0.777824,159,0,9,,0,0,0,0,0,0,0,0,0,,750,610,,0,0,0,0
1603039774051,8,1010123456031,74,,1,0,6,1,2,,16.9765,468,182858,0.779168,183,0,9,,7.25,16,0,0.1,7,0,0,11.9305,31,,750,632,,0,0,0,1
1603039774301,8,1010123456031,74,,1,0,6,1,2,,17.0269,483,183971,0.733632,192,0,9,,0,0,0,0,0,0,0,0,0,,750,580,,0,0,0,0
1603039774551,8,1010123456031,74,,1,0,6,1,2,,16.6743,479,183208,0.746432,192,0,9,,0,0,0,0,0,0,0,0,0,,750,614,,0,0,0,0
1603039774801,8,1010123456031,74,,1,0,6,1,2,,17.8089,450,184074,0.814592,178,0,9,,0,0,0,0,0,0,0,0,0,,750,626,,0,0,0,0
1603039775051,8,1010123456031,74,,1,0,6,1,2,,17.0681,514,183356,0.821472,203,0,9,,1.86207,29,0,0.1,12,0,0,5.74305,31,,750,674,,0,0,0,1
1603039775301,8,1010123456031,74,,1,0,6,1,2,,16.5153,489,184185,0.806528,202,0,9,,0,0,0,0,0,0,0,0,0,,750,650,,0,0,0,0
1603039775551,8,1010123456031,74,,1,0,6,1,2,,17.9484,407,183955,0.755136,158,0,9,,0,0,0,0,0,0,0,0,0,,750,576,,0,0,0,0
1603039775801,8,1010123456031,74,,1,0,6,1,2,,17.4222,559,181917,0.919232,224,0,9,,0,0,0,0,0,0,0,0,0,,750,728,,0,0,0,0
1603039776051,8,1010123456031,74,,1,0,6,1,2,,15.2168,452,183189,0.584608,179,0,8.66667,,3.58974,39,0,0.1,16,0,0,11.2323,31,,750,534,,0,0,0,1
1603039776301,8,1010123456031,74,,1,0,6,1,2,,16.1126,382,183670,0.616288,157,0,9,,0,0,0,0,0,0,0,0,0,,750,508,,0,0,0,0
1603039776551,8,1010123456031,74,,1,0,6,1,2,,17.4111,540,182584,0.913344,214,0,9,,0,0,0,0,0,0,0,0,0,,750,738,,0,0,0,0
1603039776801,8,1010123456031,74,,1,0,6,1,2,,17.0357,420,183934,0.774784,172,0,9,,0,0,0,0,0,0,0,0,0,,750,602,,0,0,0,0
1603039777051,8,1010123456031,74,,1,0,6,1,2,,17.2516,473,182346,0.842368,186,0,9,,10.5,6,0,0.1,3,0,0,15.7696,31,,750,674,,0,0,0,1.33333
1603039777301,8,1010123456031,74,,1,0,6,1,2,,16.7407,455,183451,0.775328,183,0,9,,0,0,0,0,0,0,0,0,0,,750,628,,0,0,0,0
1603039777551,8,1010123456031,74,,1,0,6,1,2,,17.3501,357,183989,0.646496,145,0,9,,0,0,0,0,0,0,0,0,0,,750,504,,0,0,0,0
1603039777801,8,1010123456031,74,,1,0,6,1,2,,16.3106,367,183475,0.643296,150,0,8.71429,,0,0,0,0,0,0,0,0,0,,750,522,,0,0,0,0
1603039778051,8,1010123456031,74,,1,0,6,1,2,,17.5097,518,183975,0.875968,204,0,9,,14.2727,11,0,0.1,4,0,0,16.1586,31,,750,694,,0,0,0,1.90909
1603039778301,8,1010123456031,74,,1,0,6,1,2,,16.2926,458,183497,0.736992,185,0,9,,0,0,0,0,0,0,0,0,0,,750,612,,0,0,0,0
1603039778551,8,1010123456031,74,,1,0,6,1,2,,17.2575,435,184519,0.677312,176,0,9,,0,0,0,0,0,0,0,0,0,,750,544,,0,0,0,0
1603039778801,8,1010123456031,74,,1,0,6,1,2,,16.1653,375,182427,0.646144,153,0,8.57143,,0,0,0,0,0,0,0,0,0,,750,534,,0,0,0,0
1603039779051,8,1010123456031,74,,1,0,6,1,2,,17.7381,485,182493,0.846272,190,0,9,,10.625,8,0,0.1,3,0,0,14.8087,31,,750,652,,0,0,0,1.25
1603039779300,8,1010123456031,74,,1,0,6,1,2,,17.3681,451,183415,0.789783,186,0,9,,0,0,0,0,0,0,0,0,0,,750,606,,0,0,0,0
1603039779551,8,1010123456031,74,,1,0,6,1,2,,17.2317,492,183172,0.79696,191,0,9,,0,0,0,0,0,0,0,0,0,,750,646,,0,0,0,0
1603039779800,8,1010123456031,74,,1,0,6,1,2,,16.8689,534,183548,0.878972,220,0,7.6,,0,0,0,0,0,0,0,0,0,,750,698,,0,0,0,0
1603039780051,8,1010123456031,74,,1,0,6,1,2,,15.7104,366,183847,0.636384,143,0,9,,5.25,28,0,0.1,11,0,0,14.5644,31,,750,568,,0,0,0,1.32143
1603039780301,8,1010123456031,74,,1,0,6,1,2,,16.7598,562,182825,0.78752,224,0,9,,0,0,0,0,0,0,0,0,0,,750,658,,0,0,0,0
1603039780551,8,1010123456031,74,,1,0,6,1,2,,17.1846,585,183451,0.925728,233,0,9,,0,0,0,0,0,0,0,0,0,,750,750,,0,0,0,0
1603039780801,8,1010123456031,74,,1,0,6,1,2,,16.9838,556,183578,0.870592,224,0,9,,0,0,0,0,0,0,0,0,0,,750,694,,0,0,0,0
1603039781051,8,1010123456031,74,,1,0,6,1,2,,17.7809,324,184052,0.634048,132,0,9,,12.25,8,0,0.1,3,0,0,15.9766,31,,750,488,,0,0,0,1.5
1603039781301,8,1010123456031,74,,1,0,6,1,2,,17.691,424,184450,0.801568,171,0,9,,0,0,0,0,0,0,0,0,0,,750,608,,0,0,0,0
1603039781551,8,1010123456031,74,,1,0,6,1,2,,15.823,452,182802,0.66736,180,0,8.16667,,0,0,0,0,0,0,0,0,0,,750,596,,0,0,0,0
1603039781801,8,1010123456031,74,,1,0,6,1,2,,17.4154,585,182233,0.930272,233,0,9,,0,0,0,0,0,0,0,0,0,,750,736,,0,0,0,0
1603039782051,8,1010123456031,74,,1,0,6,1,2,,17.0229,567,183511,0.913632,229,0,9,,7.7,10,0,0.1,4,0,0,12.2367,31,,750,738,,0,0,0,1
1603039782301,8,1010123456031,74,,1,0,6,1,2,,16.983,530,182585,0.82448,213,0,9,,0,0,0,0,0,0,0,0,0,,750,678,,0,0,0,0
1603039782551,8,1010123456031,74,,1,0,6,1,2,,18.2813,391,182563,0.812096,160,0,9,,0,0,0,0,0,0,0,0,0,,750,588,,0,0,0,0
1603039782801,8,1010123456031,74,,1,0,6,1,2,,16.7419,403,183636,0.696224,167,0,8.85714,,0,0,0,0,0,0,0,0,0,,750,558,,0,0,0,0
1603039783051,8,1010123456031,74,,1,0,6,1,2,,17.0193,518,183857,0.789184,204,0,9,,7.47059,17,0,0.1,7,0,0,10.9678,31,,750,654,,0,0,0,1
1603039783301,8,1010123456031,74,,1,0,6,1,2,,16.4978,458,182817,0.747328,184,0,9,,0,0,0,0,0,0,0,0,0,,750,618,,0,0,0,0
1603039783551,8,1010123456031,74,,1,0,6,1,2,,17.4474,418,183263,0.690304,166,0,9,,0,0,0,0,0,0,0,0,0,,750,546,,0,0,0,0
1603039783801,8,1010123456031,74,,1,0,6,1,2,,17.0626,575,182871,0.870496,229,0,9,,0,0,0,0,0,0,0,0,0,,750,706,,0,0,0,0
1603039784051,8,1010123456031,74,,1,0,6,1,2,,16.9011,556,183503,0.836928,220,0,9,,3.97826,46,0,0.1,18,0,0,11.0524,31,,750,690,,0,0,0,1.06522
1603039784301,8,1010123456031,74,,1,0,6,1,2,,17.0616,552,184478,0.836256,223,0,9,,0,0,0,0,0,0,0,0,0,,750,668,,0,0,0,0
1603039784551,8,1010123456031,74,,1,0,6,1,2,,17.1325,536,182621,0.819168,213,0,9,,3.11111,9,0,0.1,4,0,0,8.05219,31,,750,668,,0,0,0,1
1603039784801,8,1010123456031,74,,1,0,6,1,2,,16.9038,520,182561,0.809184,207,0,9,,0,0,0,0,0,0,0,0,0,,747,662,,0,0,0,0
1603039785051,8,1010123456031,74,,1,0,6,1,2,,17.0729,480,181892,0.770496,194,0,9,,5.43478,23,0,0.1,9,0,0,11.0949,31,,753,626,,0,0,0,1
1603039785301,8,1010123456031,74,,1,0,6,1,2,,17.0837,442,182962,0.785664,174,0,9,,0,0,0,0,0,0,0,0,0,,750,614,,0,0,0,0
1603039785551,8,1010123456031,74,,1,0,6,1,2,,17.1136,581,182716,0.914368,234,0,9,,0,0,0,0,0,0,0,0,0,,750,740,,0,0,0,0
1603039785801,8,1010123456031,74,,1,0,6,1,2,,17.5095,579,182154,0.962112,234,0,9,,0,0,0,0,0,0,0,0,0,,750,770,,0,0,0,0
1603039786051,8,1010123456031,74,,1,0,6,1,2,,17.0629,477,184112,0.758048,195,0,9,,7.5,16,0,0.1,6,0,0,9.14668,31,,750,598,,0,0,0,1.4375
1603039786301,8,1010123456031,74,,1,0,6,1,2,,16.9406,387,183728,0.708864,152,0,9,,0,0,0,0,0,0,0,0,0,,750,576,,0,0,0,0
1603039786551,8,1010123456031,74,,1,0,6,1,2,,16.3852,366,183362,0.604576,148,0,8.5,,0,0,0,0,0,0,0,0,0,,750,482,,0,0,0,0
1603039786801,8,1010123456031,74,,1,0,6,1,2,,17.212,566,184052,0.871456,227,0,9,,0,0,0,0,0,0,0,0,0,,750,712,,0,0,0,0
1603039787051,8,1010123456031,74,,1,0,6,1,2,,17.1707,574,183262,0.871872,228,0,9,,5.2,20,0,0.1,7,0,0,10.7247,31,,750,712,,0,0,0,1.3
1603039787301,8,1010123456031,74,,1,0,6,1,2,,16.315,527,183301,0.829824,213,0,8.66667,,0,0,0,0,0,0,0,0,0,,750,690,,0,0,0,0
1603039787551,8,1010123456031,74,,1,0,6,1,2,,16.7182,550,182682,0.803488,218,0,9,,0,0,0,0,0,0,0,0,0,,750,688,,0,0,0,0
1603039787801,8,1010123456031,74,,1,0,6,1,2,,17.2176,579,182290,0.884544,236,0,9,,0,0,0,0,0,0,0,0,0,,750,704,,0,0,0,0
1603039788051,8,1010123456031,74,,1,0,6,1,2,,17.106,585,182125,0.90128,235,0,9,,10.72,25,0,0.1,10,0,0,13.0979,31,,750,738,,0,0,0,1.88
1603039788301,8,1010123456031,74,,1,0,6,1,2,,16.6383,470,183176,0.73904,191,0,9,,0,0,0,0,0,0,0,0,0,,750,602,,0,0,0,0
1603039788551,8,1010123456031,74,,1,0,6,1,2,,17.1826,482,183317,0.849824,195,0,9,,0,0,0,0,0,0,0,0,0,,750,682,,0,0,0,0
1603039788801,8,1010123456031,74,,1,0,6,1,2,,16.2964,523,182925,0.772,209,0,8.57143,,0,0,0,0,0,0,0,0,0,,750,660,,0,0,0,0
1603039789051,8,1010123456031,74,,1,0,6,1,2,,17.2095,482,182887,0.80912,193,0,9,,9.58333,12,0,0.1,5,0,0,12.9968,31,,750,644,,0,0,0,1.66667
1603039789301,8,1010123456031,74,,1,0,6,1,2,,18.1221,426,183320,0.844864,170,0,9,,0,0,0,0,0,0,0,0,0,,750,616,,0,0,0,0
1603039789551,8,1010123456031,74,,1,0,6,1,2,,18.3535,348,183042,0.708672,142,0,9,,0,0,0,0,0,0,0,0,0,,750,522,,0,0,0,0
1603039789801,8,1010123456031,74,,1,0,6,1,2,,17.8618,369,183137,0.710496,147,0,9,,0,0,0,0,0,0,0,0,0,,750,528,,0,0,0,0
1603039790051,8,1010123456031,74,,1,0,6,1,2,,17.3536,478,183495,0.79056,191,0,9,,11.4286,7,0,0.1,3,0,0,15.9393,31,,750,630,,0,0,0,1
1603039790301,8,1010123456031,74,,1,0,6,1,2,,17.8244,467,183599,0.897248,189,0,9,,0,0,0,0,0,0,0,0,0,,750,680,,0,0,0,0
1603039790551,8,1010123456031,74,,1,0,6,1,2,,17.2173,520,182552,0.854784,212,0,9,,0,0,0,0,0,0,0,0,0,,750,680,,0,0,0,0
1603039790801,8,1010123456031,74,,1,0,6,1,2,,17.5029,340,182317,0.61376,136,0,9,,0,0,0,0,0,0,0,0,0,,750,478,,0,0,0,0
1603039791051,8,1010123456031,74,,1,0,6,1,2,,18.5233,365,183241,0.77248,148,0,9,,12.7273,11,0,0.1,4,0,0,17.1852,31,,750,562,,0,0,0,1.81818
1603039791301,8,1010123456031,74,,1,0,6,1,2,,17.6017,477,183827,0.892032,192,0,9,,0,0,0,0,0,0,0,0,0,,747,676,,0,0,0,0
1603039791551,8,1010123456031,74,,1,0,6,1,2,,18,384,183702,0.703616,152,0,9,,0,0,0,0,0,0,0,0,0,,750,532,,0,0,0,0
1603039791801,8,1010123456031,74,,1,0,6,1,2,,16.7845,427,182624,0.604256,169,0,9,,0,0,0,0,0,0,0,0,0,,750,504,,0,0,0,0
1603039792051,8,1010123456031,74,,1,0,6,1,2,,17.7727,440,183531,0.862272,176,0,9,,4.81081,37,0,0.1,15,0,0,12.4194,31,,750,656,,0,0,0,1
1603039792301,8,1010123456031,74,,1,0,6,1,2,,17.6763,346,183116,0.65824,144,0,9,,0,0,0,0,0,0,0,0,0,,750,476,,0,0,0,0
1603039792551,8,1010123456031,74,,1,0,6,1,2,,17.119,496,183287,0.74032,197,0,9,,0,0,0,0,0,0,0,0,0,,750,612,,0,0,0,0
1603039792801,8,1010123456031,74,,1,0,6,1,2,,17.3222,571,183630,0.942848,232,0,9,,0,0,0,0,0,0,0,0,0,,750,754,,0,0,0,0
1603039793051,8,1010123456031,74,,1,0,6,1,2,,16.9586,483,184378,0.8008,197,0,9,,14.75,16,0,0.1,6,66.6667,0,8.80268,31,,750,632,,0,0,0,7.75
1603039793301,8,1010123456031,74,,1,0,6,1,2,,16.7326,516,184327,0.700416,202,0,9,,0,0,0,0,0,0,0,0,0,,750,594,,0,0,0,0
1603039793551,8,1010123456031,74,,1,0,6,1,2,,17.2993,401,182910,0.70864,163,0,9,,0,0,0,0,0,0,0,0,0,,750,560,,0,0,0,0
1603039793801,8,1010123456031,74,,1,0,6,1,2,,17.1883,515,181935,0.888832,206,0,9,,0,0,0,0,0,0,0,0,0,,750,704,,0,0,0,0
1603039794051,8,1010123456031,74,,1,0,6,1,2,,17.0934,578,183267,0.861088,231,0,9,,4.5,40,0,0.1,16,0,0,12.376,31,,750,698,,0,0,0,1
1603039794301,8,1010123456031,74,,1,0,6,1,2,,18.5033,449,182965,0.866432,184,0,9.66667,,0,0,0,0,0,0,0,0,0,,750,596,,0,0,0,0
1603039794551,8,1010123456031,74,,1,0,6,1,2,,16.9781,319,183249,0.5888,125,0,8.66667,,0,0,0,0,0,0,0,0,0,,750,480,,0,0,0,0
1603039794801,8,1010123456031,74,,1,0,6,1,2,,17.2767,430,183635,0.773888,176,0,9,,0,4,0,0.1,2,50,0,0,31,,750,584,,0,0,0,0
1603039795051,8,1010123456031,74,,1,0,6,1,2,,16.3438,384,183537,0.670528,156,0,9,,5.83333,24,0,0.1,10,0,0,12.9468,31,,750,552,,0,0,0,1.33333
1603039795301,8,1010123456031,74,,1,0,6,1,2,,17.5412,340,184143,0.637184,138,0,9,,0,0,0,0,0,0,0,0,0,,750,488,,0,0,0,0
1603039795551,8,1010123456031,74,,1,0,6,1,2,,16.6568,370,184092,0.659392,148,0,9,,0,0,0,0,0,0,0,0,0,,750,538,,0,0,0,0
1603039795801,8,1010123456031,74,,1,0,6,1,2,,17.338,574,183241,0.943392,233,0,9,,0,0,0,0,0,0,0,0,0,,750,746,,0,0,0,0
1603039796051,8,1010123456031,74,,1,0,6,1,2,,16.9202,501,184530,0.84208,199,0,9,,8.23077,13,0,0.1,5,0,0,12.6292,31,,750,698,,0,0,0,1.23077
1603039796301,8,1010123456031,74,,1,0,6,1,2,,16.4346,451,183425,0.66816,180,0,9,,0,0,0,0,0,0,0,0,0,,750,554,,0,0,0,0
1603039796551,8,1010123456031,74,,1,0,6,1,2,,16.4839,434,183527,0.620096,176,0,9,,12,3,0,0.1,1,0,0,11.1869,31,,750,516,,0,0,0,2
1603039796801,8,1010123456031,74,,1,0,6,1,2,,16.1203,424,183035,0.71408,167,0,8.57143,,0,0,0,0,0,0,0,0,0,,750,604,,0,0,0,0
1603039797051,8,1010123456031,74,,1,0,6,1,2,,17.5375,387,183842,0.738688,156,0,9,,6.85714,14,0,0.1,6,0,0,10.5372,31,,747,560,,0,0,0,1
1603039797301,8,1010123456031,74,,1,0,6,1,2,,15.9299,556,182310,0.80128,218,0,8.5,,0,0,0,0,0,0,0,0,0,,753,714,,0,0,0,0
1603039797551,8,1010123456031,74,,1,0,6,1,2,,17.2722,474,183653,0.806304,191,0,9,,0,0,0,0,0,0,0,0,0,,750,638,,0,0,0,0
1603039797801,8,1010123456031,74,,1,0,6,1,2,,17.9747,356,184180,0.713952,147,0,9,,0,0,0,0,0,0,0,0,0,,747,514,,0,0,0,0
1603039798051,8,1010123456031,74,,1,0,6,1,2,,16.8066,512,182949,0.744,204,0,9,,6.5,22,0,0.1,9,0,0,11.5788,31,,753,620,,0,0,0,1.09091
1603039798301,8,1010123456031,74,,1,0,6,1,2,,17.0507,572,183158,0.89952,230,0,9,,0,0,0,0,0,0,0,0,0,,750,730,,0,0,0,0
1603039798551,8,1010123456031,74,,1,0,6,1,2,,17.4934,456,182891,0.81264,183,0,9,,0,0,0,0,0,0,0,0,0,,750,634,,0,0,0,0
1603039798801,8,1010123456031,74,,1,0,6,1,2,,15.2274,387,183344,0.56864,153,0,8.28571,,0,0,0,0,0,0,0,0,0,,750,508,,0,0,0,0
1603039799051,8,1010123456031,74,,1,0,6,1,2,,17.6448,473,183574,0.839232,184,0,9,,10.2857,7,0,0.1,3,0,0,18.2024,31,,750,648,,0,0,0,1
1603039799301,8,1010123456031,74,,1,0,6,1,2,,17.4447,488,183681,0.862112,199,0,9,,0,0,0,0,0,0,0,0,0,,750,662,,0,0,0,0
1603039799551,8,1010123456031,74,,1,0,6,1,2,,17.3792,443,182594,0.789152,181,0,9,,0,0,0,0,0,0,0,0,0,,750,620,,0,0,0,0
1603039799801,8,1010123456031,74,,1,0,6,1,2,,17.6596,423,183427,0.8264,169,0,9,,12,3,0,0.1,1,0,0,15.5594,31,,750,628,,0,0,0,2
1603039800051,8,1010123456031,74,,1,0,6,1,2,,18.0436,390,182355,0.777312,153,0,9,,10.9,10,0,0.1,4,0,0,16.6188,31,,750,586,,0,0,0,1.9
1603039800301,8,1010123456031,74,,1,0,6,1,2,,17.9122,376,182522,0.71632,153,0,9,,0,0,0,0,0,0,0,0,0,,750,530,,0,0,0,0
1603039800551,8,1010123456031,74,,1,0,6,1,2,,16.8356,371,183234,0.60592,149,0,9,,0,0,0,0,0,0,0,0,0,,750,482,,0,0,0,0
1603039800801,8,1010123456031,74,,1,0,6,1,2,,14.7204,490,183233,0.6616,194,0,8.14286,,0,0,0,0,0,0,0,0,0,,750,636,,0,0,0,0
1603039801051,8,1010123456031,74,,1,0,6,1,2,,17.6695,475,184091,0.833664,191,0,9,,14.3,10,0,0.1,4,0,0,20.9224,31,,750,638,,0,0,0,1
1603039801301,8,1010123456031,74,,1,0,6,1,2,,17.351,584,183128,0.917248,234,0,9,,0,0,0,0,0,0,0,0,0,,750,750,,0,0,0,0
1603039801551,8,1010123456031,74,,1,0,6,1,2,,16.8571,567,183809,0.839168,226,0,9,,15,6,0,0.1,2,50,0,9.64327,31,,750,686,,0,0,0,6.5
1603039801801,8,1010123456031,74,,1,0,6,1,2,,16.6426,526,183924,0.872992,213,0,9,,0,0,0,0,0,0,0,0,0,,750,706,,0,0,0,0
1603039802051,8,1010123456031,74,,1,0,6,1,2,,16.6917,399,184312,0.691936,159,0,9,,4.03704,27,0,0.1,10,0,0,8.84947,31,,750,568,,0,0,0,1.11111
1603039802301,8,1010123456031,74,,1,0,6,1,2,,17.6643,420,182379,0.810944,170,0,9,,0,0,0,0,0,0,0,0,0,,750,624,,0,0,0,0
1603039802551,8,1010123456031,74,,1,0,6,1,2,,17.925,440,181957,0.857088,172,0,9,,0,0,0,0,0,0,0,0,0,,750,652,,0,0,0,0
1603039802801,8,1010123456031,74,,1,0,6,1,2,,16.8807,528,182275,0.794752,212,0,9,,0,0,0,0,0,0,0,0,0,,750,656,,0,0,0,0
1603039803051,8,1010123456031,74,,1,0,6,1,2,,17.2064,562,182821,0.885824,226,0,9,,13.4286,7,0,0.1,3,0,0,13.6888,31,,750,716,,0,0,0,1.85714
1603039803301,8,1010123456031,74,,1,0,6,1,2,,17.4098,593,183280,0.990976,240,0,9,,0,0,0,0,0,0,0,0,0,,750,786,,0,0,0,0
1603039803551,8,1010123456031,74,,1,0,6,1,2,,16.7778,549,183377,0.86704,225,0,9,,0,0,0,0,0,0,0,0,0,,750,706,,0,0,0,0
1603039803801,8,1010123456031,74,,1,0,6,1,2,,17.6244,386,183047,0.76432,155,0,9,,0,0,0,0,0,0,0,0,0,,750,578,,0,0,0,0
1603039804051,8,1010123456031,74,,1,0,6,1,2,,16.8537,417,183735,0.631968,165,0,9,,4.9,20,0,0.1,8,0,0,11.5215,31,,750,522,,0,0,0,1.3
1603039804301,8,1010123456031,74,,1,0,6,1,2,,16.0473,423,184176,0.66816,172,0,9,,0,0,0,0,0,0,0,0,0,,750,554,,0,0,0,0
1603039804551,8,1010123456031,74,,1,0,6,1,2,,16.1505,412,183697,0.626976,165,0,9,,0,0,0,0,0,0,0,0,0,,750,538,,0,0,0,0
1603039804801,8,1010123456031,74,,1,0,6,1,2,,16.5643,482,183563,0.761472,194,0,9,,0,0,0,0,0,0,0,0,0,,750,636,,0,0,0,0
1603039805051,8,1010123456031,74,,1,0,6,1,2,,17.2948,363,183248,0.68768,148,0,8.83333,,13.2821,39,0,0.124512,15,33.3333,0,13.4209,31,,750,526,,0,0,0,4.89744
1603039805301,8,1010123456031,74,,1,0,6,1,2,,17.1606,573,183009,0.9088,226,0,9,,0,0,0,0,0,0,0,0,0,,750,732,,0,0,0,0
1603039805551,8,1010123456031,74,,1,0,6,1,2,,16.5961,515,182874,0.763456,204,0,9,,0,0,0,0,0,0,0,0,0,,750,638,,0,0,0,0
1603039805801,8,1010123456031,74,,1,0,6,1,2,,17.5897,468,182733,0.81744,191,0,9,,0,0,0,0,0,0,0,0,0,,750,626,,0,0,0,0
1603039806051,8,1010123456031,74,,1,0,6,1,2,,16.6283,538,182951,0.741952,214,0,9,,3.14706,34,0,0.1,14,0,0,7.77255,31,,750,628,,0,0,0,1.08824
1603039806301,8,1010123456031,74,,1,0,6,1,2,,17.2426,573,183392,0.91184,233,0,9,,0,0,0,0,0,0,0,0,0,,750,716,,0,0,0,0
1603039806551,8,1010123456031,74,,1,0,6,1,2,,17.4142,478,183460,0.824896,190,0,9,,0,0,0,0,0,0,0,0,0,,750,664,,0,0,0,0
1603039806801,8,1010123456031,74,,1,0,6,1,2,,17.3321,536,183841,0.86032,217,0,9,,11.2857,7,0,0.1,3,0,0,14.6461,31,,750,678,,0,0,0,1.85714
1603039807051,8,1010123456031,74,,1,0,6,1,2,,16.9239,552,183473,0.811776,220,0,9,,6.7,30,0,0.1,13,0,0,11.0219,31,,750,672,,0,0,0,1.16667
1603039807301,8,1010123456031,74,,1,0,6,1,2,,16.725,440,183512,0.690496,184,0,9,,0,0,0,0,0,0,0,0,0,,750,552,,0,0,0,0
1603039807551,8,1010123456031,74,,1,0,6,1,2,,17.0633,569,183779,0.871328,223,0,9,,0,0,0,0,0,0,0,0,0,,750,726,,0,0,0,0
1603039807801,8,1010123456031,74,,1,0,6,1,2,,16.8282,454,183452,0.728448,182,0,9,,0,0,0,0,0,0,0,0,0,,750,590,,0,0,0,0
1603039808051,8,1010123456031,74,,1,0,6,1,2,,16.7891,531,183892,0.801184,215,0,9,,5.58065,31,0,0.1,13,7.69231,0,16.3797,31,,750,656,,0,0,0,1.83871
1603039808301,8,1010123456031,74,,1,0,6,1,2,,17.0058,520,183429,0.821472,209,0,9,,0,0,0,0,0,0,0,0,0,,750,670,,0,0,0,0
1603039808551,8,1010123456031,74,,1,0,6,1,2,,17.4203,395,183422,0.720384,158,0,9,,0,0,0,0,0,0,0,0,0,,750,554,,0,0,0,0
1603039808801,8,1010123456031,74,,1,0,6,1,2,,17.4322,590,182917,0.906912,235,0,9,,0,0,0,0,0,0,0,0,0,,750,736,,0,0,0,0
1603039809051,8,1010123456031,74,,1,0,6,1,2,,17.3934,572,182630,0.91072,230,0,9,,13.25,8,0,0.1,3,0,0,15.1414,31,,750,730,,0,0,0,1.75
1603039809301,8,1010123456031,74,,1,0,6,1,2,,17.2159,565,182560,0.913024,228,0,9,,12,3,0,0.1,1,0,0,18.4742,31,,750,732,,0,0,0,1
1603039809551,9,1010123456031,74,,1,0,6,1,2,,16.7216,528,183110,0.838368,213,0,9,,0,2,0,0.1,1,0,0,0,31,,750,690,,0,0,0,0
1603039809801,9,1010123456031,74,,1,0,6,1,2,,17.1764,516,182737,0.824992,205,0,9,,14,5,0,0.1,2,0,0,15.7105,31,,750,664,,0,0,0,1.6
1603039810051,9,1010123456031,74,,1,0,6,1,2,,17.0238,546,183293,0.888896,222,0,9,,8.13333,15,0,0.1,6,0,0,11.6207,31,,750,722,,0,0,0,1.46667
1603039810301,9,1010123456031,74,,1,0,6,1,2,,17.3315,534,182704,0.867776,214,0,9,,0,0,0,0,0,0,0,0,0,,750,698,,0,0,0,0
1603039810551,9,1010123456031,74,,1,0,6,1,2,,17.1917,527,183685,0.82176,212,0,9,,0,0,0,0,0,0,0,0,0,,750,670,,0,0,0,0
1603039810801,9,1010123456031,74,,1,0,6,1,2,,17.0826,545,183056,0.88864,224,0,9,,0,0,0,0,0,0,0,0,0,,750,710,,0,0,0,0
1603039811051,9,1010123456031,74,,1,0,6,1,2,,17.894,500,183615,0.922528,199,0,9,,10.8571,28,0,0.11184,11,0,0,13.2324,31,,750,700,,0,0,0,1.64286
1603039811301,9,1010123456031,74,,1,0,6,1,2,,17.7458,413,182817,0.733184,164,0,9,,0,0,0,0,0,0,0,0,0,,750,556,,0,0,0,0
1603039811551,9,1010123456031,74,,1,0,6,1,2,,17.4607,534,182459,0.881312,217,0,9,,0,0,0,0,0,0,0,0,0,,750,684,,0,0,0,0
1603039811801,9,1010123456031,74,,1,0,6,1,2,,17.5239,439,183593,0.763232,177,0,9,,0,0,0,0,0,0,0,0,0,,750,602,,0,0,0,0
1603039812051,9,1010123456031,74,,1,0,6,1,2,,16.9811,530,183209,0.81776,213,0,9,,10.1667,6,0,0.1,3,0,0,15.6815,31,,750,670,,0,0,0,1.66667
1603039812301,9,1010123456031,74,,1,0,6,1,2,,17.183,541,183308,0.80592,213,0,9,,0,0,0,0,0,0,0,0,0,,750,652,,0,0,0,0
1603039812551,9,1010123456031,74,,1,0,6,1,2,,17.2934,426,183117,0.725792,175,0,9,,0,2,0,0.1,1,0,0,0,31,,750,568,,0,0,0,0
1603039812801,9,1010123456031,74,,1,0,6,1,2,,17.1786,420,183890,0.727424,164,0,9,,0,0,0,0,0,0,0,0,0,,750,576,,0,0,0,0
1603039813051,9,1010123456031,74,,1,0,6,1,2,,16.9665,448,183937,0.823808,186,0,9,,7.75,12,0,0.1,5,0,0,12.7261,31,,750,646,,0,0,0,1.33333
1603039813301,9,1010123456031,74,,1,0,6,1,2,,18.1613,434,183771,0.83936,172,0,9,,0,0,0,0,0,0,0,0,0,,750,632,,0,0,0,0
1603039813551,9,1010123456031,74,,1,0,6,1,2,,17.5656,511,182028,0.905856,204,0,9,,0,0,0,0,0,0,0,0,0,,750,712,,0,0,0,0
1603039813801,9,1010123456031,74,,1,0,6,1,2,,17.5264,587,183308,0.959232,238,0,9,,0,0,0,0,0,0,0,0,0,,750,760,,0,0,0,0
1603039814051,9,1010123456031,74,,1,0,6,1,2,,17.0716,517,184012,0.84704,210,0,9,,8.92857,14,0,0.1,5,20,0,8.80852,31,,750,668,,0,0,0,3.07143
1603039814301,9,1010123456031,74,,1,0,6,1,2,,17.0904,575,182475,0.94256,231,0,9,,0,0,0,0,0,0,0,0,0,,750,772,,0,0,0,0
1603039814551,9,1010123456031,74,,1,0,6,1,2,,17.7533,527,182265,0.904224,211,0,9,,0,0,0,0,0,0,0,0,0,,750,706,,0,0,0,0
1603039814801,9,1010123456031,74,,1,0,6,1,2,,16.8388,552,183626,0.821408,223,0,9,,0,0,0,0,0,0,0,0,0,,750,668,,0,0,0,0
1603039815051,9,1010123456031,74,,1,0,6,1,2,,16.8645,561,182079,0.847648,225,0,9,,9.4375,32,0,0.1,13,15.3846,0,10.1577,31,,750,704,,0,0,0,2.625
1603039815301,9,1010123456031,74,,1,0,6,1,2,,17.3652,586,183297,0.972288,238,0,9,,0,0,0,0,0,0,0,0,0,,750,766,,0,0,0,0
1603039815551,9,1010123456031,74,,1,0,6,1,2,,17.2115,591,182619,0.92208,237,0,9,,0,0,0,0,0,0,0,0,0,,750,746,,0,0,0,0
1603039815801,9,1010123456031,74,,1,0,6,1,2,,17.4423,459,184156,0.823968,187,0,9,,0,0,0,0,0,0,0,0,0,,750,624,,0,0,0,0
1603039816051,9,1010123456031,74,,1,0,6,1,2,,17.2558,391,183115,0.716672,154,0,9,,9,26,0,0.1,10,0,0,13.0585,31,,750,574,,0,0,0,1.11538
1603039816301,9,1010123456031,74,,1,0,6,1,2,,16.3243,370,183370,0.668352,148,0,8.5,,0,0,0,0,0,0,0,0,0,,750,546,,0,0,0,0
1603039816551,9,1010123456031,74,,1,0,6,1,2,,15.748,381,184176,0.695808,158,0,9,,0,0,0,0,0,0,0,0,0,,750,584,,0,0,0,0
1603039816801,9,1010123456031,74,,1,0,6,1,2,,17.0026,382,184236,0.556256,149,0,9,,0,0,0,0,0,0,0,0,0,,750,468,,0,0,0,0
1603039817051,9,1010123456031,74,,1,0,6,1,2,,17.2924,595,182749,1.00358,240,0,9,,10.5455,11,0,0.1,4,0,0,14.4185,31,,750,802,,0,0,0,1.27273
1603039817301,9,1010123456031,74,,1,0,6,1,2,,17,411,183683,0.752544,167,0,9,,0,0,0,0,0,0,0,0,0,,747,570,,0,0,0,0
1603039817551,9,1010123456031,74,,1,0,6,1,2,,16.7591,386,183614,0.647264,151,0,9,,7,3,0,0.1,1,0,0,18.3746,31,,753,546,,0,0,0,1
1603039817801,9,1010123456031,74,,1,0,6,1,2,,18.0795,440,182473,0.845792,177,0,9,,0,0,0,0,0,0,0,0,0,,750,620,,0,0,0,0
1603039818051,9,1010123456031,74,,1,0,6,1,2,,18.1749,446,183112,0.86096,175,0,9,,13.4286,7,0,0.1,3,0,0,21.2649,31,,750,650,,0,0,0,1
1603039818301,9,1010123456031,74,,1,0,6,1,2,,17.306,549,183384,0.894176,221,0,9,,0,0,0,0,0,0,0,0,0,,750,710,,0,0,0,0
1603039818551,9,1010123456031,74,,1,0,6,1,2,,17.0866,554,182793,0.876,223,0,9,,0,0,0,0,0,0,0,0,0,,750,708,,0,0,0,0
1603039818801,9,1010123456031,74,,1,0,6,1,2,,17.2308,585,183743,0.933088,235,0,9,,0,0,0,0,0,0,0,0,0,,750,742,,0,0,0,0
1603039819051,9,1010123456031,74,,1,0,6,1,2,,16.9843,508,183144,0.741696,206,0,9,,7.07692,13,0,0.1,6,0,0,8.15654,31,,750,600,,0,0,0,1.46154
1603039819301,9,1010123456031,74,,1,0,6,1,2,,17.6525,495,182669,0.909472,195,0,9,,0,0,0,0,0,0,0,0,0,,750,706,,0,0,0,0
1603039819551,9,1010123456031,74,,1,0,6,1,2,,17.2155,543,183496,0.885984,221,0,9,,0.1,3,0,0.1,1,0,0,19.2929,31,,750,708,,0,0,0,1
1603039819801,9,1010123456031,74,,1,0,6,1,2,,16.8647,399,183850,0.647936,156,0,9,,0,0,0,0,0,0,0,0,0,,750,524,,0,0,0,0
1603039820051,9,1010123456031,74,,1,0,6,1,2,,18.097,371,182828,0.741664,153,0,9,,14.2727,11,0,0.1,4,0,0,17.6046,31,,750,546,,0,0,0,1.18182
1603039820301,9,1010123456031,74,,1,0,6,1,2,,17.5403,459,183383,0.832384,182,0,9,,0,0,0,0,0,0,0,0,0,,750,644,,0,0,0,0
1603039820551,8,1010123456031,74,,1,0,6,1,2,,17.0952,536,182816,0.8352,214,0,9,,0,0,0,0,0,0,0,0,0,,750,672,,0,0,0,0
1603039820801,8,1010123456031,74,,1,0,6,1,2,,16.9667,451,183493,0.724032,182,0,9,,0,0,0,0,0,0,0,0,0,,750,594,,0,0,0,0
1603039821051,8,1010123456031,74,,1,0,6,1,2,,16.7682,453,183003,0.697728,180,0,9,,12.5,8,0,0.1,3,0,0,12.6313,31,,750,558,,0,0,0,2
1603039821301,8,1010123456031,74,,1,0,6,1,2,,17.1332,383,182750,0.628672,156,0,9,,0,0,0,0,0,0,0,0,0,,750,502,,0,0,0,0
1603039821551,8,1010123456031,74,,1,0,6,1,2,,15.3742,326,183430,0.497856,132,0,8.83333,,0,0,0,0,0,0,0,0,0,,750,446,,0,0,0,0
1603039821801,8,1010123456031,74,,1,0,6,1,2,,16.7668,373,183686,0.699712,152,0,8.85714,,0,0,0,0,0,0,0,0,0,,750,566,,0,0,0,0
1603039822051,8,1010123456031,74,,1,0,6,1,2,,18.084,381,184000,0.697536,148,0,9,,11.7778,9,0,0.1,4,0,0,17.7106,31,,750,520,,0,0,0,1.66667
1603039822301,8,1010123456031,74,,1,0,6,1,2,,17.0246,570,183967,0.914624,230,0,9,,0,0,0,0,0,0,0,0,0,,750,734,,0,0,0,0
1603039822551,8,1010123456031,74,,1,0,6,1,2,,16.5296,506,184168,0.702528,200,0,8.83333,,0,0,0,0,0,0,0,0,0,,750,600,,0,0,0,0
1603039822801,8,1010123456031,74,,1,0,6,1,2,,16.3037,517,184363,0.749248,207,0,8.8,,0,0,0,0,0,0,0,0,0,,750,638,,0,0,0,0
1603039823051,8,1010123456031,74,,1,0,6,1,2,,17.7805,442,182899,0.81504,186,0,9,,4.97297,37,0,0.1,15,0,0,11.6468,31,,750,614,,0,0,0,1.13514
1603039823301,8,1010123456031,74,,1,0,6,1,2,,16.2977,487,182633,0.780128,195,0,8.66667,,0,0,0,0,0,0,0,0,0,,750,650,,0,0,0,0
1603039823551,8,1010123456031,74,,1,0,6,1,2,,17.3055,383,183742,0.718656,156,0,8.83333,,0,0,0,0,0,0,0,0,0,,750,554,,0,0,0,0
1603039823801,8,1010123456031,74,,1,0,6,1,2,,15.473,370,183651,0.570784,145,0,8.57143,,0,0,0,0,0,0,0,0,0,,750,504,,0,0,0,0
1603039824051,8,1010123456031,74,,1,0,6,1,2,,17.5215,326,183891,0.616992,135,0,9.33333,,9.625,8,0,0.1,3,0,0,19.6398,31,,750,460,,0,0,0,1.75
1603039824301,8,1010123456031,74,,1,0,6,1,2,,17.7932,411,182883,0.721504,161,0,9,,0,0,0,0,0,0,0,0,0,,750,564,,0,0,0,0
1603039824551,8,1010123456031,74,,1,0,6,1,2,,16.1507,471,182969,0.707936,189,0,8.66667,,0,0,0,0,0,0,0,0,0,,750,602,,0,0,0,0
1603039824801,8,1010123456031,74,,1,0,6,1,2,,15.9774,442,182903,0.638112,177,0,8.85714,,0,0,0,0,0,0,0,0,0,,750,530,,0,0,0,0
1603039825051,8,1010123456031,74,,1,0,6,1,2,,16.7716,556,184394,0.813376,220,0,8.83333,,5.27778,18,0,0.1,8,0,0,7.11495,31,,750,664,,0,0,0,1.66667
1603039825301,8,1010123456031,74,,1,0,6,1,2,,14.9964,550,184099,0.72128,223,0,8.6,,0,0,0,0,0,0,0,0,0,,750,682,,0,0,0,0
1603039825551,8,1010123456031,74,,1,0,6,1,2,,15.5442,520,184231,0.70992,208,0,8.66667,,0,0,0,0,0,0,0,0,0,,750,638,,0,0,0,0
1603039825801,8,1010123456031,74,,1,0,6,1,2,,14.6885,504,184159,0.670816,206,0,8.42857,,0,0,0,0,0,0,0,0,0,,750,638,,0,0,0,0
1603039826051,8,1010123456031,74,,1,0,6,1,2,,16.4738,439,183177,0.74256,175,0,8.66667,,8,8,0,0.1,3,0,0,15.9581,31,,750,618,,0,0,0,2.125
1603039826301,8,1010123456031,74,,1,0,6,1,2,,18.36,400,183018,0.821056,164,0,9,,0,0,0,0,0,0,0,0,0,,750,594,,0,0,0,0
1603039826551,8,1010123456031,74,,1,0,6,1,2,,16.0909,517,182573,0.756064,203,0,8.66667,,0,0,0,0,0,0,0,0,0,,750,672,,0,0,0,0
1603039826801,8,1010123456031,74,,1,0,6,1,2,,14.2133,572,183579,0.73696,230,0,8.14286,,0,0,0,0,0,0,0,0,0,,750,724,,0,0,0,0
1603039827051,8,1010123456031,74,,1,0,6,1,2,,14.025,440,183034,0.593088,179,0,8.16667,,10.25,28,0,0.1,12,16.6667,0,10.3444,31,,750,590,,0,0,0,2.67857
1603039827301,8,1010123456031,74,,1,0,6,1,2,,14.5727,330,184249,0.540864,136,0,8.16667,,0,0,0,0,0,0,0,0,0,,750,504,,0,0,0,0
1603039827551,8,1010123456031,74,,1,0,6,1,2,,13.7939,393,183446,0.531648,156,0,7.66667,,0,0,0,0,0,0,0,0,0,,750,556,,0,0,0,0
1603039827801,8,1010123456031,74,,1,0,6,1,2,,15.4755,469,183601,0.635488,191,0,8.57143,,0,0,0,0,0,0,0,0,0,,750,554,,0,0,0,0
1603039828051,8,1010123456031,74,,1,0,6,1,2,,14.9386,505,183447,0.668128,205,0,8.5,,4.94444,18,0,0.1,7,0,0,7.80593,31,,750,634,,0,0,0,1.38889
1603039828301,8,1010123456031,74,,1,0,6,1,2,,14.672,564,183426,0.758688,227,0,8.33333,,0,0,0,0,0,0,0,0,0,,750,734,,0,0,0,0
1603039828551,8,1010123456031,74,,1,0,6,1,2,,14.8543,556,184155,0.7464,223,0,8.33333,,0,0,0,0,0,0,0,0,0,,750,698,,0,0,0,0
1603039828801,8,1010123456031,74,,1,0,6,1,2,,14.7522,561,182616,0.768416,226,0,8.28571,,0,0,0,0,0,0,0,0,0,,750,730,,0,0,0,0
1603039829051,8,1010123456031,74,,1,0,6,1,2,,15.4306,569,183374,0.832832,228,0,8.5,,4.33333,39,0,0.1,16,0,0,11.7045,31,,750,752,,0,0,0,1.05128
1603039829301,8,1010123456031,74,,1,0,6,1,2,,12.9142,443,182676,0.502432,176,0,7.66667,,0,0,0,0,0,0,0,0,0,,750,558,,0,0,0,0
1603039829551,8,1010123456031,74,,1,0,6,1,2,,15.5351,413,182946,0.684608,164,0,8.33333,,0,0,0,0,0,0,0,0,0,,750,624,,0,0,0,0
1603039829801,8,1010123456031,74,,1,0,6,1,2,,12.2584,418,183843,0.463488,169,0,7.57143,,0,0,0,0,0,0,0,0,0,,750,520,,0,0,0,0
1603039830051,8,1010123456031,74,,1,0,6,1,2,,14.3211,570,183961,0.755232,227,0,8.16667,,6.85714,14,0,0.1,6,0,0,11.6753,31,,750,744,,0,0,0,1
1603039830301,8,1010123456031,74,,1,0,6,1,2,,14.4644,506,182930,0.653024,204,0,8.33333,,0,0,0,0,0,0,0,0,0,,750,638,,0,0,0,0
1603039830551,8,1010123456031,74,,1,0,6,1,2,,14.6719,509,184404,0.729152,204,0,8.2,,0,6,0,0.1,3,0,0,0,31,,747,674,,0,0,0,0
1603039830801,8,1010123456031,74,,1,0,6,1,2,,15.9188,480,183995,0.712896,189,0,8.57143,,0,0,0,0,0,0,0,0,0,,753,624,,0,0,0,0
1603039831051,8,1010123456031,74,,1,0,6,1,2,,13.7134,499,183614,0.635776,202,0,8,,12,7,0,0.1,3,0,0,13.5291,31,,750,648,,0,0,0,1
1603039831301,8,1010123456031,74,,1,0,6,1,2,,14.1247,497,183268,0.679968,204,0,8.33333,,0,0,0,0,0,0,0,0,0,,750,670,,0,0,0,0
1603039831551,8,1010123456031,74,,1,0,6,1,2,,13.5599,409,184189,0.588352,165,0,8,,0,0,0,0,0,0,0,0,0,,750,608,,0,0,0,0
1603039831801,8,1010123456031,74,,1,0,6,1,2,,13.4196,460,183210,0.564512,186,0,8,,0,0,0,0,0,0,0,0,0,,750,588,,0,0,0,0
1603039832051,8,1010123456031,74,,1,0,6,1,2,,14.2083,576,183822,0.743328,231,0,8.16667,,10.6667,6,0,0.1,3,0,0,16.3644,31,,750,738,,0,0,0,2
1603039832301,8,1010123456031,74,,1,0,6,1,2,,12.7271,579,183186,0.639904,231,0,7.66667,,14,6,0,0.1,2,0,0,16.6641,31,,750,722,,0,0,0,1
1603039832551,8,1010123456031,74,,1,0,6,1,2,,13.7774,548,183033,0.672512,219,0,8,,0,0,0,0,0,0,0,0,0,,750,692,,0,0,0,0
1603039832801,8,1010123456031,74,,1,0,6,1,2,,14.0831,445,183301,0.612736,176,0,8.14286,,0,0,0,0,0,0,0,0,0,,750,608,,0,0,0,0
1603039833051,8,1010123456031,74,,1,0,6,1,2,,13.5332,572,182900,0.727616,230,0,8,,7.91667,12,0,0.1,5,0,0,9.77174,31,,750,760,,0,0,0,1.33333
1603039833301,8,1010123456031,74,,1,0,6,1,2,,14.0465,538,183659,0.6592,218,0,8.2,,0,0,0,0,0,0,0,0,0,,750,652,,0,0,0,0
1603039833551,8,1010123456031,74,,1,0,6,1,2,,15.1691,556,183443,0.754368,221,0,8.5,,0,0,0,0,0,0,0,0,0,,750,708,,0,0,0,0
1603039833801,8,1010123456031,74,,1,0,6,1,2,,13.6309,569,184132,0.714208,232,0,8,,0,0,0,0,0,0,0,0,0,,750,722,,0,0,0,0
1603039834051,8,1010123456031,74,,1,0,6,1,2,,13.456,511,184213,0.612928,205,0,8,,6.26667,15,0,0.1,6,0,0,13.5745,31,,750,650,,0,0,0,1
1603039834301,8,1010123456031,74,,1,0,6,1,2,,13.4946,467,183718,0.591968,184,0,8,,0,0,0,0,0,0,0,0,0,,750,614,,0,0,0,0
1603039834551,8,1010123456031,74,,1,0,6,1,2,,13.8482,448,184316,0.551968,182,0,8.16667,,0,0,0,0,0,0,0,0,0,,750,566,,0,0,0,0
1603039834801,8,1010123456031,74,,1,0,6,1,2,,14.2323,409,183914,0.579968,162,0,8.14286,,4,5,0,0.1,2,0,0,14.344,31,,750,572,,0,0,0,1.4
1603039835051,8,1010123456031,74,,1,0,6,1,2,,14.7481,520,183523,0.7256,207,0,8.33333,,12.625,8,0,0.1,3,0,0,19.6761,31,,750,694,,0,0,0,1.5
1603039835301,8,1010123456031,74,,1,0,6,1,2,,13.9858,563,183110,0.683456,227,0,8.16667,,0,0,0,0,0,0,0,0,0,,750,688,,0,0,0,0
1603039835551,8,1010123456031,74,,1,0,6,1,2,,14.2018,550,183007,0.71344,218,0,8.16667,,0,0,0,0,0,0,0,0,0,,750,708,,0,0,0,0
1603039835801,8,1010123456031,74,,1,0,6,1,2,,16.1052,523,184239,0.829376,211,0,8.8,,0,0,0,0,0,0,0,0,0,,750,662,,0,0,0,0
1603039836051,8,1010123456031,74,,1,0,6,1,2,,13.4372,478,183987,0.572864,191,0,8,,11.6471,17,0,0.1,6,33.3333,0,9.48171,31,,750,612,,0,0,0,4.35294
1603039836301,8,1010123456031,74,,1,0,6,1,2,,13.6086,534,183436,0.702912,220,0,8,,0,0,0,0,0,0,0,0,0,,750,712,,0,0,0,0
1603039836551,8,1010123456031,74,,1,0,6,1,2,,13.2951,471,184196,0.542816,186,0,8,,0,0,0,0,0,0,0,0,0,,750,596,,0,0,0,0
1603039836801,8,1010123456031,74,,1,0,6,1,2,,13.5439,513,183828,0.624992,206,0,8,,0,0,0,0,0,0,0,0,0,,750,662,,0,0,0,0
1603039837051,8,1010123456031,74,,1,0,6,1,2,,13.7719,491,183336,0.634848,198,0,8.16667,,11.1429,7,0,0.1,3,0,0,14.925,31,,750,646,,0,0,0,2.28571
1603039837301,8,1010123456031,74,,1,0,6,1,2,,13.4928,489,184561,0.59024,196,0,8,,12,3,0,0.1,1,0,0,11.3297,31,,750,616,,0,0,0,2
1603039837551,8,1010123456031,74,,1,0,6,1,2,,13.6174,460,184549,0.576448,186,0,8,,0,0,0,0,0,0,0,0,0,,750,592,,0,0,0,0
1603039837801,8,1010123456031,74,,1,0,6,1,2,,13.4106,470,183092,0.624672,191,0,7.57143,,0,0,0,0,0,0,0,0,0,,750,654,,0,0,0,0
1603039838051,8,1010123456031,74,,1,0,6,1,2,,12.7409,328,182654,0.336576,131,0,8,,4.52381,21,0,0.1,9,0,0,8.99436,31,,750,398,,0,0,0,1
1603039838301,8,1010123456031,74,,1,0,6,1,2,,13.6683,413,182673,0.570816,163,0,8,,0,0,0,0,0,0,0,0,0,,750,586,,0,0,0,0
1603039838551,8,1010123456031,74,,1,0,6,1,2,,14.2831,544,183478,0.688352,217,0,8.16667,,0,0,0,0,0,0,0,0,0,,750,684,,0,0,0,0
1603039838801,8,1010123456031,74,,1,0,6,1,2,,14.0656,488,183158,0.594272,196,0,8.14286,,0,0,0,0,0,0,0,0,0,,750,590,,0,0,0,0
1603039839051,8,1010123456031,74,,1,0,6,1,2,,13.4044,544,184052,0.636384,221,0,8,,11,42,0,0.1,17,41.1765,0,9.17146,31,,750,680,,0,0,0,5.11905
1603039839301,8,1010123456031,74,,1,0,6,1,2,,13.5508,561,183363,0.704768,227,0,8,,0,0,0,0,0,0,0,0,0,,750,718,,0,0,0,0
1603039839551,8,1010123456031,74,,1,0,6,1,2,,13.6047,506,183756,0.59632,203,0,8,,0,2,0,0.1,1,0,0,0,31,,750,632,,0,0,0,0
1603039839801,8,1010123456031,74,,1,0,6,1,2,,13.4346,573,183416,0.680704,227,0,8,,0,0,0,0,0,0,0,0,0,,750,716,,0,0,0,0
1603039840051,8,1010123456031,74,,1,0,6,1,2,,13.4801,552,183837,0.665024,223,0,8,,9.71429,7,0,0.1,3,0,0,14.4277,31,,750,688,,0,0,0,2.28571
1603039840301,8,1010123456031,74,,1,0,6,1,2,,14.0932,547,183644,0.672224,217,0,8.16667,,12,3,0,0.1,1,0,0,14.6118,31,,750,682,,0,0,0,2
1603039840551,8,1010123456031,74,,1,0,6,1,2,,13.9331,523,183891,0.666816,210,0,8.2,,0,0,0,0,0,0,0,0,0,,750,668,,0,0,0,0
1603039840801,8,1010123456031,74,,1,0,6,1,2,,13.5706,538,183474,0.671264,210,0,8,,0,0,0,0,0,0,0,0,0,,750,708,,0,0,0,0
1603039841051,8,1010123456031,74,,1,0,6,1,2,,13.5881,573,182834,0.69056,232,0,8,,12.5,8,0,0.1,3,0,0,15.5908,31,,750,718,,0,0,0,2.5
1603039841301,8,1010123456031,74,,1,0,6,1,2,,14.0848,554,183760,0.698976,223,0,8.16667,,0,0,0,0,0,0,0,0,0,,750,690,,0,0,0,0
1603039841551,8,1010123456031,74,,1,0,6,1,2,,13.515,499,183078,0.647264,204,0,8,,0,0,0,0,0,0,0,0,0,,750,674,,0,0,0,0
1603039841801,8,1010123456031,74,,1,0,6,1,2,,13.2952,420,183291,0.519424,166,0,8,,0,0,0,0,0,0,0,0,0,,750,554,,0,0,0,0
1603039842051,8,1010123456031,74,,1,0,6,1,2,,13.5076,396,184266,0.527008,156,0,8,,8.6,15,0,0.1,6,16.6667,0,10.8688,31,,750,568,,0,0,0,3.4
1603039842301,8,1010123456031,74,,1,0,6,1,2,,13.8096,541,184291,0.622432,217,0,8.16667,,0,0,0,0,0,0,0,0,0,,750,638,,0,0,0,0
1603039842551,8,1010123456031,74,,1,0,6,1,2,,13.5734,579,183421,0.69984,235,0,8,,0,0,0,0,0,0,0,0,0,,750,728,,0,0,0,0
1603039842801,8,1010123456031,74,,1,0,6,1,2,,13.5502,598,183328,0.721088,238,0,8,,0,0,0,0,0,0,0,0,0,,750,748,,0,0,0,0
1603039843051,8,1010123456031,74,,1,0,6,1,2,,14.1514,436,184529,0.53568,177,0,8.2,,11.65,20,0,0.1,7,42.8571,0,9.37346,31,,750,538,,0,0,0,5.5
1603039843301,8,1010123456031,74,,1,0,6,1,2,,13.7892,370,183273,0.579616,154,0,8,,0,0,0,0,0,0,0,0,0,,747,568,,0,0,0,0
1603039843551,8,1010123456031,74,,1,0,6,1,2,,13.7015,392,182914,0.573248,156,0,8,,0,0,0,0,0,0,0,0,0,,750,594,,0,0,0,0
1603039843801,8,1010123456031,74,,1,0,6,1,2,,14.434,424,184165,0.535776,174,0,8.28571,,0,0,0,0,0,0,0,0,0,,753,528,,0,0,0,0
1603039844051,8,1010123456031,74,,1,0,6,1,2,,13.5952,415,183349,0.532384,159,0,8,,3.96667,30,0,0.1,13,0,0,11.4026,31,,750,570,,0,0,0,1.06667
1603039844301,8,1010123456031,74,,1,0,6,1,2,,13.5378,437,184226,0.568576,183,0,8,,0,0,0,0,0,0,0,0,0,,750,568,,0,0,0,0
1603039844551,8,1010123456031,74,,1,0,6,1,2,,13.6051,471,183884,0.627328,189,0,8,,0,0,0,0,0,0,0,0,0,,750,654,,0,0,0,0
1603039844801,8,1010123456031,74,,1,0,6,1,2,,13.3217,485,183169,0.547552,194,0,8,,0,0,0,0,0,0,0,0,0,,750,592,,0,0,0,0
1603039845051,8,1010123456031,74,,1,0,6,1,2,,13.7224,425,183137,0.568032,167,0,8,,0,11,0,0.1,6,66.6667,0,0,31,,750,586,,0,0,0,0
1603039845301,8,1010123456031,74,,1,0,6,1,2,,15.6527,406,182561,0.62592,160,0,8.5,,5.8,5,0,0.1,2,0,0,8.25894,31,,750,566,,0,0,0,1
1603039845551,8,1010123456031,74,,1,0,6,1,2,,13.6379,591,183822,0.723168,237,0,8,,0,0,0,0,0,0,0,0,0,,750,748,,0,0,0,0
1603039845801,8,1010123456031,74,,1,0,6,1,2,,14.8112,588,183547,0.780032,238,0,8.33333,,0,0,0,0,0,0,0,0,0,,750,730,,0,0,0,0
1603039846051,8,1010123456031,74,,1,0,6,1,2,,13.48,425,183141,0.487424,168,0,8,,8.625,24,0,0.1,9,0,0,10.9699,31,,750,520,,0,0,0,1.29167
1603039846301,8,1010123456031,74,,1,0,6,1,2,,14.5425,518,183244,0.677568,211,0,8.33333,,0,0,0,0,0,0,0,0,0,,750,644,,0,0,0,0
1603039846551,8,1010123456031,74,,1,0,6,1,2,,13.5862,348,183263,0.482048,140,0,8,,0,0,0,0,0,0,0,0,0,,750,490,,0,0,0,0
1603039846801,8,1010123456031,74,,1,0,6,1,2,,14.483,383,183920,0.548448,153,0,8.14286,,0,0,0,0,0,0,0,0,0,,750,532,,0,0,0,0
1603039847051,8,1010123456031,74,,1,0,6,1,2,,13.626,385,182917,0.496096,154,0,8,,11.6111,18,0,0.1,7,0,0,18.6273,31,,750,526,,0,0,0,1.5
1603039847301,8,1010123456031,74,,1,0,6,1,2,,13.5678,435,183943,0.595104,178,0,8,,0,0,0,0,0,0,0,0,0,,750,608,,0,0,0,0
1603039847551,8,1010123456031,74,,1,0,6,1,2,,13.6189,488,183868,0.661472,196,0,8,,0,0,0,0,0,0,0,0,0,,750,690,,0,0,0,0
1603039847801,8,1010123456031,74,,1,0,6,1,2,,13.3118,558,183795,0.638784,224,0,8,,0,0,0,0,0,0,0,0,0,,750,664,,0,0,0,0
1603039848051,8,1010123456031,74,,1,0,6,1,2,,14.4031,382,183821,0.554368,152,0,8.16667,,12.8889,9,0,0.1,4,0,0,17.5868,31,,750,548,,0,0,0,1
1603039848301,8,1010123456031,74,,1,0,6,1,2,,13.8123,389,183697,0.581824,158,0,8,,0,0,0,0,0,0,0,0,0,,750,582,,0,0,0,0
1603039848551,8,1010123456031,74,,1,0,6,1,2,,13.5833,432,184160,0.550752,170,0,8,,0,0,0,0,0,0,0,0,0,,750,578,,0,0,0,0
1603039848801,8,1010123456031,74,,1,0,6,1,2,,14.2824,386,183615,0.594912,159,0,8.14286,,0,0,0,0,0,0,0,0,0,,750,576,,0,0,0,0
1603039849051,8,1010123456031,74,,1,0,6,1,2,,13.6917,480,183458,0.628704,192,0,8,,13.4667,15,0,0.1,6,0,0,19.0713,31,,750,644,,0,0,0,1.13333
1603039849301,8,1010123456031,74,,1,0,6,1,2,,14.241,556,184317,0.676192,223,0,8.16667,,0,0,0,0,0,0,0,0,0,,750,682,,0,0,0,0
1603039849551,8,1010123456031,74,,1,0,6,1,2,,14.3735,589,183234,0.808256,240,0,8.16667,,0,0,0,0,0,0,0,0,0,,750,778,,0,0,0,0
1603039849801,8,1010123456031,74,,1,0,6,1,2,,14.015,534,183269,0.667264,214,0,8.28571,,0,0,0,0,0,0,0,0,0,,750,672,,0,0,0,0
1603039850051,8,1010123456031,74,,1,0,6,1,2,,15.6678,578,183530,0.789568,230,0,8.5,,11.4,10,0,0.1,4,0,0,16.0895,31,,750,718,,0,0,0,1.6
1603039850301,8,1010123456031,74,,1,0,6,1,2,,15.4799,548,183064,0.792896,224,0,8.5,,0,0,0,0,0,0,0,0,0,,747,698,,0,0,0,0
1603039850551,8,1010123456031,74,,1,0,6,1,2,,14.4543,372,183860,0.590624,149,0,8,,0,0,0,0,0,0,0,0,0,,753,568,,0,0,0,0
1603039850801,8,1010123456031,74,,1,0,6,1,2,,14.9974,386,183269,0.496832,155,0,8.57143,,15,6,0,0.1,2,50,0,9.5547,31,,750,466,,0,0,0,8
1603039851051,8,1010123456031,74,,1,0,6,1,2,,14.8207,357,183866,0.541184,144,0,8.2,,13.8333,36,0,0.193312,15,13.3333,0,15.1936,31,,750,510,,0,0,0,2.61111
1603039851301,8,1010123456031,74,,1,0,6,1,2,,14.0041,489,183313,0.640096,200,0,8.16667,,0,0,0,0,0,0,0,0,0,,750,642,,0,0,0,0
1603039851551,8,1010123456031,74,,1,0,6,1,2,,13.7148,568,184055,0.649856,228,0,8,,0,0,0,0,0,0,0,0,0,,750,668,,0,0,0,0
1603039851801,8,1010123456031,74,,1,0,6,1,2,,15.0023,439,184452,0.654496,177,0,8.28571,,0,0,0,0,0,0,0,0,0,,750,616,,0,0,0,0
1603039852051,8,1010123456031,74,,1,0,6,1,2,,14.1495,535,183460,0.706976,216,0,8,,7.25,12,0,0.1,5,0,0,12.4212,31,,750,698,,0,0,0,1.16667
1603039852301,8,1010123456031,74,,1,0,6,1,2,,13.8539,527,183871,0.646784,213,0,8.16667,,9,3,0,0.1,1,0,0,11.4092,31,,750,670,,0,0,0,1
1603039852551,8,1010123456031,74,,1,0,6,1,2,,14.821,486,183884,0.690208,197,0,8.33333,,0,2,0,0.1,1,0,0,0,31,,750,622,,0,0,0,0
1603039852801,8,1010123456031,74,,1,0,6,1,2,,14.9368,380,183609,0.516384,149,0,8.28571,,15,3,0,0.1,1,0,0,9.14989,31,,750,498,,0,0,0,5
1603039853051,8,1010123456031,74,,1,0,6,1,2,,13.7049,505,182476,0.607424,203,0,8.16667,,9.2,10,0,0.1,4,0,0,14.3294,31,,750,636,,0,0,0,1.8
1603039853301,8,1010123456031,74,,1,0,6,1,2,,15.4044,497,183922,0.680192,202,0,8.5,,0,0,0,0,0,0,0,0,0,,750,604,,0,0,0,0
1603039853551,8,1010123456031,74,,1,0,6,1,2,,16.0645,341,183692,0.567648,135,0,8.66667,,0,0,0,0,0,0,0,0,0,,750,490,,0,0,0,0
1603039853801,8,1010123456031,74,,1,0,6,1,2,,14.4496,516,183199,0.734304,209,0,8.28571,,0,0,0,0,0,0,0,0,0,,750,706,,0,0,0,0
1603039854051,8,1010123456031,74,,1,0,6,1,2,,15.8128,545,182759,0.772544,215,0,8.66667,,2.91429,35,0,0.1,14,0,0,8.30914,31,,750,688,,0,0,0,1.08571
1603039854301,8,1010123456031,74,,1,0,6,1,2,,14.6424,495,183839,0.678656,198,0,8.33333,,0,0,0,0,0,0,0,0,0,,750,658,,0,0,0,0
1603039854551,8,1010123456031,74,,1,0,6,1,2,,14.3564,578,184006,0.717536,227,0,8.16667,,0,0,0,0,0,0,0,0,0,,750,694,,0,0,0,0
1603039854801,8,1010123456031,74,,1,0,6,1,2,,13.5749,534,183627,0.628,213,0,8.14286,,0,0,0,0,0,0,0,0,0,,750,662,,0,0,0,0
1603039855051,8,1010123456031,74,,1,0,6,1,2,,15.5173,578,184461,0.839776,233,0,8.5,,8.95349,43,0,0.146304,16,0,0,13.5321,31,,750,748,,0,0,0,1.18605
1603039855301,8,1010123456031,74,,1,0,6,1,2,,14.8318,422,184349,0.574752,167,0,8.33333,,0,0,0,0,0,0,0,0,0,,750,546,,0,0,0,0
1603039855551,8,1010123456031,74,,1,0,6,1,2,,17.1887,371,182055,0.682272,149,0,8.83333,,0,0,0,0,0,0,0,0,0,,750,544,,0,0,0,0
1603039855801,8,1010123456031,74,,1,0,6,1,2,,15.3005,416,182720,0.698752,165,0,8.16667,,0,0,0,0,0,0,0,0,0,,750,612,,0,0,0,0
1603039856051,8,1010123456031,74,,1,0,6,1,2,,15.6064,470,183459,0.646688,189,0,8.66667,,9.9,10,0,0.1,4,0,0,14.4228,31,,747,566,,0,0,0,1.2
1603039856301,8,1010123456031,74,,1,0,6,1,2,,14.5692,578,183914,0.737664,230,0,8.33333,,0,0,0,0,0,0,0,0,0,,750,720,,0,0,0,0
1603039856551,8,1010123456031,74,,1,0,6,1,2,,15.5442,566,183249,0.790464,230,0,8.5,,0,0,0,0,0,0,0,0,0,,750,710,,0,0,0,0
1603039856801,8,1010123456031,74,,1,0,6,1,2,,13.7681,526,183375,0.661728,211,0,8.14286,,0,0,0,0,0,0,0,0,0,,750,676,,0,0,0,0
1603039857051,8,1010123456031,74,,1,0,6,1,2,,13.6248,573,183980,0.70096,229,0,8,,11.4286,7,0,0.1,3,0,0,13.389,31,,750,724,,0,0,0,2.14286
1603039857301,8,1010123456031,74,,1,0,6,1,2,,15.6846,501,183149,0.760032,209,0,8.66667,,0,0,0,0,0,0,0,0,0,,750,656,,0,0,0,0
1603039857551,8,1010123456031,74,,1,0,6,1,2,,15.1735,559,183222,0.739744,216,0,8.5,,0,0,0,0,0,0,0,0,0,,750,698,,0,0,0,0
1603039857801,8,1010123456031,74,,1,0,6,1,2,,17.272,397,183803,0.744416,161,0,8.85714,,0,0,0,0,0,0,0,0,0,,750,576,,0,0,0,0
1603039858051,8,1010123456031,74,,1,0,6,1,2,,16.1433,586,184632,0.870912,236,0,8.66667,,7.7,10,0,0.1,4,0,0,12.479,31,,750,760,,0,0,0,1.2
1603039858301,8,1010123456031,74,,1,0,6,1,2,,14.6881,436,183146,0.626112,177,0,8.2,,0,0,0,0,0,0,0,0,0,,750,594,,0,0,0,0
1603039858551,8,1010123456031,74,,1,0,6,1,2,,15.369,374,183045,0.569248,150,0,8.5,,0,0,0,0,0,0,0,0,0,,750,518,,0,0,0,0
1603039858801,8,1010123456031,74,,1,0,6,1,2,,16.9575,400,183169,0.678944,165,0,8.71429,,0,0,0,0,0,0,0,0,0,,750,526,,0,0,0,0
1603039859051,8,1010123456031,74,,1,0,6,1,2,,16.5442,362,183213,0.701632,146,0,9,,11.7143,14,0,0.1,5,40,0,10.2434,31,,750,548,,0,0,0,5
1603039859301,8,1010123456031,74,,1,0,6,1,2,,15.4527,391,183406,0.616096,156,0,8.5,,0,0,0,0,0,0,0,0,0,,750,540,,0,0,0,0
1603039859551,8,1010123456031,74,,1,0,6,1,2,,14.7554,368,183060,0.530656,147,0,8.33333,,0,0,0,0,0,0,0,0,0,,750,504,,0,0,0,0
1603039859801,8,1010123456031,74,,1,0,6,1,2,,14.8565,425,183811,0.500864,172,0,8.42857,,4,3,0,0.1,1,0,0,17.4624,31,,750,480,,0,0,0,1
1603039860051,8,1010123456031,74,,1,0,6,1,2,,14.9313,553,183041,0.681568,220,0,8.5,,7.875,32,0,0.111552,14,0,0,12.9333,31,,750,646,,0,0,0,1.4375
1603039860301,8,1010123456031,74,,1,0,6,1,2,,17.8514,424,183309,0.804352,172,0,9,,0,0,0,0,0,0,0,0,0,,750,598,,0,0,0,0
1603039860551,8,1010123456031,74,,1,0,6,1,2,,17.1198,501,182891,0.7688,201,0,9,,0,0,0,0,0,0,0,0,0,,750,626,,0,0,0,0
1603039860801,8,1010123456031,74,,1,0,6,1,2,,16.4972,531,183598,0.801984,215,0,8.8,,0,0,0,0,0,0,0,0,0,,750,662,,0,0,0,0
1603039861051,8,1010123456031,74,,1,0,6,1,2,,16.5117,471,183178,0.677632,184,0,8.83333,,8.33333,18,0,0.1,7,14.2857,0,8.87179,31,,750,572,,0,0,0,2.77778
1603039861301,8,1010123456031,74,,1,0,6,1,2,,15.9913,575,183686,0.838592,230,0,8.66667,,2,3,0,0.1,1,0,0,18.8947,0,,750,730,,0,0,0,1
1603039861551,8,1010123456031,74,,1,0,6,1,2,,15.7342,380,183449,0.619872,155,0,8.66667,,0,0,0,0,0,0,0,0,0,,750,538,,0,0,0,0
1603039861801,8,1010123456031,74,,1,0,6,1,2,,15.891,578,183475,0.821472,231,0,8.57143,,0,0,0,0,0,0,0,0,0,,750,718,,0,0,0,0
1603039862051,8,1010123456031,74,,1,0,6,1,2,,15.5452,420,183030,0.677216,171,0,8.5,,14.5,18,0,0.1,7,57.1429,0,12.5124,31,,750,596,,0,0,0,6
1603039862301,8,1010123456031,74,,1,0,6,1,2,,17.6034,348,183192,0.648832,142,0,9,,0,0,0,0,0,0,0,0,0,,750,504,,0,0,0,0
1603039862551,8,1010123456031,74,,1,0,6,1,2,,18.0412,388,183802,0.749664,157,0,9,,0,0,0,0,0,0,0,0,0,,750,550,,0,0,0,0
1603039862801,8,1010123456031,74,,1,0,6,1,2,,16.2134,492,183259,0.770336,190,0,8.57143,,0,0,0,0,0,0,0,0,0,,750,656,,0,0,0,0
1603039863051,8,1010123456031,74,,1,0,6,1,2,,16.4536,582,183038,0.861824,232,0,9,,9.71429,7,0,0.1,3,0,0,17.1514,31,,750,728,,0,0,0,1
1603039863301,8,1010123456031,74,,1,0,6,1,2,,17.0181,442,183735,0.791936,182,0,9,,0,0,0,0,0,0,0,0,0,,750,630,,0,0,0,0
1603039863551,8,1010123456031,74,,1,0,6,1,2,,15.8947,361,184358,0.595264,142,0,8.5,,0,0,0,0,0,0,0,0,0,,747,508,,0,0,0,0
1603039863801,8,1010123456031,74,,1,0,6,1,2,,17.3242,401,184484,0.711008,159,0,8.85714,,0,0,0,0,0,0,0,0,0,,753,550,,0,0,0,0
1603039864051,8,1010123456031,74,,1,0,6,1,2,,15.2627,354,183239,0.55776,145,0,8.33333,,12.5714,7,0,0.1,3,0,0,20.7249,31,,750,512,,0,0,0,1
1603039864301,8,1010123456031,74,,1,0,6,1,2,,15.3722,352,182844,0.506496,142,0,8.33333,,0,0,0,0,0,0,0,0,0,,750,454,,0,0,0,0
1603039864551,8,1010123456031,74,,1,0,6,1,2,,14.7494,447,183444,0.629728,171,0,8.33333,,0,0,0,0,0,0,0,0,0,,750,604,,0,0,0,0
1603039864801,8,1010123456031,74,,1,0,6,1,2,,17.1292,565,182941,0.8712,229,0,9,,0,0,0,0,0,0,0,0,0,,750,708,,0,0,0,0
1603039865051,8,1010123456031,74,,1,0,6,1,2,,15.6071,448,183740,0.693696,179,0,8.83333,,12,8,0,0.1,3,0,0,13.7087,31,,750,604,,0,0,0,1.25
1603039865301,8,1010123456031,74,,1,0,6,1,2,,17,477,182843,0.745088,194,0,9,,0,2,0,0.1,1,0,0,0,31,,750,600,,0,0,0,0
1603039865551,8,1010123456031,74,,1,0,6,1,2,,16.7276,514,183106,0.75312,199,0,9,,0,0,0,0,0,0,0,0,0,,750,618,,0,0,0,0
1603039865801,8,1010123456031,74,,1,0,6,1,2,,16.9128,585,182953,0.848416,235,0,9,,0,0,0,0,0,0,0,0,0,,750,706,,0,0,0,0
1603039866051,8,1010123456031,74,,1,0,6,1,2,,17.1097,565,182904,0.913408,228,0,9,,9.55556,9,0,0.1,4,0,0,14.6118,31,,750,734,,0,0,0,1.22222
1603039866301,8,1010123456031,74,,1,0,6,1,2,,16.7965,452,183337,0.655008,185,0,9,,0,0,0,0,0,0,0,0,0,,750,536,,0,0,0,0
1603039866551,8,1010123456031,74,,1,0,6,1,2,,16.7436,433,183157,0.712544,173,0,9,,0,0,0,0,0,0,0,0,0,,750,586,,0,0,0,0
1603039866801,8,1010123456031,74,,1,0,6,1,2,,16.9806,463,183177,0.819744,187,0,8.85714,,0,0,0,0,0,0,0,0,0,,750,652,,0,0,0,0
1603039867051,8,1010123456031,74,,1,0,6,1,2,,15.981,525,183991,0.776096,207,0,8.66667,,4.52941,17,0,0.1,7,0,0,8.77281,31,,750,676,,0,0,0,1.11765
1603039867301,8,1010123456031,74,,1,0,6,1,2,,17.1306,536,183532,0.843712,218,0,9,,9,3,0,0.1,1,0,0,18.9228,31,,747,666,,0,0,0,1
1603039867551,8,1010123456031,74,,1,0,6,1,2,,15.8502,494,182523,0.672928,195,0,8.66667,,0,0,0,0,0,0,0,0,0,,753,616,,0,0,0,0
1603039867801,8,1010123456031,74,,1,0,6,1,2,,16.2604,457,182946,0.751328,185,0,8.71429,,0,0,0,0,0,0,0,0,0,,747,636,,0,0,0,0
1603039868051,8,1010123456031,74,,1,0,6,1,2,,17.7809,388,182756,0.759936,156,0,9,,14.0714,14,0,0.1,5,20,0,16.5598,31,,750,576,,0,0,0,2.92857
1603039868301,8,1010123456031,74,,1,0,6,1,2,,16.6152,382,183008,0.628,155,0,9,,0,0,0,0,0,0,0,0,0,,750,504,,0,0,0,0
1603039868551,8,1010123456031,74,,1,0,6,1,2,,17.125,512,183591,0.819712,204,0,9,,0,0,0,0,0,0,0,0,0,,747,668,,0,0,0,0
1603039868801,8,1010123456031,74,,1,0,6,1,2,,17.5579,579,183261,0.958944,233,0,9,,0,0,0,0,0,0,0,0,0,,753,766,,0,0,0,0
1603039869051,8,1010123456031,74,,1,0,6,1,2,,17.3151,438,183353,0.76656,179,0,9,,9.0625,16,0,0.1,6,16.6667,0,10.3307,31,,750,592,,0,0,0,2.875
1603039869301,8,1010123456031,74,,1,0,6,1,2,,17.0353,340,184155,0.603168,139,0,8.83333,,0,0,0,0,0,0,0,0,0,,747,466,,0,0,0,0
1603039869551,8,1010123456031,74,,1,0,6,1,2,,17.2457,346,183249,0.644512,137,0,8.83333,,0,0,0,0,0,0,0,0,0,,753,504,,0,0,0,0
1603039869801,8,1010123456031,74,,1,0,6,1,2,,17.1289,357,183957,0.642624,140,0,9,,0,0,0,0,0,0,0,0,0,,747,496,,0,0,0,0
1603039870051,8,1010123456031,74,,1,0,6,1,2,,17.0215,418,183787,0.794976,164,0,8.83333,,6.82051,39,0,0.1,16,0,0,17.9721,31,,750,642,,0,0,0,1
1603039870301,8,1010123456031,74,,1,0,6,1,2,,17.4499,409,182919,0.736064,162,0,9,,0,0,0,0,0,0,0,0,0,,753,570,,0,0,0,0
1603039870551,8,1010123456031,74,,1,0,6,1,2,,17.9466,431,182714,0.809888,175,0,9,,0,0,0,0,0,0,0,0,0,,750,610,,0,0,0,0
1603039870801,8,1010123456031,74,,1,0,6,1,2,,17.1592,402,182960,0.708352,164,0,9,,0,0,0,0,0,0,0,0,0,,750,552,,0,0,0,0
1603039871051,8,1010123456031,74,,1,0,6,1,2,,16.6888,376,183347,0.65232,152,0,8.83333,,11.5714,14,0,0.1,5,20,0,9.38813,31,,750,518,,0,0,0,4.14286
1603039871301,8,1010123456031,74,,1,0,6,1,2,,16.9234,418,182481,0.688704,166,0,8.83333,,0,0,0,0,0,0,0,0,0,,750,554,,0,0,0,0
1603039871551,8,1010123456031,74,,1,0,6,1,2,,16.6063,414,183684,0.635392,164,0,9,,0,0,0,0,0,0,0,0,0,,750,520,,0,0,0,0
1603039871801,8,1010123456031,74,,1,0,6,1,2,,15.8722,446,183864,0.667776,181,0,8.71429,,0,0,0,0,0,0,0,0,0,,750,586,,0,0,0,0
1603039872051,8,1010123456031,74,,1,0,6,1,2,,16.6805,385,183657,0.629184,156,0,8.83333,,1.67568,37,0,0.1,15,0,0,8.04478,31,,750,512,,0,0,0,1
1603039872301,8,1010123456031,74,,1,0,6,1,2,,15.8923,483,184103,0.690144,190,0,8.66667,,0,0,0,0,0,0,0,0,0,,750,612,,0,0,0,0
1603039872551,8,1010123456031,74,,1,0,6,1,2,,14.7035,398,183277,0.670368,167,0,8,,0,0,0,0,0,0,0,0,0,,750,588,,0,0,0,0
1603039872801,8,1010123456031,74,,1,0,6,1,2,,17.9839,372,184216,0.71424,146,0,8.85714,,0,0,0,0,0,0,0,0,0,,750,538,,0,0,0,0
1603039873051,8,1010123456031,74,,1,0,6,1,2,,16.348,546,182882,0.7896,215,0,9,,6.27778,18,0,0.1,7,0,0,10.77,31,,750,682,,0,0,0,1.16667
1603039873301,8,1010123456031,74,,1,0,6,1,2,,16.0581,534,182682,0.768224,217,0,8.83333,,0,0,0,0,0,0,0,0,0,,750,664,,0,0,0,0
1603039873551,8,1010123456031,74,,1,0,6,1,2,,16.8258,534,183702,0.839264,217,0,9,,0,0,0,0,0,0,0,0,0,,750,678,,0,0,0,0
1603039873801,8,1010123456031,74,,1,0,6,1,2,,17.1425,449,182273,0.69552,177,0,9,,0,0,0,0,0,0,0,0,0,,750,564,,0,0,0,0
1603039874051,8,1010123456031,74,,1,0,6,1,2,,18.5947,375,183687,0.802432,150,0,9.33333,,12.0909,11,0,0.1,4,0,0,19.9297,31,,750,564,,0,0,0,1
1603039874301,8,1010123456031,74,,1,0,6,1,2,,16.7955,401,182680,0.75232,162,0,8.66667,,0,0,0,0,0,0,0,0,0,,750,598,,0,0,0,0
1603039874551,8,1010123456031,74,,1,0,6,1,2,,16.4427,436,183767,0.675392,173,0,8.83333,,0,0,0,0,0,0,0,0,0,,750,570,,0,0,0,0
1603039874801,8,1010123456031,74,,1,0,6,1,2,,15.4072,415,183917,0.702432,165,0,8.42857,,0,0,0,0,0,0,0,0,0,,750,628,,0,0,0,0
1603039875051,8,1010123456031,74,,1,0,6,1,2,,16.7059,510,184163,0.803424,203,0,8.83333,,10.8,10,0,0.1,4,0,0,11.0747,31,,750,660,,0,0,0,2.2
1603039875301,8,1010123456031,74,,1,0,6,1,2,,16.9362,392,183369,0.702784,160,0,8.83333,,0,0,0,0,0,0,0,0,0,,747,554,,0,0,0,0
1603039875551,8,1010123456031,74,,1,0,6,1,2,,17.895,381,183441,0.695168,154,0,9,,0,2,0,0.1,1,0,0,0,31,,750,532,,0,0,0,0
1603039875801,8,1010123456031,74,,1,0,6,1,2,,16.8,450,184141,0.795936,179,0,8.85714,,0,0,0,0,0,0,0,0,0,,750,632,,0,0,0,0
1603039876051,8,1010123456031,74,,1,0,6,1,2,,16.2974,454,183661,0.681056,183,0,9,,7.25,32,0,0.1,13,15.3846,0,8.0132,31,,750,572,,0,0,0,2.71875
1603039876301,8,1010123456031,74,,1,0,6,1,2,,16.9217,549,182642,0.83824,217,0,9,,0,0,0,0,0,0,0,0,0,,753,690,,0,0,0,0
1603039876551,8,1010123456031,74,,1,0,6,1,2,,17.605,600,182982,0.97744,241,0,9,,0,0,0,0,0,0,0,0,0,,747,778,,0,0,0,0
1603039876801,8,1010123456031,74,,1,0,6,1,2,,16.5469,554,183671,0.891552,227,0,8.85714,,0,0,0,0,0,0,0,0,0,,753,730,,0,0,0,0
1603039877051,8,1010123456031,74,,1,0,6,1,2,,16.6079,380,184287,0.661696,155,0,8.66667,,9.14286,7,0,0.1,3,0,0,17.1317,31,,750,524,,0,0,0,2.28571
1603039877301,8,1010123456031,74,,1,0,6,1,2,,14.4734,395,183952,0.577248,159,0,8.16667,,0,0,0,0,0,0,0,0,0,,750,556,,0,0,0,0
1603039877551,8,1010123456031,74,,1,0,6,1,2,,14.3692,390,183434,0.589216,155,0,8.66667,,0,0,0,0,0,0,0,0,0,,750,560,,0,0,0,0
1603039877801,8,1010123456031,74,,1,0,6,1,2,,15.0136,442,182814,0.567584,171,0,8.57143,,0,0,0,0,0,0,0,0,0,,750,552,,0,0,0,0
1603039878051,8,1010123456031,74,,1,0,6,1,2,,16.9776,491,184241,0.768448,198,0,9,,12.9,10,0,0.1,4,0,0,15.7896,31,,750,616,,0,0,0,1.4
1603039878301,8,1010123456031,74,,1,0,6,1,2,,15.2942,554,183365,0.760928,225,0,8.5,,0,2,0,0.1,1,0,0,0,31,,750,682,,0,0,0,0
1603039878551,8,1010123456031,74,,1,0,6,1,2,,16.3357,563,183352,0.786912,222,0,8.83333,,0,0,0,0,0,0,0,0,0,,750,686,,0,0,0,0
1603039878801,8,1010123456031,74,,1,0,6,1,2,,17.2742,423,183761,0.751776,171,0,8.85714,,0,0,0,0,0,0,0,0,0,,750,586,,0,0,0,0
1603039879051,8,1010123456031,74,,1,0,6,1,2,,16.4011,541,182918,0.802976,219,0,8.83333,,9.1,10,0,0.1,4,0,0,11.6269,31,,750,672,,0,0,0,2.2
1603039879301,8,1010123456031,74,,1,0,6,1,2,,15.6013,459,182769,0.656672,185,0,8.66667,,0,0,0,0,0,0,0,0,0,,750,590,,0,0,0,0
1603039879551,8,1010123456031,74,,1,0,6,1,2,,15.7626,358,183618,0.602304,146,0,8.5,,0,0,0,0,0,0,0,0,0,,750,514,,0,0,0,0
1603039879801,8,1010123456031,74,,1,0,6,1,2,,17.1818,407,182907,0.78176,164,0,8.71429,,0,0,0,0,0,0,0,0,0,,750,612,,0,0,0,0
1603039880051,8,1010123456031,74,,1,0,6,1,2,,16.7877,391,182575,0.672736,159,0,8.66667,,8.05714,35,0,0.1,15,26.6667,0,12.5195,31,,750,552,,0,0,0,3.45714
1603039880301,8,1010123456031,74,,1,0,6,1,2,,17.1676,352,182653,0.653472,141,0,8.83333,,0,0,0,0,0,0,0,0,0,,750,514,,0,0,0,0
1603039880551,8,1010123456031,74,,1,0,6,1,2,,17.0049,408,182727,0.70864,165,0,8.83333,,0,0,0,0,0,0,0,0,0,,750,568,,0,0,0,0
1603039880801,8,1010123456031,74,,1,0,6,1,2,,17.0512,527,183062,0.806176,211,0,9,,0,0,0,0,0,0,0,0,0,,750,654,,0,0,0,0
1603039881051,8,1010123456031,74,,1,0,6,1,2,,16.4081,544,183590,0.851712,222,0,8.6,,9.625,8,0,0.1,3,0,0,15.79,31,,750,702,,0,0,0,1.25
1603039881301,8,1010123456031,74,,1,0,6,1,2,,15.9,400,184051,0.68768,156,0,8.5,,0,0,0,0,0,0,0,0,0,,747,594,,0,0,0,0
1603039881551,8,1010123456031,74,,1,0,6,1,2,,15.7282,412,183182,0.695008,167,0,8.8,,0,0,0,0,0,0,0,0,0,,753,606,,0,0,0,0
1603039881801,8,1010123456031,74,,1,0,6,1,2,,16.8125,544,184547,0.812416,219,0,8.85714,,0,0,0,0,0,0,0,0,0,,747,670,,0,0,0,0
1603039882051,8,1010123456031,74,,1,0,6,1,2,,14.0475,442,182461,0.626912,175,0,8.16667,,9.47059,17,0,0.1,6,33.3333,0,12.5953,31,,750,644,,0,0,0,4.35294
1603039882301,8,1010123456031,74,,1,0,6,1,2,,15.2668,371,183440,0.59824,149,0,8.33333,,0,0,0,0,0,0,0,0,0,,750,524,,0,0,0,0
1603039882551,8,1010123456031,74,,1,0,6,1,2,,17.9759,373,182980,0.76032,150,0,9,,0,0,0,0,0,0,0,0,0,,747,572,,0,0,0,0
1603039882801,8,1010123456031,74,,1,0,6,1,2,,16.2078,332,183098,0.630368,133,0,8.57143,,0,0,0,0,0,0,0,0,0,,750,510,,0,0,0,0
1603039883051,8,1010123456031,74,,1,0,6,1,2,,17.0333,390,183654,0.726656,156,0,8.83333,,15.1429,7,0,0.1,3,0,0,19.0775,31,,753,586,,0,0,0,1
1603039883301,8,1010123456031,74,,1,0,6,1,2,,17.5871,373,183287,0.628256,149,0,9,,0,0,0,0,0,0,0,0,0,,747,484,,0,0,0,0
1603039883551,8,1010123456031,74,,1,0,6,1,2,,17.018,444,183698,0.742112,175,0,9,,0,2,0,0.1,1,0,0,0,31,,753,594,,0,0,0,0
1603039883801,8,1010123456031,74,,1,0,6,1,2,,16.4429,420,183640,0.67152,168,0,8.66667,,0,0,0,0,0,0,0,0,0,,750,554,,0,0,0,0
1603039884051,8,1010123456031,74,,1,0,6,1,2,,18.028,357,183781,0.710368,147,0,9.83333,,3.21429,28,0,0.1,11,0,0,7.38966,31,,750,504,,0,0,0,1.5
1603039884301,8,1010123456031,74,,1,0,6,1,2,,17.361,543,183051,0.819712,214,0,9,,0,0,0,0,0,0,0,0,0,,750,662,,0,0,0,0
1603039884551,8,1010123456031,74,,1,0,6,1,2,,15.2744,554,183335,0.793344,221,0,8.5,,0,0,0,0,0,0,0,0,0,,750,730,,0,0,0,0
1603039884801,8,1010123456031,74,,1,0,6,1,2,,16.1107,533,182266,0.76448,214,0,8.57143,,0,0,0,0,0,0,0,0,0,,750,654,,0,0,0,0
1603039885051,8,1010123456031,74,,1,0,6,1,2,,15.9672,549,182561,0.80768,222,0,8.83333,,9.81579,38,0,0.1,14,28.5714,0,11.1446,31,,750,698,,0,0,0,3.92105
1603039885301,8,1010123456031,74,,1,0,6,1,2,,16.9842,443,183395,0.728448,180,0,8.83333,,8,7,0,0.1,3,33.3333,0,11.8683,31,,750,588,,0,0,0,5.28571
1603039885551,8,1010123456031,74,,1,0,6,1,2,,17.2479,359,183546,0.710336,144,0,8.83333,,0,0,0,0,0,0,0,0,0,,750,548,,0,0,0,0
1603039885801,8,1010123456031,74,,1,0,6,1,2,,15.132,447,183520,0.613664,177,0,8.28571,,0,2,0,0.1,1,0,0,0,31,,750,586,,0,0,0,0
1603039886051,8,1010123456031,74,,1,0,6,1,2,,13.0656,488,182846,0.549312,195,0,7.8,,3.22727,44,0,0.1,19,21.0526,0,7.77659,31,,750,592,,0,0,0,2.63636
1603039886301,8,1010123456031,74,,1,0,6,1,2,,16.4938,565,183338,0.83888,225,0,8.83333,,2,3,0,0.1,1,0,0,7.39728,31,,750,708,,0,0,0,1
1603039886551,8,1010123456031,74,,1,0,6,1,2,,17.1709,591,183208,0.91984,237,0,9,,0,0,0,0,0,0,0,0,0,,750,734,,0,0,0,0
1603039886801,8,1010123456031,74,,1,0,6,1,2,,15.9533,535,183390,0.760832,220,0,8.71429,,0,0,0,0,0,0,0,0,0,,750,654,,0,0,0,0
1603039887051,8,1010123456031,74,,1,0,6,1,2,,15.6797,487,184003,0.640256,193,0,8.66667,,2.34286,35,0,0.1,14,0,0,6.82878,31,,750,572,,0,0,0,1
1603039887301,8,1010123456031,74,,1,0,6,1,2,,13.8064,532,184140,0.670272,215,0,8.16667,,0,0,0,0,0,0,0,0,0,,750,680,,0,0,0,0
1603039887551,8,1010123456031,74,,1,0,6,1,2,,16.3166,559,183843,0.807456,224,0,8.83333,,0,0,0,0,0,0,0,0,0,,750,700,,0,0,0,0
1603039887801,8,1010123456031,74,,1,0,6,1,2,,15.9432,475,182836,0.760032,193,0,8.71429,,2,3,0,0.1,1,0,0,6.981,31,,747,638,,0,0,0,1
1603039888051,8,1010123456031,74,,1,0,6,1,2,,16.6081,393,183899,0.636288,158,0,8.83333,,8.90909,11,0,0.1,4,0,0,14.4652,31,,747,510,,0,0,0,1.81818
1603039888301,8,1010123456031,74,,1,0,6,1,2,,16.8713,505,183194,0.832064,208,0,9,,0,0,0,0,0,0,0,0,0,,753,672,,0,0,0,0
1603039888551,8,1010123456031,74,,1,0,6,1,2,,14.8305,466,183471,0.70752,187,0,8.75,,0,0,0,0,0,0,0,0,0,,747,652,,0,0,0,0
1603039888801,8,1010123456031,74,,1,0,6,1,2,,16.2985,546,183479,0.796544,216,0,8.85714,,0,2,0,0.1,1,0,0,0,31,,753,690,,0,0,0,0
1603039889051,8,1010123456031,74,,1,0,6,1,2,,16.2682,563,183122,0.819712,224,0,8.83333,,6.86667,15,0,0.1,6,0,0,10.2621,31,,750,696,,0,0,0,1
1603039889301,8,1010123456031,74,,1,0,6,1,2,,15.2083,480,183150,0.628832,193,0,8.5,,0,0,0,0,0,0,0,0,0,,747,568,,0,0,0,0
1603039889551,8,1010123456031,74,,1,0,6,1,2,,16.1455,591,183028,0.856416,235,0,8.66667,,0,0,0,0,0,0,0,0,0,,750,746,,0,0,0,0
1603039889801,8,1010123456031,74,,1,0,6,1,2,,16.2658,568,183019,0.847936,230,0,8.71429,,0,0,0,0,0,0,0,0,0,,750,734,,0,0,0,0
1603039890051,8,1010123456031,74,,1,0,6,1,2,,17.2724,558,184206,0.864896,224,0,9,,9.71429,7,0,0.1,3,0,0,16.8612,31,,753,696,,0,0,0,1
1603039890301,8,1010123456031,74,,1,0,6,1,2,,16.4764,445,183489,0.658528,179,0,9,,0,0,0,0,0,0,0,0,0,,750,534,,0,0,0,0
1603039890551,8,1010123456031,74,,1,0,6,1,2,,17.0481,540,183763,0.810176,220,0,9,,0,0,0,0,0,0,0,0,0,,750,652,,0,0,0,0
1603039890801,8,1010123456031,74,,1,0,6,1,2,,17.3991,436,183549,0.820768,177,0,8.85714,,9.5,6,0,0.1,2,0,0,13.5458,31,,750,626,,0,0,0,1.5
1603039891051,8,1010123456031,74,,1,0,6,1,2,,18.1074,391,181872,0.736192,150,0,9,,11.7143,7,0,0.1,3,0,0,17.4376,31,,750,568,,0,0,0,1
1603039891301,8,1010123456031,74,,1,0,6,1,2,,16.6557,424,182734,0.701792,171,0,8.83333,,0,0,0,0,0,0,0,0,0,,750,560,,0,0,0,0
1603039891551,8,1010123456031,74,,1,0,6,1,2,,16.0386,389,183157,0.582368,156,0,8.83333,,0,0,0,0,0,0,0,0,0,,750,504,,0,0,0,0
1603039891801,8,1010123456031,74,,1,0,6,1,2,,16.9621,501,182723,0.7936,202,0,8.85714,,0,0,0,0,0,0,0,0,0,,750,632,,0,0,0,0
1603039892051,8,1010123456031,74,,1,0,6,1,2,,15.801,412,183001,0.651136,167,0,8.83333,,2.89655,29,0,0.1,12,0,0,7.10489,31,,750,562,,0,0,0,1.2069
1603039892301,8,1010123456031,74,,1,0,6,1,2,,17.5247,526,183452,0.841472,210,0,9,,0,0,0,0,0,0,0,0,0,,750,668,,0,0,0,0
1603039892551,8,1010123456031,74,,1,0,6,1,2,,16.706,466,183486,0.753216,186,0,8.83333,,0,0,0,0,0,0,0,0,0,,750,624,,0,0,0,0
1603039892801,8,1010123456031,74,,1,0,6,1,2,,16.8963,405,183573,0.686432,167,0,8.85714,,0,0,0,0,0,0,0,0,0,,750,536,,0,0,0,0
1603039893051,8,1010123456031,74,,1,0,6,1,2,,17.4229,376,183083,0.620608,146,0,9,,12.4783,23,0,0.112608,9,0,0,15.7084,31,,750,490,,0,0,0,1.95652
1603039893301,8,1010123456031,74,,1,0,6,1,2,,17.1549,523,184532,0.863712,211,0,9,,0,2,0,0.1,1,0,0,0,31,,750,684,,0,0,0,0
1603039893551,8,1010123456031,74,,1,0,6,1,2,,18.192,375,184115,0.772192,151,0,9,,0,0,0,0,0,0,0,0,0,,750,566,,0,0,0,0
1603039893801,8,1010123456031,74,,1,0,6,1,2,,18.0375,373,182553,0.689472,144,0,9,,14,3,0,0.1,1,0,0,8.36525,31,,750,530,,0,0,0,4
1603039894051,8,1010123456031,74,,1,0,6,1,2,,16.1792,346,183884,0.558464,140,0,9,,3.94444,36,0,0.1,14,0,0,12.3277,31,,750,448,,0,0,0,1.11111
1603039894301,8,1010123456031,74,,1,0,6,1,2,,16.3286,426,183861,0.652352,170,0,9,,0,0,0,0,0,0,0,0,0,,750,558,,0,0,0,0
1603039894551,8,1010123456031,74,,1,0,6,1,2,,17.8733,363,182933,0.738592,147,0,9.5,,0,0,0,0,0,0,0,0,0,,747,534,,0,0,0,0
1603039894801,8,1010123456031,74,,1,0,6,1,2,,15.3486,370,183436,0.558944,149,0,8.71429,,0,0,0,0,0,0,0,0,0,,753,500,,0,0,0,0
1603039895051,8,1010123456031,74,,1,0,6,1,2,,16.965,429,183488,0.710048,173,0,9,,2.76087,46,0,0.1,19,0,0,9.42268,31,,747,568,,0,0,0,1.13043
1603039895301,8,1010123456031,74,,1,0,6,1,2,,17.0558,502,183938,0.845088,198,0,8.83333,,0,2,0,0.1,1,0,0,0,31,,750,670,,0,0,0,0
1603039895551,8,1010123456031,74,,1,0,6,1,2,,16.8308,532,181640,0.869024,211,0,8.16667,,0,0,0,0,0,0,0,0,0,,753,742,,0,0,0,0
1603039895801,8,1010123456031,74,,1,0,6,1,2,,17.0891,561,184216,0.863904,227,0,9,,0,0,0,0,0,0,0,0,0,,750,702,,0,0,0,0
1603039896051,8,1010123456031,74,,1,0,6,1,2,,17.485,602,183185,0.933536,239,0,9,,10.2143,14,0,0.1,5,20,0,11.103,31,,747,744,,0,0,0,3.78571
1603039896301,8,1010123456031,74,,1,0,6,1,2,,17.1721,581,183957,0.93728,234,0,9,,0,0,0,0,0,0,0,0,0,,750,746,,0,0,0,0
1603039896551,8,1010123456031,74,,1,0,6,1,2,,17,537,184058,0.84608,214,0,9,,0,0,0,0,0,0,0,0,0,,753,694,,0,0,0,0
1603039896801,8,1010123456031,74,,1,0,6,1,2,,17.3066,574,182833,0.905344,232,0,9,,0,0,0,0,0,0,0,0,0,,750,720,,0,0,0,0
1603039897051,8,1010123456031,74,,1,0,6,1,2,,16.577,383,183936,0.642912,158,0,8.5,,12.5714,7,0,0.1,3,0,0,17.9145,31,,750,518,,0,0,0,1.85714
1603039897301,8,1010123456031,74,,1,0,6,1,2,,17.1379,464,183230,0.770144,183,0,8.83333,,0,0,0,0,0,0,0,0,0,,750,622,,0,0,0,0
1603039897551,8,1010123456031,74,,1,0,6,1,2,,16.2202,545,183963,0.746368,222,0,8.83333,,0,0,0,0,0,0,0,0,0,,750,636,,0,0,0,0
1603039897801,8,1010123456031,74,,1,0,6,1,2,,16.7642,509,182647,0.7984,200,0,9,,0,0,0,0,0,0,0,0,0,,750,660,,0,0,0,0
1603039898051,8,1010123456031,74,,1,0,6,1,2,,17.1418,402,183748,0.692512,167,0,9,,9.2,15,0,0.1,6,0,0,15.8261,31,,750,536,,0,0,0,1.4
1603039898301,8,1010123456031,74,,1,0,6,1,2,,17.9921,379,183099,0.713824,149,0,9,,15,9,0,0.1,3,66.6667,0,6.98794,31,,750,544,,0,0,0,7.66667
1603039898551,8,1010123456031,74,,1,0,6,1,2,,17.492,374,183800,0.680736,151,0,9,,0,0,0,0,0,0,0,0,0,,750,528,,0,0,0,0
1603039898801,8,1010123456031,74,,1,0,6,1,2,,17.2418,459,184163,0.727744,188,0,9,,0,0,0,0,0,0,0,0,0,,750,558,,0,0,0,0
1603039899051,8,1010123456031,74,,1,0,6,1,2,,16.2517,449,183871,0.716896,181,0,8.83333,,7.86364,44,0,0.1,18,11.1111,0,13.3737,31,,750,612,,0,0,0,2.63636
1603039899301,8,1010123456031,74,,1,0,6,1,2,,15.3576,344,183832,0.502432,133,0,8.83333,,0,0,0,0,0,0,0,0,0,,750,468,,0,0,0,0
1603039899551,8,1010123456031,74,,1,0,6,1,2,,17.5764,550,183771,0.90928,223,0,9,,0,0,0,0,0,0,0,0,0,,750,718,,0,0,0,0
1603039899801,8,1010123456031,74,,1,0,6,1,2,,16.2232,542,181961,0.832,218,0,8.71429,,0,0,0,0,0,0,0,0,0,,750,706,,0,0,0,0
1603039900051,8,1010123456031,74,,1,0,6,1,2,,16.3191,492,182945,0.731296,197,0,8.83333,,4.65789,38,0,0.1,15,0,0,12.2845,31,,750,618,,0,0,0,1
1603039900301,8,1010123456031,74,,1,0,6,1,2,,16.3996,453,182344,0.726272,182,0,8.83333,,0,0,0,0,0,0,0,0,0,,750,616,,0,0,0,0
1603039900551,8,1010123456031,74,,1,0,6,1,2,,17.0496,383,183192,0.72384,154,0,8.5,,0,0,0,0,0,0,0,0,0,,750,586,,0,0,0,0
1603039900801,8,1010123456031,74,,1,0,6,1,2,,17.8778,401,183030,0.730016,161,0,9,,12,3,0,0.1,1,0,0,7.93108,31,,747,540,,0,0,0,3
1603039901051,8,1010123456031,74,,1,0,6,1,2,,17.1426,533,183541,0.867072,212,0,9,,8.75,8,0,0.1,3,0,0,15.0645,31,,753,716,,0,0,0,1.75
1603039901301,8,1010123456031,74,,1,0,6,1,2,,18.0173,404,183338,0.792928,165,0,9,,0,0,0,0,0,0,0,0,0,,750,566,,0,0,0,0
1603039901551,8,1010123456031,74,,1,0,6,1,2,,18.1696,395,183148,0.75856,159,0,9,,0,0,0,0,0,0,0,0,0,,747,562,,0,0,0,0
1603039901801,8,1010123456031,74,,1,0,6,1,2,,17.7007,411,183946,0.768832,160,0,9,,0,0,0,0,0,0,0,0,0,,753,592,,0,0,0,0
1603039902051,8,1010123456031,74,,1,0,6,1,2,,16.9584,505,183570,0.769504,201,0,9,,12.5714,7,0,0.1,3,0,0,14.584,31,,750,634,,0,0,0,1.85714
1603039902301,8,1010123456031,74,,1,0,6,1,2,,16.6,535,184047,0.841376,218,0,8.83333,,0,0,0,0,0,0,0,0,0,,750,702,,0,0,0,0
1603039902551,8,1010123456031,74,,1,0,6,1,2,,14.5404,507,183446,0.712608,208,0,8.16667,,0,0,0,0,0,0,0,0,0,,747,662,,0,0,0,0
1603039902801,8,1010123456031,74,,1,0,6,1,2,,15.6393,427,183673,0.55648,167,0,8.57143,,0,0,0,0,0,0,0,0,0,,750,506,,0,0,0,0
1603039903051,8,1010123456031,74,,1,0,6,1,2,,16.5253,554,182624,0.829696,221,0,9,,12.4706,17,0,0.1,6,16.6667,0,13.5515,31,,753,710,,0,0,0,3.41176
1603039903301,8,1010123456031,74,,1,0,6,1,2,,17.3045,486,182961,0.798112,199,0,9,,0,0,0,0,0,0,0,0,0,,750,630,,0,0,0,0
1603039903551,8,1010123456031,74,,1,0,6,1,2,,16.9471,397,182814,0.717984,161,0,9,,0,0,0,0,0,0,0,0,0,,750,570,,0,0,0,0
1603039903801,8,1010123456031,74,,1,0,6,1,2,,17.2377,488,183594,0.789696,196,0,9,,0,0,0,0,0,0,0,0,0,,750,622,,0,0,0,0
1603039904051,8,1010123456031,74,,1,0,6,1,2,,17.3272,492,183057,0.811424,197,0,9,,9.72727,11,0,0.1,4,0,0,16.6328,31,,750,660,,0,0,0,1.54545
1603039904301,8,1010123456031,74,,1,0,6,1,2,,16.9333,390,184036,0.655872,162,0,9,,0,0,0,0,0,0,0,0,0,,750,512,,0,0,0,0
1603039904551,8,1010123456031,74,,1,0,6,1,2,,17.7,370,183136,0.682848,145,0,9,,0,0,0,0,0,0,0,0,0,,750,526,,0,0,0,0
1603039904801,8,1010123456031,74,,1,0,6,1,2,,16.2684,488,184151,0.774816,191,0,8.85714,,0,0,0,0,0,0,0,0,0,,750,650,,0,0,0,0
1603039905051,8,1010123456031,74,,1,0,6,1,2,,15.8337,523,183450,0.730752,213,0,8.83333,,11.7143,7,0,0.1,3,0,0,14.9386,31,,750,648,,0,0,0,2.71429
1603039905301,8,1010123456031,74,,1,0,6,1,2,,16.3532,555,183621,0.803808,224,0,8.83333,,0,0,0,0,0,0,0,0,0,,750,682,,0,0,0,0
1603039905551,8,1010123456031,74,,1,0,6,1,2,,17.1068,487,183282,0.784832,198,0,9,,0,0,0,0,0,0,0,0,0,,750,626,,0,0,0,0
1603039905801,8,1010123456031,74,,1,0,6,1,2,,15.7005,364,182563,0.504224,145,0,9,,0,0,0,0,0,0,0,0,0,,750,440,,0,0,0,0
1603039906051,8,1010123456031,74,,1,0,6,1,2,,16.7376,465,183421,0.69296,187,0,9,,8.41667,12,0,0.1,5,20,0,11.7066,31,,750,562,,0,0,0,2.66667
1603039906301,8,1010123456031,74,,1,0,6,1,2,,17.4301,372,182237,0.68896,144,0,8.83333,,0,0,0,0,0,0,0,0,0,,750,542,,0,0,0,0
1603039906551,8,1010123456031,74,,1,0,6,1,2,,17.368,413,184011,0.751968,169,0,9,,0,0,0,0,0,0,0,0,0,,750,578,,0,0,0,0
1603039906801,8,1010123456031,74,,1,0,6,1,2,,17.2244,361,182557,0.651552,141,0,9,,0,0,0,0,0,0,0,0,0,,750,518,,0,0,0,0
1603039907051,8,1010123456031,74,,1,0,6,1,2,,17.3475,472,183184,0.806944,193,0,9,,13.75,20,0,0.1,7,28.5714,0,13.8919,31,,750,614,,0,0,0,4.95
1603039907301,8,1010123456031,74,,1,0,6,1,2,,16.465,471,184025,0.669888,185,0,8.83333,,0,0,0,0,0,0,0,0,0,,750,582,,0,0,0,0
1603039907551,8,1010123456031,74,,1,0,6,1,2,,16.2635,592,182797,0.854336,238,0,8.83333,,2,3,0,0.1,1,0,0,10.8655,31,,747,722,,0,0,0,1
1603039907801,8,1010123456031,74,,1,0,6,1,2,,16.3833,467,183419,0.73744,187,0,8.71429,,0,0,0,0,0,0,0,0,0,,753,624,,0,0,0,0
1603039908051,8,1010123456031,74,,1,0,6,1,2,,16.4485,379,183904,0.653408,154,0,8.33333,,13.1875,16,0,0.1,6,33.3333,0,14.993,31,,750,536,,0,0,0,3.9375
1603039908301,8,1010123456031,74,,1,0,6,1,2,,18.1214,387,184019,0.66864,155,0,9,,15,14,0,0.1,5,60,0,10.99,31,,747,490,,0,0,0,6.78571
1603039908551,8,1010123456031,74,,1,0,6,1,2,,16.2745,408,182257,0.617952,163,0,9,,0,0,0,0,0,0,0,0,0,,750,530,,0,0,0,0
1603039908801,8,1010123456031,74,,1,0,6,1,2,,16.7811,507,183299,0.826368,205,0,8.85714,,0,0,0,0,0,0,0,0,0,,750,666,,0,0,0,0
1603039909051,8,1010123456031,74,,1,0,6,1,2,,16.4145,509,184059,0.79856,208,0,8.83333,,10.5556,9,0,0.1,4,0,0,12.5145,31,,750,664,,0,0,0,3.44444
1603039909301,8,1010123456031,74,,1,0,6,1,2,,16.5995,382,183713,0.574816,149,0,9,,0,0,0,0,0,0,0,0,0,,750,480,,0,0,0,0
1603039909551,8,1010123456031,74,,1,0,6,1,2,,16.9543,438,183804,0.71648,178,0,9,,0,0,0,0,0,0,0,0,0,,750,578,,0,0,0,0
1603039909801,8,1010123456031,74,,1,0,6,1,2,,16.7965,403,182582,0.695616,158,0,8.85714,,0,0,0,0,0,0,0,0,0,,753,570,,0,0,0,0
1603039910051,8,1010123456031,74,,1,0,6,1,2,,17.9612,464,182877,0.836288,186,0,9,,14.5769,26,0,0.1,11,45.4545,0,14.6172,31,,750,638,,0,0,0,5.5
1603039910301,8,1010123456031,74,,1,0,6,1,2,,17.8651,415,174595,0.802432,172,0,9,,0,0,0,0,0,0,0,0,0,,750,598,,0,0,0,0
1603039910551,8,1010123456031,74,,1,0,6,1,2,,14.349,384,155141,0.647136,155,0,7.5,,0,0,0,0,0,0,0,0,0,,750,606,,0,0,0,0
1603039910801,8,1010123456031,74,,1,0,6,1,2,,17.9725,436,128688,0.87744,174,0,9,,0,2,0,0.1,1,0,0,0,31,,750,654,,0,0,0,0
1603039911051,8,1010123456031,74,,1,0,6,1,2,,18.4045,398,104082,0.80336,159,0,9,,10.0714,14,0,0.1,5,0,0,16.4536,31,,750,592,,0,0,0,1.42857
1603039911301,8,1010123456031,74,,1,0,6,1,2,,18.5486,401,78725,0.838336,158,0,9,,0,0,0,0,0,0,0,0,0,,750,604,,0,0,0,0
1603039911551,8,1010123456031,74,,1,0,6,1,2,,17.5778,405,54060,0.796736,164,0,9,,0,2,0,0.1,1,0,0,0,31,,750,620,,0,0,0,0
1603039911801,8,1010123456031,74,,1,0,6,1,2,,17.6007,611,24538,0.996576,247,0,9,,7,3,0,0.1,1,0,0,19.0978,31,,750,776,,0,0,0,1
1603039912051,8,1010123456031,74,,1,0,6,1,2,,17.5419,513,0,0.845408,213,0,9,,9.66667,18,0,0.1,7,0,0,14.8275,31,,597,646,,0,0,0,1.22222
1603039912301,8,1010123456031,74,,1,0,6,1,2,,0,0,0,0,0,0,9,,0,0,0,0,0,0,0,0,0,,0,0,,0,0,0,0
1603039912551,8,1010123456031,74,,1,0,6,1,2,,0,0,0,0,0,0,8.5,,0,0,0,0,0,0,0,0,0,,0,0,,0,0,0,0
1603039912801,8,1010123456031,74,,1,0,6,1,2,,0,0,0,0,0,0,9.85714,,0,0,0,0,0,0,0,0,0,,0,0,,0,0,0,0
1603039913051,8,1010123456031,74,,1,0,6,1,2,,0,0,0,0,0,0,8.5,,0,0,0,0,0,0,0,0,0,,0,0,,0,0,0,0
1603039913301,8,1010123456031,74,,1,0,6,1,2,,0,0,0,0,0,0,7.33333,,0,0,0,0,0,0,0,0,0,,0,0,,0,0,0,0
1603039913551,8,1010123456031,74,,1,0,6,1,2,,0,0,0,0,0,0,9.16667,,0,0,0,0,0,0,0,0,0,,0,0,,0,0,0,0
1603039913801,8,1010123456031,74,,1,0,6,1,2,,0,0,0,0,0,0,9.71429,,0,0,0,0,0,0,0,0,0,,0,0,,0,0,0,0
1603039914051,8,1010123456031,74,,1,0,6,1,2,,0,0,0,0,0,0,9,,0,0,0,0,0,0,0,0,0,,0,0,,0,0,0,0
1603039914301,8,1010123456031,74,,1,0,6,1,2,,0,0,0,0,0,0,7.83333,,0,0,0,0,0,0,0,0,0,,0,0,,0,0,0,0
1603039914551,8,1010123456031,74,,1,0,6,1,2,,0,0,0,0,0,0,8.66667,,0,0,0,0,0,0,0,0,0,,0,0,,0,0,0,0
1603039914801,8,1010123456031,74,,1,0,6,1,2,,0,0,0,0,0,0,9.14286,,0,0,0,0,0,0,0,0,0,,0,0,,0,0,0,0
1603039915051,8,1010123456031,74,,1,0,6,1,2,,0,0,0,0,0,0,10,,0,0,0,0,0,0,0,0,0,,0,0,,0,0,0,0
1603039915301,8,1010123456031,74,,1,0,6,1,2,,0,0,0,0,0,0,8,,0,0,0,0,0,0,0,0,0,,0,0,,0,0,0,0
1603039915551,8,1010123456031,74,,1,0,6,1,2,,0,0,0,0,0,0,9,,0,0,0,0,0,0,0,0,0,,0,0,,0,0,0,0
1603039915801,8,1010123456031,74,,1,0,6,1,2,,0,0,0,0,0,0,8.85714,,0,0,0,0,0,0,0,0,0,,0,0,,0,0,0,0
1603039916051,8,1010123456031,74,,1,0,6,1,2,,0,0,0,0,0,0,4,,0,0,0,0,0,0,0,0,0,,0,0,,0,0,0,0
1603039916301,8,1010123456031,74,,1,0,6,1,2,,0,0,0,0,0,0,3.33333,,0,0,0,0,0,0,0,0,0,,0,0,,0,0,0,0
1603039916551,8,1010123456031,74,,1,0,6,1,2,,0,0,0,0,0,0,14,,0,0,0,0,0,0,0,0,0,,0,0,,0,0,0,0
1603039916801,8,1010123456031,74,,1,0,6,1,2,,0,0,0,0,0,0,7.66667,,0,0,0,0,0,0,0,0,0,,0,0,,0,0,0,0
1603039917051,8,1010123456031,74,,1,0,6,1,2,,0,0,0,0,0,0,6,,0,0,0,0,0,0,0,0,0,,0,0,,0,0,0,0
1603039917301,8,1010123456031,74,,1,0,6,1,2,,0,0,0,0,0,0,9,,0,0,0,0,0,0,0,0,0,,0,0,,0,0,0,0
1603039917551,8,1010123456031,74,,1,0,6,1,2,,0,0,0,0,0,0,8,,0,0,0,0,0,0,0,0,0,,0,0,,0,0,0,0
1603039917801,8,1010123456031,74,,1,0,6,1,2,,0,0,0,0,0,0,2.33333,,0,0,0,0,0,0,0,0,0,,0,0,,0,0,0,0
1603039918051,8,1010123456031,74,,1,0,6,1,2,,0,0,0,0,0,0,6,,0,0,0,0,0,0,0,0,0,,0,0,,0,0,0,0
1603039918301,8,1010123456031,74,,1,0,6,1,2,,0,0,0,0,0,0,9,,0,0,0,0,0,0,0,0,0,,0,0,,0,0,0,0
1603039918551,8,1010123456031,74,,1,0,6,1,2,,0,0,0,0,0,0,12,,0,0,0,0,0,0,0,0,0,,0,0,,0,0,0,0
1603039918801,8,1010123456031,74,,1,0,6,1,2,,0,0,0,0,0,0,11,,0,0,0,0,0,0,0,0,0,,0,0,,0,0,0,0
1603039919051,8,1010123456031,74,,1,0,6,1,2,,0,0,0,0,0,0,5.5,,0,0,0,0,0,0,0,0,0,,0,0,,0,0,0,0
1603039919301,8,1010123456031,74,,1,0,6,1,2,,0,0,0,0,0,0,1,,0,0,0,0,0,0,0,0,0,,0,0,,0,0,0,0
1603039919551,8,1010123456031,74,,1,0,6,1,2,,0,0,0,0,0,0,11.5,,0,0,0,0,0,0,0,0,0,,0,0,,0,0,0,0
1603039919801,8,1010123456031,74,,1,0,6,1,2,,0,0,0,0,0,0,1.5,,0,0,0,0,0,0,0,0,0,,0,0,,0,0,0,0
1603039920051,8,1010123456031,74,,1,0,6,1,2,,0,0,0,0,0,0,4.66667,,0,0,0,0,0,0,0,0,0,,0,0,,0,0,0,0
1603039920301,8,1010123456031,74,,1,0,6,1,2,,0,0,0,0,0,0,5,,0,0,0,0,0,0,0,0,0,,0,0,,0,0,0,0
1603039920551,8,1010123456031,74,,1,0,6,1,2,,0,0,0,0,0,0,14,,0,0,0,0,0,0,0,0,0,,0,0,,0,0,0,0
1603039920801,8,1010123456031,74,,1,0,6,1,2,,0,0,0,0,0,0,1.33333,,0,0,0,0,0,0,0,0,0,,0,0,,0,0,0,0
1603039921051,8,1010123456031,74,,1,0,6,1,2,,0,0,0,0,0,0,7,,0,0,0,0,0,0,0,0,0,,0,0,,0,0,0,0
1603039921301,8,1010123456031,74,,1,0,6,1,2,,0,0,0,0,0,0,7,,0,0,0,0,0,0,0,0,0,,0,0,,0,0,0,0
1603039921551,8,1010123456031,74,,1,0,6,1,2,,0,0,0,0,0,0,1,,0,0,0,0,0,0,0,0,0,,0,0,,0,0,0,0
1603039921801,8,1010123456031,74,,1,0,6,1,2,,0,0,0,0,0,0,6.5,,0,0,0,0,0,0,0,0,0,,0,0,,0,0,0,0
1603039922051,8,1010123456031,74,,1,0,6,1,2,,0,0,0,0,0,0,10,,0,0,0,0,0,0,0,0,0,,0,0,,0,0,0,0
1603039922301,8,1010123456031,74,,1,0,6,1,2,,0,0,0,0,0,0,5.66667,,0,0,0,0,0,0,0,0,0,,0,0,,0,0,0,0
1603039922551,8,1010123456031,74,,1,0,6,1,2,,0,0,0,0,0,0,0.1,,0,0,0,0,0,0,0,0,0,,0,0,,0,0,0,0
1603039922801,8,1010123456031,74,,1,0,6,1,2,,0,0,0,0,0,0,8.5,,0,0,0,0,0,0,0,0,0,,0,0,,0,0,0,0
1603039923051,8,1010123456031,74,,1,0,6,1,2,,0,0,0,0,0,0,4,,0,0,0,0,0,0,0,0,0,,0,0,,0,0,0,0
1603039923301,8,1010123456031,74,,1,0,6,1,2,,0,0,0,0,0,0,3,,15,12,0,0,4,100,0,0.171864,0,,0,0,,0,0,0,10
1603039923551,8,1010123456031,74,,1,0,6,1,2,,0,0,0,0,0,0,10,,15,12,0,0,4,100,0,0.213561,0,,0,0,,0,0,0,10
1603039923801,8,1010123456031,74,,1,0,6,1,2,,0,0,0,0,0,0,8,,0,0,0,0,0,0,0,0,0,,0,0,,0,0,0,0
1603039924051,8,1010123456031,74,,1,0,6,1,2,,0,0,0,0,0,0,5,,0,0,0,0,0,0,0,0,0,,0,0,,0,0,0,0
1603039924301,8,1010123456031,74,,1,0,6,1,2,,0,0,0,0,0,0,6.66667,,0,0,0,0,0,0,0,0,0,,0,0,,0,0,0,0
1603039924551,8,1010123456031,74,,1,0,6,1,2,,0,0,0,0,0,0,1,,0,0,0,0,0,0,0,0,0,,0,0,,0,0,0,0
1603039924801,8,1010123456031,74,,1,0,6,1,2,,0,0,0,0,0,0,11,,0,0,0,0,0,0,0,0,0,,0,0,,0,0,0,0
1603039925051,8,1010123456031,74,,1,0,6,1,2,,0,0,0,0,0,0,7,,0,0,0,0,0,0,0,0,0,,0,0,,0,0,0,0
1603039925301,8,1010123456031,74,,1,0,6,1,2,,0,0,0,0,0,0,0.1,,0,0,0,0,0,0,0,0,0,,0,0,,0,0,0,0
1603039925551,8,1010123456031,74,,1,0,6,1,2,,0,0,0,0,0,0,9.5,,0,0,0,0,0,0,0,0,0,,0,0,,0,0,0,0
1603039925801,8,1010123456031,74,,1,0,6,1,2,,0,0,0,0,0,0,4.66667,,0,0,0,0,0,0,0,0,0,,0,0,,0,0,0,0
1603039926051,8,1010123456031,74,,1,0,6,1,2,,0,0,0,0,0,0,4.4,,0,0,0,0,0,0,0,0,0,,0,0,,0,0,0,0
1603039926301,8,1010123456031,74,,1,0,6,1,2,,0,0,0,0,0,0,8,,0,0,0,0,0,0,0,0,0,,0,0,,0,0,0,0
1603039926551,8,1010123456031,74,,1,0,6,1,2,,0,0,0,0,0,0,1,,0,0,0,0,0,0,0,0,0,,0,0,,0,0,0,0
1603039926801,8,1010123456031,74,,1,0,6,1,2,,0,0,0,0,0,0,5.5,,0,0,0,0,0,0,0,0,0,,0,0,,0,0,0,0
1603039927051,8,1010123456031,74,,1,0,6,1,2,,0,0,0,0,0,0,7.5,,0,0,0,0,0,0,0,0,0,,0,0,,0,0,0,0
1603039927301,8,1010123456031,74,,1,0,6,1,2,,0,0,0,0,0,0,7.66667,,0,0,0,0,0,0,0,0,0,,0,0,,0,0,0,0
