Timestamp,num_ues,IMSI,RNTI,,slicing_enabled,slice_id,slice_prb,power_multiplier,scheduling_policy,,dl_mcs,dl_n_samples,dl_buffer [bytes],tx_brate downlink [Mbps],tx_pkts downlink,tx_errors downlink (%),dl_cqi,,ul_mcs,ul_n_samples,ul_buffer [bytes],rx_brate uplink [Mbps],rx_pkts uplink,rx_errors uplink (%),ul_rssi,ul_sinr,phr,,sum_requested_prbs,sum_granted_prbs,,dl_pmi,dl_ri,ul_n,ul_turbo_iters
1602714313472,9,1010123456033,72,,1,2,4,1,2,,6.04545,22,0,0.008768,7,0,9.5,,10.4,35,0,0.1,14,14.2857,0,18.7913,31,,19,30,,0,0,0,2.08571
1602714313721,9,1010123456033,72,,1,2,4,1,2,,7,3,0,0.00231325,2,0,9,,9.71429,7,0,0.1,3,0,0,25.1101,31,,0,4,,0,0,0,1
1602714313971,9,1010123456033,72,,1,2,4,1,2,,0,0,0,0,0,0,0.1,,0,0,0,0,0,0,0,0,0,,0,0,,0,0,0,0
1602714314221,9,1010123456033,72,,1,2,4,1,2,,0,0,0,0,0,0,7.6,,0,0,0,0,0,0,0,0,0,,0,0,,0,0,0,0
1602714314471,9,1010123456033,72,,1,2,4,1,2,,0,4,0,0.0103454,2,0,10.5,,0,2,0,0,1,100,0,0,0,,0,8,,0,0,0,0
1602714314721,9,1010123456033,72,,1,2,4,1,2,,0.1,49,25,0.00388755,11,0,2,,7.75862,58,0,0.1,23,65.2174,0,3.96554,31,,0,80,,0,0,0,6.89655
1602714314971,9,1010123456033,72,,1,2,4,1,2,,4.78431,51,0,0.0317751,28,0,9.5,,5.09756,41,0,0.1,16,25,0,8.27508,31,,4,76,,0,0,0,3.68293
1602714315221,9,1010123456033,72,,1,2,4,1,2,,15.4444,18,0,0.0213976,8,0,12.7143,,0,0,0,0,0,0,0,0,0,,56,16,,0,0,0,0
1602714315471,10,1010123456033,72,,1,2,4,1,2,,2.17333,75,0,0.0245462,30,0,7.75,,0,0,0,0,0,0,0,0,0,,129,124,,0,0,0,0
1602714315721,10,1010123456033,72,,1,2,4,1,2,,16.2,10,158,0.0107309,4,0,12,,12,6,0,0,2,100,0,3.4489,0,,16,8,,0,0,0,10
1602714315971,10,1010123456033,72,,1,2,4,1,2,,17.6667,21,0,0.0213976,8,0,10.8,,12,6,0,0,2,100,0,2.40731,0,,19,18,,0,0,0,10
1602714316221,10,1010123456033,72,,1,2,4,1,2,,9.2,15,0,0.0108273,6,0,9,,0,0,0,0,0,0,0,0,0,,25,20,,0,0,0,0
1602714316471,10,1010123456033,72,,1,2,4,1,2,,13.4,10,0,0.0107309,4,0,11.2,,0,0,0,0,0,0,0,0,0,,8,8,,0,0,0,0
1602714316722,10,1010123456033,72,,1,2,4,1,2,,15,16,0,0.016032,6,0,13,,6.11765,34,0,0.1,13,30.7692,0,6.72855,31,,18,16,,0,0,0,4.35294
1602714316971,10,1010123456033,72,,1,2,4,1,2,,10.8235,17,0,0.0160643,7,0,9.6,,0,0,0,0,0,0,0,0,0,,26,20,,0,0,0,0
1602714317221,10,1010123456033,72,,1,2,4,1,2,,0,0,0,0,0,0,0.1,,0,0,0,0,0,0,0,0,0,,0,0,,0,0,0,0
1602714317471,10,1010123456033,72,,1,2,4,1,2,,18.6,5,0,0.00533333,2,0,12.3333,,0.1,3,0,0.1,1,0,0,21.7448,31,,6,4,,0,0,0,1
1602714317721,10,1010123456033,72,,1,2,4,1,2,,0.1,56,0,0.00812851,23,0,5.5,,7,5,0,0.1,2,0,0,14.2148,0,,97,96,,0,0,0,1
1602714317971,10,1010123456033,72,,1,2,4,1,2,,12.2,15,0,0.0110522,6,0,13,,0,0,0,0,0,0,0,0,0,,19,14,,0,0,0,0
1602714318221,10,1010123456033,72,,1,2,4,1,2,,16.5714,14,0,0.0160321,6,0,12.1667,,0,0,0,0,0,0,0,0,0,,12,12,,0,0,0,0
1602714318471,10,1010123456033,72,,1,2,4,1,2,,16.8824,17,0,0.0107309,4,0,11,,0,0,0,0,0,0,0,0,0,,22,18,,0,0,0,0
1602714318721,10,1010123456033,72,,1,2,4,1,2,,15.0526,19,0,0.0266345,10,0,7.5,,3.41176,34,0,0.1,14,28.5714,0,5.34244,31,,20,14,,0,0,0,3.11765
1602714318971,10,1010123456033,72,,1,2,4,1,2,,12,5,0,0.00533333,2,0,13.6667,,0,0,0,0,0,0,0,0,0,,4,4,,0,0,0,0
1602714319221,10,1010123456033,72,,1,2,4,1,2,,14.2619,42,0,0.0430201,17,0,8.75,,0,0,0,0,0,0,0,0,0,,62,60,,0,0,0,0
1602714319471,10,1010123456033,72,,1,2,4,1,2,,15.5,10,0,0.0106667,4,0,13,,0,0,0,0,0,0,0,0,0,,10,8,,0,0,0,0
1602714319721,10,1010123456033,72,,1,2,4,1,2,,1.04918,61,0,0.0134297,25,0,10.25,,4.96552,29,0,0.1,11,36.3636,0,6.64837,31,,106,102,,0,0,0,4.72414
1602714319971,10,1010123456033,72,,1,2,4,1,2,,17.6,10,0,0.0106667,4,0,5,,0,0,0,0,0,0,0,0,0,,9,8,,0,0,0,0
1602714320221,10,1010123456033,72,,1,2,4,1,2,,16.1111,18,158,0.0213976,8,0,9.66667,,0,0,0,0,0,0,0,0,0,,20,18,,0,0,0,0
1602714320471,10,1010123456033,72,,1,2,4,1,2,,12,7,0,0.00546185,3,0,12.4,,0,0,0,0,0,0,0,0,0,,70,68,,0,0,0,0
1602714320721,10,1010123456033,72,,1,2,4,1,2,,1.75439,57,0,0.0183133,22,0,9.4,,1.07143,28,0,0.1,11,9.09091,0,4.55347,31,,103,102,,0,0,0,2.17857
1602714320971,10,1010123456033,72,,1,2,4,1,2,,12.8235,17,0,0.0163213,8,0,9.33333,,0,0,0,0,0,0,0,0,0,,18,16,,0,0,0,0
1602714321221,10,1010123456033,72,,1,2,4,1,2,,12.4545,22,0,0.0215904,9,0,10.5714,,0,0,0,0,0,0,0,0,0,,41,30,,0,0,0,0
1602714321471,10,1010123456033,72,,1,2,4,1,2,,11.4,15,0,0.0108594,6,0,0.1,,0,0,0,0,0,0,0,0,0,,16,14,,0,0,0,0
1602714321721,10,1010123456033,72,,1,2,4,1,2,,15.5417,24,0,0.0264739,10,0,10,,3.09677,31,0,0.1,14,28.5714,0,5.78836,31,,29,26,,0,0,0,3.32258
1602714321972,10,1010123456033,72,,1,2,4,1,2,,18.5,20,0,0.021248,8,0,0.1,,0,0,0,0,0,0,0,0,0,,19,16,,0,0,0,0
1602714322221,10,1010123456033,72,,1,2,4,1,2,,16.3333,18,0,0.0213976,8,0,13.3333,,0,0,0,0,0,0,0,0,0,,18,16,,0,0,0,0
1602714322471,10,1010123456033,72,,1,2,4,1,2,,8.16667,18,0,0.0111807,7,0,11.5,,0,0,0,0,0,0,0,0,0,,22,20,,0,0,0,0
1602714322722,10,1010123456033,72,,1,2,4,1,2,,15.5,6,0,0.005344,2,0,7.5,,0,0,0,0,0,0,0,0,0,,5,4,,0,0,0,0
1602714322971,10,1010123456033,72,,1,2,4,1,2,,16.8,20,0,0.0212691,8,0,13,,2.22222,9,0,0.1,4,0,0,6.88845,31,,20,16,,0,0,0,1
1602714323221,10,1010123456033,72,,1,2,4,1,2,,4.96296,27,0,0.0168353,11,0,9,,0,0,0,0,0,0,0,0,0,,48,48,,0,0,0,0
1602714323471,10,1010123456033,72,,1,2,4,1,2,,2.09615,104,544,0.0266024,37,0,5.66667,,0,0,0,0,0,0,0,0,0,,209,200,,0,0,0,0
1602714323721,10,1010123456033,72,,1,2,4,1,2,,1.20408,147,14,0.0322249,63,0,14,,0,6,0,0.1,3,0,0,0,31,,253,256,,0,0,0,0
1602714323971,10,1010123456033,72,,1,2,4,1,2,,13.3529,17,0,0.0213333,8,0,11,,0,0,0,0,0,0,0,0,0,,13,14,,0,0,0,0
1602714324222,10,1010123456033,72,,1,2,4,1,2,,14.0952,21,0,0.01632,8,0,11.7143,,0,0,0,0,0,0,0,0,0,,15,16,,0,0,0,0
1602714324471,10,1010123456033,72,,1,2,4,1,2,,0,0,0,0,0,0,12,,0,0,0,0,0,0,0,0,0,,0,0,,0,0,0,0
1602714324722,10,1010123456033,72,,1,2,4,1,2,,0.888889,27,0,0.006624,11,0,8.6,,0,8,0,0,4,100,0,0,0,,70,68,,0,0,0,0
1602714324971,10,1010123456033,72,,1,2,4,1,2,,0,0,0,0,0,0,7,,0,0,0,0,0,0,0,0,0,,0,0,,0,0,0,0
1602714325222,10,1010123456033,72,,1,2,4,1,2,,16.5625,16,0,0.015872,6,0,12,,0,0,0,0,0,0,0,0,0,,21,16,,0,0,0,0
1602714325471,10,1010123456033,72,,1,2,4,1,2,,14.9444,18,0,0.0161606,7,0,11,,0,0,0,0,0,0,0,0,0,,17,14,,0,0,0,0
1602714325722,10,1010123456033,72,,1,2,4,1,2,,12.8,15,0,0.015904,6,0,14,,5.64286,28,0,0.1,10,50,0,4.44379,31,,17,12,,0,0,0,5.89286
1602714325972,10,1010123456033,72,,1,2,4,1,2,,10.8571,7,0,0.005408,3,0,6.66667,,0,0,0,0,0,0,0,0,0,,4,6,,0,0,0,0
1602714326222,10,1010123456033,72,,1,2,4,1,2,,17.2,15,0,0.015968,6,0,13.2,,0,0,0,0,0,0,0,0,0,,12,12,,0,0,0,0
1602714326471,10,1010123456033,72,,1,2,4,1,2,,16.3571,14,0,0.0161285,6,0,12.4,,0,0,0,0,0,0,0,0,0,,13,12,,0,0,0,0
1602714326721,10,1010123456033,72,,1,2,4,1,2,,18.4,5,0,0.00539759,2,0,0.1,,0.1,22,0,0.1,8,0,0,4.56513,31,,6,4,,0,0,0,1
1602714326971,10,1010123456033,72,,1,2,4,1,2,,13.4286,7,0,0.00542972,3,0,10.5,,0,0,0,0,0,0,0,0,0,,5,6,,0,0,0,0
1602714327221,10,1010123456033,72,,1,2,4,1,2,,11.3462,26,0,0.0164177,10,0,8.66667,,0,0,0,0,0,0,0,0,0,,27,22,,0,0,0,0
1602714327471,10,1010123456033,72,,1,2,4,1,2,,16.2,20,0,0.0212048,7,0,10.75,,0,2,0,0.1,1,0,0,0,31,,59,58,,0,0,0,0
1602714327721,10,1010123456033,72,,1,2,4,1,2,,0,2,0,0.00517269,1,0,13,,0.941176,17,0,0.1,7,0,0,4.28599,0,,7,4,,0,0,0,1.88235
1602714327971,10,1010123456033,72,,1,2,4,1,2,,18.4,15,0,0.0212369,7,0,0.1,,0,0,0,0,0,0,0,0,0,,19,14,,0,0,0,0
1602714328221,10,1010123456033,72,,1,2,4,1,2,,17.3333,18,0,0.0211727,7,0,11.1667,,0,0,0,0,0,0,0,0,0,,14,14,,0,0,0,0
1602714328471,10,1010123456033,72,,1,2,4,1,2,,13.4,5,0,0.00536546,2,0,13,,0,0,0,0,0,0,0,0,0,,5,4,,0,0,0,0
1602714328721,10,1010123456033,72,,1,2,4,1,2,,15.2,10,0,0.0106988,4,0,11.4,,4.64706,34,0,0.1,14,28.5714,0,6.3794,31,,11,8,,0,0,0,3.94118
1602714328971,10,1010123456033,72,,1,2,4,1,2,,9.38095,21,158,0.0111807,8,0,5.5,,0,0,0,0,0,0,0,0,0,,117,108,,0,0,0,0
1602714329221,10,1010123456033,72,,1,2,4,1,2,,11.6,15,0,0.0160643,6,0,14,,0,0,0,0,0,0,0,0,0,,18,18,,0,0,0,0
1602714329471,10,1010123456033,72,,1,2,4,1,2,,17,10,0,0.0106667,4,0,6.33333,,0,0,0,0,0,0,0,0,0,,11,8,,0,0,0,0
1602714329721,10,1010123456033,72,,1,2,4,1,2,,0.1,62,140,0.00600803,17,0,0.1,,0,0,0,0,0,0,0,0,0,,229,238,,0,0,0,0
1602714329971,10,1010123456033,72,,1,2,4,1,2,,4.57692,78,0,0.0326747,36,0,10.3333,,0.1,20,0,0.1,8,0,0,8.25464,31,,117,112,,0,0,0,1
1602714330221,10,1010123456033,72,,1,2,4,1,2,,16.2941,17,0,0.0206265,9,0,8.4,,0,0,0,0,0,0,0,0,0,,16,12,,0,0,0,0
1602714330471,10,1010123456033,72,,1,2,4,1,2,,14.6875,16,0,0.0159679,6,0,11.5,,0,0,0,0,0,0,0,0,0,,19,14,,0,0,0,0
1602714330721,10,1010123456033,72,,1,2,4,1,2,,12.25,12,0,0.0109237,5,0,9.33333,,0.1,24,0,0.1,10,0,0,5.19157,31,,15,12,,0,0,0,1
1602714330971,10,1010123456033,72,,1,2,4,1,2,,16,10,0,0.0106024,4,0,10.4,,0,0,0,0,0,0,0,0,0,,10,8,,0,0,0,0
1602714331221,10,1010123456033,72,,1,2,4,1,2,,13.5,14,0,0.0160643,6,0,11,,0,0,0,0,0,0,0,0,0,,20,12,,0,0,0,0
1602714331471,10,1010123456033,72,,1,2,4,1,2,,12,7,0,0.00546185,3,0,6.33333,,0,0,0,0,0,0,0,0,0,,4,6,,0,0,0,0
1602714331721,10,1010123456033,72,,1,2,4,1,2,,0,0,0,0,0,0,13,,0,0,0,0,0,0,0,0,0,,0,0,,0,0,0,0
1602714331971,10,1010123456033,72,,1,2,4,1,2,,14.875,16,0,0.0160321,6,0,9.5,,0.1,22,0,0.1,9,0,0,4.96866,31,,17,12,,0,0,0,1
1602714332221,10,1010123456033,72,,1,2,4,1,2,,13,19,0,0.0162249,8,0,8.8,,0,0,0,0,0,0,0,0,0,,28,18,,0,0,0,0
1602714332472,10,1010123456033,72,,1,2,4,1,2,,15.4839,31,0,0.026528,10,0,10,,0,0,0,0,0,0,0,0,0,,40,30,,0,0,0,0
1602714332722,10,1010123456033,72,,1,2,4,1,2,,16.2143,14,0,0.010624,4,0,8.66667,,1.19231,26,0,0.1,11,0,0,10.6614,31,,14,12,,0,0,0,1
1602714332971,10,1010123456033,72,,1,2,4,1,2,,17.7143,7,0,0.0212048,7,0,13,,0,0,0,0,0,0,0,0,0,,16,12,,0,0,0,0
1602714333221,10,1010123456033,72,,1,2,4,1,2,,11.4048,42,0,0.0324819,16,0,11.8,,0,0,0,0,0,0,0,0,0,,60,56,,0,0,0,0
1602714333471,10,1010123456033,72,,1,2,4,1,2,,11.4211,19,0,0.0165783,8,0,13.5,,0,2,0,0,1,100,0,0,0,,29,24,,0,0,0,0
1602714333721,10,1010123456033,72,,1,2,4,1,2,,12.1579,19,0,0.0166104,8,0,7.75,,16,7,0,0,3,100,0,5.34172,0,,22,20,,0,0,0,10
1602714333971,10,1010123456033,72,,1,2,4,1,2,,10.5455,22,0,0.0162892,9,0,11.75,,0,0,0,0,0,0,0,0,0,,23,18,,0,0,0,0
1602714334221,10,1010123456033,72,,1,2,4,1,2,,0.3125,48,0,0.00636145,18,0,8.33333,,0,0,0,0,0,0,0,0,0,,110,120,,0,0,0,0
1602714334471,10,1010123456033,72,,1,2,4,1,2,,16.6,5,0,0.00671486,3,0,10,,0,0,0,0,0,0,0,0,0,,5,4,,0,0,0,0
1602714334721,10,1010123456033,72,,1,2,4,1,2,,0,0,0,0,0,0,11.4,,0,0,0,0,0,0,0,0,0,,0,0,,0,0,0,0
1602714334971,10,1010123456033,72,,1,2,4,1,2,,15.7333,15,0,0.0159357,6,0,13.2,,0.1,27,0,0.1,11,9.09091,0,4.69742,31,,17,12,,0,0,0,1.66667
1602714335221,10,1010123456033,72,,1,2,4,1,2,,2.8,30,0,0.0116305,12,0,10.75,,0,0,0,0,0,0,0,0,0,,54,50,,0,0,0,0
1602714335471,10,1010123456033,72,,1,2,4,1,2,,1.88462,52,0,0.0129799,21,0,11.3333,,0,0,0,0,0,0,0,0,0,,88,86,,0,0,0,0
1602714335721,10,1010123456033,72,,1,2,4,1,2,,3.28333,60,0,0.0182811,24,0,7.4,,3.23077,13,0,0.1,6,0,0,12.0455,31,,196,170,,0,0,0,1
1602714335971,10,1010123456033,72,,1,2,4,1,2,,13.25,28,0,0.0216546,11,0,10,,0,0,0,0,0,0,0,0,0,,24,24,,0,0,0,0
1602714336221,10,1010123456033,72,,1,2,4,1,2,,1.42857,28,0,0.00658635,11,0,8.2,,0,0,0,0,0,0,0,0,0,,51,52,,0,0,0,0
1602714336471,10,1010123456033,72,,1,2,4,1,2,,0,4,0,0.00536546,2,0,10.25,,0,0,0,0,0,0,0,0,0,,5,4,,0,0,0,0
1602714336721,10,1010123456033,72,,1,2,4,1,2,,17.6,5,0,0.00536546,2,0,9.8,,15,12,0,0,4,100,0,3.44646,0,,4,4,,0,0,0,10
1602714336971,10,1010123456033,72,,1,2,4,1,2,,13.0714,14,0,0.0109558,6,0,12.6667,,0,0,0,0,0,0,0,0,0,,11,12,,0,0,0,0
1602714337221,10,1010123456033,72,,1,2,4,1,2,,1.06452,31,0,0.00388755,11,0,10,,0,0,0,0,0,0,0,0,0,,58,60,,0,0,0,0
1602714337472,10,1010123456033,72,,1,2,4,1,2,,10.2727,22,0,0.018592,9,0,11.4,,0,0,0,0,0,0,0,0,0,,28,24,,0,0,0,0
1602714337721,10,1010123456033,72,,1,2,4,1,2,,12.1111,18,0,0.016739,8,0,11.75,,0.1,21,0,0.1,8,0,0,4.36697,31,,28,22,,0,0,0,1
1602714337971,10,1010123456033,72,,1,2,4,1,2,,12,13,0,0.0160321,6,0,10.3333,,0,0,0,0,0,0,0,0,0,,15,12,,0,0,0,0
1602714338221,10,1010123456033,72,,1,2,4,1,2,,13.4,5,0,0.00536546,2,0,13,,0,0,0,0,0,0,0,0,0,,5,4,,0,0,0,0
1602714338471,10,1010123456033,72,,1,2,4,1,2,,5.80851,47,0,0.0176386,19,0,8.83333,,0,0,0,0,0,0,0,0,0,,36,40,,0,0,0,0
1602714338722,10,1010123456033,72,,1,2,4,1,2,,18,8,0,0.010464,3,0,14,,0.96,25,0,0.1,10,0,0,11.9817,31,,265,274,,0,0,0,1.48
1602714338972,10,1010123456033,72,,1,2,4,1,2,,18.2,5,0,0.005312,2,0,9.66667,,0,0,0,0,0,0,0,0,0,,2,4,,0,0,0,0
1602714339221,10,1010123456033,72,,1,2,4,1,2,,2.28947,38,0,0.0120482,15,0,10.8,,0,0,0,0,0,0,0,0,0,,78,80,,0,0,0,0
1602714339471,10,1010123456033,72,,1,2,4,1,2,,17.4,10,158,0.0107309,4,0,13,,0,0,0,0,0,0,0,0,0,,10,10,,0,0,0,0
1602714339721,10,1010123456033,72,,1,2,4,1,2,,0,4,0,0.00536546,2,0,13,,0,8,0,0,4,100,0,0,0,,2,2,,0,0,0,0
1602714339971,10,1010123456033,72,,1,2,4,1,2,,0,0,0,0,0,0,9,,0,0,0,0,0,0,0,0,0,,0,0,,0,0,0,0
1602714340221,10,1010123456033,72,,1,2,4,1,2,,14.8,10,0,0.0106988,4,0,13.3333,,0,0,0,0,0,0,0,0,0,,9,8,,0,0,0,0
1602714340471,10,1010123456033,72,,1,2,4,1,2,,2.95652,69,0,0.0239679,28,0,7.66667,,0,0,0,0,0,0,0,0,0,,130,122,,0,0,0,0
1602714340721,10,1010123456033,72,,1,2,4,1,2,,16,6,0,0.0053012,2,0,13.5,,0,0,0,0,0,0,0,0,0,,5,4,,0,0,0,0
1602714340971,10,1010123456033,72,,1,2,4,1,2,,15.6364,11,0,0.0106667,4,0,13.6667,,0.190476,21,0,0.1,9,0,0,8.12946,31,,15,14,,0,0,0,1.09524
1602714341221,10,1010123456033,72,,1,2,4,1,2,,3.73333,60,0,0.0222329,23,0,10.4286,,0,0,0,0,0,0,0,0,0,,109,98,,0,0,0,0
1602714341471,10,1010123456033,72,,1,2,4,1,2,,15.5,10,0,0.0168675,5,0,12,,0,0,0,0,0,0,0,0,0,,12,8,,0,0,0,0
1602714341721,10,1010123456033,72,,1,2,4,1,2,,1.87037,54,0,0.0131406,22,0,8.8,,11.6,5,0,0.1,2,0,0,15.3398,31,,126,124,,0,0,0,1
1602714341971,10,1010123456033,72,,1,2,4,1,2,,12,5,0,0.00533333,2,0,14,,0,0,0,0,0,0,0,0,0,,3,4,,0,0,0,0
1602714342221,10,1010123456033,72,,1,2,4,1,2,,15.5333,15,0,0.0160321,6,0,14,,0,0,0,0,0,0,0,0,0,,15,12,,0,0,0,0
1602714342471,10,1010123456033,72,,1,2,4,1,2,,13.4,5,0,0.00536546,2,0,13,,0,0,0,0,0,0,0,0,0,,6,4,,0,0,0,0
1602714342721,10,1010123456033,72,,1,2,4,1,2,,14.5,14,0,0.0160321,6,0,10.5,,0,8,0,0,4,100,0,0,0,,22,16,,0,0,0,0
1602714342971,10,1010123456033,72,,1,2,4,1,2,,7.7931,29,0,0.0168353,11,0,10.5,,0,0,0,0,0,0,0,0,0,,108,100,,0,0,0,0
1602714343222,10,1010123456033,72,,1,2,4,1,2,,12.6552,29,0,0.021632,11,0,11.5,,0,0,0,0,0,0,0,0,0,,39,28,,0,0,0,0
1602714343471,10,1010123456033,72,,1,2,4,1,2,,14.9,10,0,0.0106988,4,0,13,,0,0,0,0,0,0,0,0,0,,8,8,,0,0,0,0
1602714343721,10,1010123456033,72,,1,2,4,1,2,,2.22388,67,0,0.0187309,27,0,8.4,,13.5,16,0,0.1,6,66.6667,0,8.02482,31,,157,156,,0,0,0,7.75
1602714343971,10,1010123456033,72,,1,2,4,1,2,,14.8182,11,158,0.0108273,5,0,11.4,,0,0,0,0,0,0,0,0,0,,31,26,,0,0,0,0
1602714344222,10,1010123456033,72,,1,2,4,1,2,,17,5,0,0.005312,2,0,11,,0,0,0,0,0,0,0,0,0,,8,4,,0,0,0,0
1602714344471,10,1010123456033,72,,1,2,4,1,2,,15.2,10,0,0.0106988,4,0,13.3333,,0,0,0,0,0,0,0,0,0,,10,8,,0,0,0,0
1602714344721,10,1010123456033,72,,1,2,4,1,2,,0,0,0,0,0,0,13,,0,0,0,0,0,0,0,0,0,,0,0,,0,0,0,0
1602714344972,10,1010123456033,72,,1,2,4,1,2,,1.41935,62,0,0.013376,25,0,8.5,,0,0,0,0,0,0,0,0,0,,104,100,,0,0,0,0
1602714345222,10,1010123456033,72,,1,2,4,1,2,,17.3,10,0,0.010592,4,0,13.5,,0,8,0,0.1,4,50,0,0,31,,10,8,,0,0,0,0
1602714345472,10,1010123456033,72,,1,2,4,1,2,,14.1,20,0,0.021344,8,0,12.6667,,0,0,0,0,0,0,0,0,0,,15,16,,0,0,0,0
1602714345721,10,1010123456033,72,,1,2,4,1,2,,11,7,0,0.00536546,3,0,10.3333,,1.33333,24,0,0.1,9,0,0,7.31615,31,,10,8,,0,0,0,1
1602714345971,10,1010123456033,72,,1,2,4,1,2,,15.2917,24,0,0.0266667,10,0,13.25,,0,0,0,0,0,0,0,0,0,,25,20,,0,0,0,0
1602714346221,10,1010123456033,72,,1,2,4,1,2,,1.61062,113,0,0.0211727,44,0,9.75,,0,0,0,0,0,0,0,0,0,,194,190,,0,0,0,0
1602714346471,10,1010123456033,72,,1,2,4,1,2,,12.6,20,0,0.0163855,8,0,9.25,,0,0,0,0,0,0,0,0,0,,23,20,,0,0,0,0
1602714346721,10,1010123456033,72,,1,2,4,1,2,,16.6667,9,0,0.0106345,4,0,12.5,,0.702703,37,0,0.1,15,6.66667,0,6.07691,31,,9,8,,0,0,0,1.48649
1602714346971,10,1010123456033,72,,1,2,4,1,2,,16.05,20,0,0.0215261,8,0,12.5,,0,0,0,0,0,0,0,0,0,,14,16,,0,0,0,0
1602714347221,10,1010123456033,72,,1,2,4,1,2,,15.8,5,0,0.0106667,4,0,13.5,,0,0,0,0,0,0,0,0,0,,5,4,,0,0,0,0
1602714347471,10,1010123456033,72,,1,2,4,1,2,,0,0,0,0,0,0,8,,0,0,0,0,0,0,0,0,0,,0,0,,0,0,0,0
1602714347721,10,1010123456033,72,,1,2,4,1,2,,12,10,0,0.0106667,4,0,13.6667,,4.07895,38,0,0.1,16,31.25,0,6.23078,31,,11,8,,0,0,0,3.60526
1602714347971,10,1010123456033,72,,1,2,4,1,2,,18.2,5,0,0.00533333,2,0,10,,0,0,0,0,0,0,0,0,0,,7,4,,0,0,0,0
1602714348221,10,1010123456033,72,,1,2,4,1,2,,15.5,6,0,0.00536546,2,0,8.5,,0,0,0,0,0,0,0,0,0,,5,4,,0,0,0,0
1602714348471,10,1010123456033,72,,1,2,4,1,2,,16,25,0,0.0266667,10,0,13.5,,0,2,0,0.1,1,0,0,0,31,,22,20,,0,0,0,0
1602714348721,10,1010123456033,72,,1,2,4,1,2,,5.36,75,0,0.0345703,31,0,6,,3.16667,12,0,0.1,5,0,0,8.88796,0,,166,162,,0,0,0,1
1602714348971,10,1010123456033,72,,1,2,4,1,2,,1.45313,64,0,0.013494,25,0,8,,0,0,0,0,0,0,0,0,0,,101,100,,0,0,0,0
1602714349221,10,1010123456033,72,,1,2,4,1,2,,18.2,5,0,0.00533333,2,0,11.6,,0,0,0,0,0,0,0,0,0,,5,4,,0,0,0,0
1602714349471,10,1010123456033,72,,1,2,4,1,2,,18.6,25,0,0.0318715,10,0,13,,0,2,200,0.1,1,0,0,0,31,,50,20,,0,0,0,0
1602714349721,10,1010123456033,72,,1,2,4,1,2,,14.55,20,0,0.0213655,8,0,13.3333,,0.1,18,0,0.1,6,0,0,3.13675,0,,19,16,,0,0,0,1.16667
1602714349971,10,1010123456033,72,,1,2,4,1,2,,7.32143,28,0,0.0165462,11,0,6,,0,0,0,0,0,0,0,0,0,,38,36,,0,0,0,0
1602714350221,10,1010123456033,72,,1,2,4,1,2,,8,22,0,0.0113092,9,0,7,,0,0,0,0,0,0,0,0,0,,24,24,,0,0,0,0
1602714350471,10,1010123456033,72,,1,2,4,1,2,,18,20,0,0.0213655,8,0,11,,0,2,136,0.1,1,0,0,0,31,,22,16,,0,0,0,0
1602714350722,10,1010123456033,72,,1,2,4,1,2,,7.28,50,0,0.032832,20,0,10,,1.03448,29,0,0.1,12,0,0,5.80097,0,,81,72,,0,0,0,1.13793
1602714350971,10,1010123456033,72,,1,2,4,1,2,,10.76,25,0,0.0215582,10,0,9.83333,,0,0,0,0,0,0,0,0,0,,50,48,,0,0,0,0
1602714351221,10,1010123456033,72,,1,2,4,1,2,,1.60938,64,0,0.0186667,26,0,4.75,,0,0,0,0,0,0,0,0,0,,150,148,,0,0,0,0
1602714351472,10,1010123456033,72,,1,2,4,1,2,,12.1667,6,0,0.00544,3,0,10.5,,0,0,0,0,0,0,0,0,0,,10,8,,0,0,0,0
1602714351722,10,1010123456033,72,,1,2,4,1,2,,18.125,8,0,0.010464,3,0,10,,2.96296,27,0,0.1,12,33.3333,0,5.8814,31,,13,8,,0,0,0,3.66667
1602714351972,10,1010123456033,72,,1,2,4,1,2,,11.1111,9,0,0.005536,4,0,9,,0,0,0,0,0,0,0,0,0,,7,8,,0,0,0,0
1602714352221,10,1010123456033,72,,1,2,4,1,2,,0,0,0,0,0,0,9,,0,0,0,0,0,0,0,0,0,,0,0,,0,0,0,0
1602714352471,10,1010123456033,72,,1,2,4,1,2,,0,0,158,0,0,0,7.66667,,0,0,0,0,0,0,0,0,0,,2,0,,0,0,0,0
1602714352721,10,1010123456033,72,,1,2,4,1,2,,9.63333,30,0,0.0218153,13,0,10.6,,1.14286,21,0,0.1,8,0,0,5.91382,31,,36,34,,0,0,0,1.14286
1602714352971,10,1010123456033,72,,1,2,4,1,2,,5.59459,37,0,0.0173815,15,0,7.75,,0,0,0,0,0,0,0,0,0,,57,56,,0,0,0,0
1602714353221,10,1010123456033,72,,1,2,4,1,2,,7.06,50,0,0.0174458,18,0,11.4,,0.1,3,0,0.1,1,0,0,3.92527,31,,53,48,,0,0,0,1
1602714353471,10,1010123456033,72,,1,2,4,1,2,,5.75,12,0,0.0111807,7,0,9.5,,0,0,0,0,0,0,0,0,0,,18,16,,0,0,0,0
1602714353721,10,1010123456033,72,,1,2,4,1,2,,12.8049,41,0,0.0325141,16,0,11,,4.63333,30,0,0.1,13,30.7692,0,6.72232,31,,45,36,,0,0,0,3.6
1602714353971,10,1010123456033,72,,1,2,4,1,2,,11.1111,18,0,0.0110201,7,0,2,,0,0,0,0,0,0,0,0,0,,14,14,,0,0,0,0
1602714354221,10,1010123456033,72,,1,2,4,1,2,,1.39806,103,0,0.0256707,42,0,5.66667,,0,0,0,0,0,0,0,0,0,,210,212,,0,0,0,0
1602714354471,10,1010123456033,72,,1,2,4,1,2,,17.1429,14,0,0.0160321,6,0,10,,0,0,0,0,0,0,0,0,0,,15,12,,0,0,0,0
1602714354721,10,1010123456033,72,,1,2,4,1,2,,13.4,5,0,0.00536546,2,0,13.6667,,4.72727,33,0,0.1,12,25,0,6.56757,31,,5,4,,0,0,0,3.72727
1602714354971,10,1010123456033,72,,1,2,4,1,2,,12.2857,21,0,0.0162249,8,0,9.4,,0,0,0,0,0,0,0,0,0,,21,18,,0,0,0,0
1602714355221,10,1010123456033,72,,1,2,4,1,2,,11.5714,7,0,0.00549398,3,0,12.6,,0,0,0,0,0,0,0,0,0,,5,6,,0,0,0,0
1602714355471,10,1010123456033,72,,1,2,4,1,2,,13.5862,29,0,0.0217831,11,0,5.5,,0,0,0,0,0,0,0,0,0,,30,26,,0,0,0,0
1602714355721,10,1010123456033,72,,1,2,4,1,2,,12.027,37,11,0.0221365,13,0,11.25,,0.166667,24,0,0.1,10,0,0,5.77128,31,,60,42,,0,0,0,1
1602714355971,10,1010123456033,72,,1,2,4,1,2,,13.1579,19,0,0.026506,9,0,12,,0,0,0,0,0,0,0,0,0,,16,14,,0,0,0,0
1602714356221,10,1010123456033,72,,1,2,4,1,2,,2.54054,74,0,0.0291084,30,0,10.25,,0,0,0,0,0,0,0,0,0,,132,124,,0,0,0,0
1602714356471,10,1010123456033,72,,1,2,4,1,2,,13.8235,17,0,0.0162892,7,0,11.3333,,0,0,0,0,0,0,0,0,0,,25,16,,0,0,0,0
1602714356722,10,1010123456033,72,,1,2,4,1,2,,17.6,5,0,0.004256,1,0,11.6667,,0,0,0,0,0,0,0,0,0,,3,4,,0,0,0,0
1602714356971,10,1010123456033,72,,1,2,4,1,2,,13.9412,17,0,0.0222008,8,0,13.5,,1.3,10,0,0.1,4,0,0,4.81321,31,,15,14,,0,0,0,1
1602714357221,10,1010123456033,72,,1,2,4,1,2,,0,0,0,0,0,0,13.6667,,0,0,0,0,0,0,0,0,0,,0,0,,0,0,0,0
1602714357471,10,1010123456033,72,,1,2,4,1,2,,7.5,10,0,0.0055261,4,0,8,,0,0,0,0,0,0,0,0,0,,14,12,,0,0,0,0
1602714357722,10,1010123456033,72,,1,2,4,1,2,,17.6,5,0,0.005344,2,0,13,,1.05556,18,0,0.1,7,0,0,5.24217,31,,6,4,,0,0,0,1.11111
1602714357971,10,1010123456033,72,,1,2,4,1,2,,11.5,20,0,0.0161928,8,0,10.6667,,0,0,0,0,0,0,0,0,0,,23,20,,0,0,0,0
1602714358222,10,1010123456033,72,,1,2,4,1,2,,18.4737,19,0,0.020896,6,0,9,,0,0,0,0,0,0,0,0,0,,250,246,,0,0,0,0
1602714358471,10,1010123456033,72,,1,2,4,1,2,,7.08,25,14,0.0168675,11,0,7.5,,0,0,0,0,0,0,0,0,0,,41,38,,0,0,0,0
1602714358721,10,1010123456033,72,,1,2,4,1,2,,0,2,0,0.00536546,2,0,9.75,,3.58333,24,0,0.1,10,0,0,12.5095,31,,1,2,,0,0,0,1.16667
1602714358971,10,1010123456033,72,,1,2,4,1,2,,11,12,0,0.0110201,5,0,9.4,,0,0,0,0,0,0,0,0,0,,17,16,,0,0,0,0
1602714359221,10,1010123456033,72,,1,2,4,1,2,,13.0833,12,0,0.0107952,5,0,11.5,,0,0,0,0,0,0,0,0,0,,8,10,,0,0,0,0
1602714359471,10,1010123456033,72,,1,2,4,1,2,,0,8,0,0.0107952,4,0,13.2,,0,0,0,0,0,0,0,0,0,,6,8,,0,0,0,0
1602714359721,10,1010123456033,72,,1,2,4,1,2,,14.0769,13,0,0.0107952,5,0,9.25,,6.19048,21,0,0.1,9,44.4444,0,8.60807,31,,12,12,,0,0,0,4.57143
1602714359971,10,1010123456033,72,,1,2,4,1,2,,14.9444,18,0,0.0161606,7,0,9.75,,0,0,0,0,0,0,0,0,0,,14,14,,0,0,0,0
1602714360221,10,1010123456033,72,,1,2,4,1,2,,15.375,16,0,0.0212691,7,0,13,,0,0,0,0,0,0,0,0,0,,21,16,,0,0,0,0
1602714360471,10,1010123456033,72,,1,2,4,1,2,,0.692308,104,0,0.0206908,42,0,10.75,,2,3,4,0.1,1,0,0,2.00344,31,,180,184,,0,0,0,1
1602714360721,10,1010123456033,72,,1,2,4,1,2,,16.4737,19,0,0.0213333,8,0,0.1,,0.1,12,0,0.1,5,0,0,7.35542,0,,17,16,,0,0,0,1
1602714360971,10,1010123456033,72,,1,2,4,1,2,,14.1333,15,0,0.0160321,6,0,13.5,,0,0,0,0,0,0,0,0,0,,14,12,,0,0,0,0
1602714361221,10,1010123456033,72,,1,2,4,1,2,,10.5238,21,0,0.016257,8,0,8.66667,,0,0,0,0,0,0,0,0,0,,61,60,,0,0,0,0
1602714361471,10,1010123456033,72,,1,2,4,1,2,,18.6,5,0,0.00533333,2,0,12.6667,,0,0,0,0,0,0,0,0,0,,2,4,,0,0,0,0
1602714361722,10,1010123456033,72,,1,2,4,1,2,,17.4167,12,0,0.015776,5,0,10,,16,12,0,0,4,100,0,5.24535,0,,18,10,,0,0,0,10
1602714361971,10,1010123456033,72,,1,2,4,1,2,,11.6667,15,0,0.0108916,6,0,11.3333,,0,0,0,0,0,0,0,0,0,,20,16,,0,0,0,0
1602714362221,10,1010123456033,72,,1,2,4,1,2,,7.82,50,0,0.0382329,19,0,10.5,,0,0,0,0,0,0,0,0,0,,87,78,,0,0,0,0
1602714362471,10,1010123456033,72,,1,2,4,1,2,,17,5,0,0.00562249,3,0,0.1,,0,0,0,0,0,0,0,0,0,,4,4,,0,0,0,0
1602714362722,10,1010123456033,72,,1,2,4,1,2,,16.6,5,0,0.005376,2,0,9.33333,,14.386,57,0,0.1,23,69.5652,0,7.16831,31,,4,4,,0,0,0,7.14035
1602714362971,10,1010123456033,72,,1,2,4,1,2,,14.6,15,0,0.0160643,6,0,12.5,,16,3,0,0,1,100,0,0.173068,0,,18,12,,0,0,0,10
1602714363222,10,1010123456033,72,,1,2,4,1,2,,15.1304,23,115,0.022784,9,0,9.25,,0,0,0,0,0,0,0,0,0,,31,30,,0,0,0,0
1602714363471,10,1010123456033,72,,1,2,4,1,2,,4.46667,60,0,0.0218153,24,0,12,,0,0,0,0,0,0,0,0,0,,175,170,,0,0,0,0
1602714363722,10,1010123456033,72,,1,2,4,1,2,,17.8,20,0,0.021248,8,0,12.6667,,0.1,23,0,0.1,9,0,0,4.85059,31,,22,16,,0,0,0,1
1602714363972,10,1010123456033,72,,1,2,4,1,2,,22.6,10,0,0.015648,4,0,13,,0,0,0,0,0,0,0,0,0,,8,8,,0,0,0,0
1602714364222,10,1010123456033,72,,1,2,4,1,2,,17,5,0,0.005312,2,0,12.6,,0,0,0,0,0,0,0,0,0,,8,4,,0,0,0,0
1602714364472,10,1010123456033,72,,1,2,4,1,2,,13.5833,12,0,0.01072,5,0,12,,0,0,0,0,0,0,0,0,0,,15,12,,0,0,0,0
1602714364722,10,1010123456033,72,,1,2,4,1,2,,15.7037,27,0,0.026688,11,0,13,,0.1,19,0,0.1,8,0,0,6.77139,31,,23,22,,0,0,0,1
1602714364972,10,1010123456033,72,,1,2,4,1,2,,17.2667,15,0,0.015936,6,0,11.4,,0,0,0,0,0,0,0,0,0,,12,12,,0,0,0,0
1602714365221,10,1010123456033,72,,1,2,4,1,2,,0,0,0,0,0,0,10.5,,0,0,0,0,0,0,0,0,0,,0,0,,0,0,0,0
1602714365471,10,1010123456033,72,,1,2,4,1,2,,16.1,10,0,0.0106988,4,0,12,,0,0,0,0,0,0,0,0,0,,9,8,,0,0,0,0
1602714365721,10,1010123456033,72,,1,2,4,1,2,,7.73333,30,0,0.0168996,12,0,11.25,,4.84,25,0,0.1,11,36.3636,0,5.44415,31,,36,36,,0,0,0,4.6
1602714365971,10,1010123456033,72,,1,2,4,1,2,,17.2727,11,0,0.0106988,4,0,12,,0,0,0,0,0,0,0,0,0,,11,8,,0,0,0,0
1602714366221,10,1010123456033,72,,1,2,4,1,2,,13.4,10,0,0.0107309,4,0,13,,0,0,0,0,0,0,0,0,0,,10,8,,0,0,0,0
1602714366471,10,1010123456033,72,,1,2,4,1,2,,15.25,24,0,0.0265703,10,0,13.3333,,0.1,3,200,0.1,1,0,0,5.27626,31,,30,22,,0,0,0,1
1602714366721,10,1010123456033,72,,1,2,4,1,2,,17,5,0,0.00533333,2,0,12.25,,0.1,25,0,0.1,10,0,0,5.71475,0,,6,4,,0,0,0,1.24
1602714366971,10,1010123456033,72,,1,2,4,1,2,,7.85714,28,0,0.0167068,11,0,11,,0,0,0,0,0,0,0,0,0,,35,36,,0,0,0,0
1602714367221,10,1010123456033,72,,1,2,4,1,2,,0,0,0,0,0,0,13.5,,0,0,0,0,0,0,0,0,0,,0,0,,0,0,0,0
1602714367471,10,1010123456033,72,,1,2,4,1,2,,12.4091,22,14,0.016257,8,0,9.5,,0,0,0,0,0,0,0,0,0,,30,24,,0,0,0,0
1602714367721,10,1010123456033,72,,1,2,4,1,2,,10.5238,21,0,0.0166426,9,0,11.5,,0.909091,33,0,0.1,13,7.69231,0,5.47778,31,,18,18,,0,0,0,1.54545
1602714367971,10,1010123456033,72,,1,2,4,1,2,,16.55,20,0,0.0203052,7,0,13,,0,0,0,0,0,0,0,0,0,,22,16,,0,0,0,0
1602714368221,10,1010123456033,72,,1,2,4,1,2,,8.27273,33,0,0.0232289,15,0,11.4,,0,0,0,0,0,0,0,0,0,,66,60,,0,0,0,0
1602714368471,10,1010123456033,72,,1,2,4,1,2,,15.6,20,0,0.0213976,8,0,13.25,,0,0,0,0,0,0,0,0,0,,19,16,,0,0,0,0
1602714368721,10,1010123456033,72,,1,2,4,1,2,,15.4,20,0,0.0213976,9,0,11,,0.482759,29,0,0.1,11,0,0,9.04381,31,,20,18,,0,0,0,1.06897
1602714368971,10,1010123456033,72,,1,2,4,1,2,,1.39344,61,0,0.010988,18,0,7,,0,0,0,0,0,0,0,0,0,,100,96,,0,0,0,0
1602714369221,10,1010123456033,72,,1,2,4,1,2,,15.2941,17,0,0.0236466,14,0,13.3333,,0,0,0,0,0,0,0,0,0,,17,16,,0,0,0,0
1602714369471,10,1010123456033,72,,1,2,4,1,2,,13.4,5,0,0.00536546,2,0,10.75,,0,0,0,0,0,0,0,0,0,,6,4,,0,0,0,0
1602714369722,10,1010123456033,72,,1,2,4,1,2,,15,21,0,0.016064,7,0,9.33333,,3.13514,37,0,0.1,15,26.6667,0,5.00609,31,,25,20,,0,0,0,2.94595
1602714369971,10,1010123456033,72,,1,2,4,1,2,,0,0,0,0.00536546,2,0,13.5,,0,0,0,0,0,0,0,0,0,,0,0,,0,0,0,0
1602714370222,10,1010123456033,72,,1,2,4,1,2,,0,0,0,0,0,0,11.5,,0,0,0,0,0,0,0,0,0,,0,0,,0,0,0,0
1602714370471,10,1010123456033,72,,1,2,4,1,2,,15,24,0,0.0214618,9,0,12.1667,,0,0,0,0,0,0,0,0,0,,19,18,,0,0,0,0
1602714370721,10,1010123456033,72,,1,2,4,1,2,,14.1538,13,0,0.0107952,5,0,12.5,,0.1,15,0,0.1,6,0,0,8.44335,31,,10,10,,0,0,0,1
1602714370972,10,1010123456033,72,,1,2,4,1,2,,14.4615,13,0,0.01072,5,0,5.4,,0,0,0,0,0,0,0,0,0,,11,10,,0,0,0,0
1602714371222,10,1010123456033,72,,1,2,4,1,2,,17.375,16,0,0.021248,7,0,13,,0,0,0,0,0,0,0,0,0,,13,14,,0,0,0,0
1602714371471,10,1010123456033,72,,1,2,4,1,2,,1.375,64,0,0.013494,25,0,8.2,,0.1,3,0,0.1,1,0,0,5.89045,31,,132,128,,0,0,0,1
1602714371721,10,1010123456033,72,,1,2,4,1,2,,10.8421,38,0,0.0276627,15,0,11.2,,0.55,20,0,0.1,8,0,0,4.08486,31,,45,38,,0,0,0,1
1602714371971,10,1010123456033,72,,1,2,4,1,2,,15.6429,14,0,0.0160321,6,0,13,,0,0,0,0,0,0,0,0,0,,13,12,,0,0,0,0
1602714372221,10,1010123456033,72,,1,2,4,1,2,,13.4,5,0,0.00536546,2,0,10.3333,,0,0,0,0,0,0,0,0,0,,4,4,,0,0,0,0
1602714372471,10,1010123456033,72,,1,2,4,1,2,,15.2,10,0,0.0106988,4,0,13.25,,0,0,0,0,0,0,0,0,0,,4,8,,0,0,0,0
1602714372721,10,1010123456033,72,,1,2,4,1,2,,0,0,0,0,0,0,12.25,,0,0,0,0,0,0,0,0,0,,0,0,,0,0,0,0
1602714372971,10,1010123456033,72,,1,2,4,1,2,,14.1905,21,0,0.0162892,8,0,11.6667,,0.1,23,0,0.1,9,0,0,5.99118,31,,16,16,,0,0,0,1
1602714373221,10,1010123456033,72,,1,2,4,1,2,,15.5,10,0,0.0106667,4,0,13.25,,0,0,0,0,0,0,0,0,0,,10,8,,0,0,0,0
1602714373471,10,1010123456033,72,,1,2,4,1,2,,13.9,10,0,0.0106667,4,0,13.6,,0,0,0,0,0,0,0,0,0,,10,8,,0,0,0,0
1602714373721,10,1010123456033,72,,1,2,4,1,2,,12.7,10,0,0.0106988,4,0,13.5,,0.482759,29,0,0.1,12,0,0,4.65592,31,,10,8,,0,0,0,1
1602714373971,10,1010123456033,72,,1,2,4,1,2,,13.75,16,0,0.0160643,6,0,12.3333,,0,0,0,0,0,0,0,0,0,,21,12,,0,0,0,0
1602714374221,10,1010123456033,72,,1,2,4,1,2,,2.38554,83,0,0.014008,29,0,5,,0,0,0,0,0,0,0,0,0,,175,172,,0,0,0,0
1602714374471,10,1010123456033,72,,1,2,4,1,2,,14.1034,29,158,0.0326747,17,0,11.6667,,0,0,0,0,0,0,0,0,0,,38,28,,0,0,0,0
1602714374721,10,1010123456033,72,,1,2,4,1,2,,6.93103,29,0,0.0166104,11,0,10.25,,0.1,25,0,0.1,10,0,0,5.6761,31,,39,36,,0,0,0,1
1602714374971,10,1010123456033,72,,1,2,4,1,2,,18.8333,18,0,0.0262169,7,0,11.3333,,0,0,0,0,0,0,0,0,0,,42,30,,0,0,0,0
1602714375221,10,1010123456033,72,,1,2,4,1,2,,12,5,0,0.00533333,2,0,9.66667,,0,0,0,0,0,0,0,0,0,,6,4,,0,0,0,0
1602714375471,10,1010123456033,72,,1,2,4,1,2,,15.8,5,0,0.00533333,2,0,12.5,,0,0,0,0,0,0,0,0,0,,4,4,,0,0,0,0
1602714375722,10,1010123456033,72,,1,2,4,1,2,,13.25,8,0,0.005408,3,0,10.5,,0.1,28,0,0.1,11,0,0,4.08228,31,,4,6,,0,0,0,1.07143
1602714375972,10,1010123456033,72,,1,2,4,1,2,,15.5,14,0,0.015776,5,0,13,,0,0,0,0,0,0,0,0,0,,15,12,,0,0,0,0
1602714376222,10,1010123456033,72,,1,2,4,1,2,,15.5,22,0,0.021376,8,0,11,,0,0,0,0,0,0,0,0,0,,17,16,,0,0,0,0
1602714376471,10,1010123456033,72,,1,2,4,1,2,,15.2308,13,0,0.0108273,5,0,11.75,,0,0,0,0,0,0,0,0,0,,9,10,,0,0,0,0
1602714376721,10,1010123456033,72,,1,2,4,1,2,,16.9,30,0,0.0372369,13,0,9,,0.666667,21,0,0.1,9,0,0,5.58439,31,,39,34,,0,0,0,1
1602714376971,10,1010123456033,72,,1,2,4,1,2,,0,4,0,0.00542972,2,0,9.25,,0,0,0,0,0,0,0,0,0,,6,6,,0,0,0,0
1602714377222,10,1010123456033,72,,1,2,4,1,2,,13.5385,13,0,0.010624,5,0,12.1667,,0,0,0,0,0,0,0,0,0,,15,12,,0,0,0,0
1602714377472,10,1010123456033,72,,1,2,4,1,2,,17.0455,22,0,0.021248,8,0,8,,0,0,0,0,0,0,0,0,0,,22,20,,0,0,0,0
1602714377722,10,1010123456033,72,,1,2,4,1,2,,14.5556,27,56,0.026592,10,0,11.75,,6,37,0,0.1,15,26.6667,0,5.16205,31,,28,20,,0,0,0,3.91892
1602714377971,10,1010123456033,72,,1,2,4,1,2,,10.4,5,0,0.00562249,3,0,11.3333,,0,0,0,0,0,0,0,0,0,,4,4,,0,0,0,0
1602714378221,10,1010123456033,72,,1,2,4,1,2,,5.19149,47,0,0.0228755,19,0,8,,0,0,0,0,0,0,0,0,0,,74,74,,0,0,0,0
1602714378471,10,1010123456033,72,,1,2,4,1,2,,17,5,0,0.00533333,2,0,9.66667,,0,0,0,0,0,0,0,0,0,,6,4,,0,0,0,0
1602714378721,10,1010123456033,72,,1,2,4,1,2,,0,4,0,0.0053012,2,0,10.4,,0.1,16,0,0.1,6,0,0,8.35823,31,,5,4,,0,0,0,1
1602714378971,10,1010123456033,72,,1,2,4,1,2,,12,12,0,0.0107952,5,0,12,,0,0,0,0,0,0,0,0,0,,17,12,,0,0,0,0
1602714379221,10,1010123456033,72,,1,2,4,1,2,,0,0,0,0,0,0,0.1,,0,0,0,0,0,0,0,0,0,,0,0,,0,0,0,0
1602714379471,10,1010123456033,72,,1,2,4,1,2,,12.55,20,0,0.0163213,8,0,10.6,,0,0,0,0,0,0,0,0,0,,25,20,,0,0,0,0
1602714379721,10,1010123456033,72,,1,2,4,1,2,,1.46032,63,0,0.0134618,25,0,8.2,,5.20513,39,0,0.1,15,26.6667,0,9.29338,31,,100,100,,0,0,0,3.97436
1602714379971,10,1010123456033,72,,1,2,4,1,2,,2.63636,66,0,0.0239679,28,0,12,,0,0,0,0,0,0,0,0,0,,159,154,,0,0,0,0
1602714380221,10,1010123456033,72,,1,2,4,1,2,,0,0,0,0,0,0,11.5,,0,0,0,0,0,0,0,0,0,,0,0,,0,0,0,0
1602714380471,10,1010123456033,72,,1,2,4,1,2,,0.571429,182,0,0.0296546,71,0,7.5,,0,0,0,0,0,0,0,0,0,,318,314,,0,0,0,0
1602714380721,10,1010123456033,72,,1,2,4,1,2,,9.52381,21,0,0.0166104,10,0,8,,1.27273,22,0,0.1,9,0,0,6.20093,31,,20,20,,0,0,0,1.13636
1602714380971,10,1010123456033,72,,1,2,4,1,2,,0.1,108,0,0.0159036,44,0,5.66667,,0,0,0,0,0,0,0,0,0,,219,214,,0,0,0,0
1602714381221,10,1010123456033,72,,1,2,4,1,2,,11.0625,16,0,0.0109237,6,0,9,,0,0,0,0,0,0,0,0,0,,20,16,,0,0,0,0
1602714381471,10,1010123456033,72,,1,2,4,1,2,,10.8421,19,0,0.0110201,7,0,9,,0,0,0,0,0,0,0,0,0,,13,14,,0,0,0,0
1602714381722,10,1010123456033,72,,1,2,4,1,2,,13.9167,12,0,0.011008,5,0,9,,12,12,0,0,4,100,0,6.30598,0,,16,12,,0,0,0,10
1602714381971,10,1010123456033,72,,1,2,4,1,2,,14,10,0,0.0106988,4,0,14,,0,0,0,0,0,0,0,0,0,,14,10,,0,0,0,0
1602714382221,10,1010123456033,72,,1,2,4,1,2,,0.35,40,0,0.00719679,16,0,11,,0,0,0,0,0,0,0,0,0,,69,68,,0,0,0,0
1602714382472,10,1010123456033,72,,1,2,4,1,2,,15.619,21,0,0.026528,9,0,13,,0,0,0,0,0,0,0,0,0,,25,18,,0,0,0,0
1602714382721,10,1010123456033,72,,1,2,4,1,2,,14.7143,7,0,0.0105382,3,0,13,,1.23077,13,0,0.1,6,0,0,6.02251,31,,15,10,,0,0,0,1
1602714382972,10,1010123456033,72,,1,2,4,1,2,,3.425,80,158,0.0192,32,0,7.75,,0,0,0,0,0,0,0,0,0,,87,90,,0,0,0,0
1602714383221,10,1010123456033,72,,1,2,4,1,2,,3.43077,65,0,0.0236466,26,0,7.5,,0,0,0,0,0,0,0,0,0,,139,140,,0,0,0,0
1602714383471,10,1010123456033,72,,1,2,4,1,2,,0,0,0,0,0,0,9.66667,,0,0,0,0,0,0,0,0,0,,0,0,,0,0,0,0
1602714383722,10,1010123456033,72,,1,2,4,1,2,,13.4,10,158,0.010688,4,0,10.25,,0.1,20,0,0.1,8,0,0,4.70926,31,,45,42,,0,0,0,1
1602714383972,10,1010123456033,72,,1,2,4,1,2,,15.3667,30,0,0.026592,10,0,13.3333,,0,0,0,0,0,0,0,0,0,,25,24,,0,0,0,0
1602714384222,10,1010123456033,72,,1,2,4,1,2,,1.4918,61,0,0.018752,27,0,9.33333,,0,0,0,0,0,0,0,0,0,,110,112,,0,0,0,0
1602714384471,10,1010123456033,72,,1,2,4,1,2,,17.6,5,0,0.00536546,2,0,13,,0,0,0,0,0,0,0,0,0,,8,4,,0,0,0,0
1602714384721,10,1010123456033,72,,1,2,4,1,2,,3.91111,45,60,0.0131406,11,0,7.5,,1.15385,13,0,0.1,5,0,0,4.38751,31,,81,76,,0,0,0,1.38462
1602714384971,10,1010123456033,72,,1,2,4,1,2,,1.625,64,158,0.0181205,33,0,10.2,,0,0,0,0,0,0,0,0,0,,105,100,,0,0,0,0
1602714385221,10,1010123456033,72,,1,2,4,1,2,,15.3636,11,0,0.0159357,5,0,13.4,,0,0,0,0,0,0,0,0,0,,22,14,,0,0,0,0
1602714385471,10,1010123456033,72,,1,2,4,1,2,,7.32258,31,0,0.016996,12,0,8.83333,,0,0,0,0,0,0,0,0,0,,41,44,,0,0,0,0
1602714385721,10,1010123456033,72,,1,2,4,1,2,,16.55,20,0,0.0214618,8,0,9.4,,4.5,18,0,0.1,6,0,0,13.6862,31,,20,16,,0,0,0,1
1602714385971,10,1010123456033,72,,1,2,4,1,2,,10.1538,13,0,0.0110522,6,0,13,,0,0,0,0,0,0,0,0,0,,18,16,,0,0,0,0
1602714386221,10,1010123456033,72,,1,2,4,1,2,,13.8333,6,0,0.00546185,3,0,6.66667,,0,0,0,0,0,0,0,0,0,,9,8,,0,0,0,0
1602714386471,10,1010123456033,72,,1,2,4,1,2,,16,10,0,0.0106667,4,0,13,,12,3,0,0,1,100,0,2.76648,0,,9,8,,0,0,0,10
1602714386721,10,1010123456033,72,,1,2,4,1,2,,8.32558,43,0,0.0224257,17,0,10,,0,5,0,0,3,100,0,0,0,,47,48,,0,0,0,0
1602714386972,10,1010123456033,72,,1,2,4,1,2,,5.95833,48,0,0.017504,19,0,11.6667,,0,0,0,0,0,0,0,0,0,,41,42,,0,0,0,0
1602714387221,10,1010123456033,72,,1,2,4,1,2,,0,0,0,0,0,0,11.2,,0,0,0,0,0,0,0,0,0,,0,0,,0,0,0,0
1602714387471,10,1010123456033,72,,1,2,4,1,2,,13.4,5,0,0.00536546,2,0,10.8,,0,0,0,0,0,0,0,0,0,,6,4,,0,0,0,0
1602714387721,10,1010123456033,72,,1,2,4,1,2,,0,0,0,0,0,0,10.25,,0,0,0,0,0,0,0,0,0,,0,0,,0,0,0,0
1602714387971,10,1010123456033,72,,1,2,4,1,2,,0,0,0,0,0,0,11,,0,0,0,0,0,0,0,0,0,,0,0,,0,0,0,0
1602714388221,10,1010123456033,72,,1,2,4,1,2,,15.5,10,0,0.0107309,4,0,10.3333,,0.1,21,0,0.1,9,0,0,6.72759,31,,8,8,,0,0,0,1.42857
1602714388471,10,1010123456033,72,,1,2,4,1,2,,18.2,5,0,0.00533333,2,0,12,,0,0,0,0,0,0,0,0,0,,6,4,,0,0,0,0
1602714388721,10,1010123456033,72,,1,2,4,1,2,,5.86957,23,0,0.00623293,9,0,11,,1.07692,13,0,0.1,5,0,0,5.98445,31,,46,42,,0,0,0,1.23077
1602714388971,10,1010123456033,72,,1,2,4,1,2,,1.41509,53,0,0.0131084,22,0,6.2,,1,10,0,0.1,4,0,0,4.98811,0,,113,112,,0,0,0,1
1602714389222,10,1010123456033,72,,1,2,4,1,2,,12.25,12,0,0.010656,5,0,11.5,,0,0,0,0,0,0,0,0,0,,17,12,,0,0,0,0
1602714389471,10,1010123456033,72,,1,2,4,1,2,,14.5,16,0,0.0160321,6,0,8.75,,0,0,0,0,0,0,0,0,0,,15,12,,0,0,0,0
1602714389721,10,1010123456033,72,,1,2,4,1,2,,14.7143,14,0,0.0160321,6,0,13.5,,0.1,21,0,0.1,9,0,0,6.96548,31,,15,12,,0,0,0,1
1602714389972,10,1010123456033,72,,1,2,4,1,2,,15.1905,21,0,0.021504,9,0,10,,0,0,0,0,0,0,0,0,0,,21,18,,0,0,0,0
1602714390221,10,1010123456033,72,,1,2,4,1,2,,16,6,0,0.00542972,2,0,11.8,,0,0,0,0,0,0,0,0,0,,4,4,,0,0,0,0
1602714390472,10,1010123456033,72,,1,2,4,1,2,,8.28571,28,0,0.01136,11,0,8.5,,0,0,0,0,0,0,0,0,0,,16,22,,0,0,0,0
1602714390722,10,1010123456033,72,,1,2,4,1,2,,14.2857,28,0,0.026592,11,0,10.1667,,0.322581,31,0,0.1,13,0,0,4.45869,31,,24,22,,0,0,0,1
1602714390971,10,1010123456033,72,,1,2,4,1,2,,13.4444,18,0,0.016257,7,0,11.5,,0,0,0,0,0,0,0,0,0,,19,18,,0,0,0,0
1602714391221,10,1010123456033,72,,1,2,4,1,2,,11.6,10,0,0.00565462,4,0,10.5,,0,0,0,0,0,0,0,0,0,,24,28,,0,0,0,0
1602714391471,10,1010123456033,72,,1,2,4,1,2,,7.82927,41,0,0.0224257,16,0,10.8,,0,0,0,0,0,0,0,0,0,,76,56,,0,0,0,0
1602714391721,10,1010123456033,72,,1,2,4,1,2,,14.7333,15,0,0.016,6,0,13.5,,0,0,0,0,0,0,0,0,0,,20,16,,0,0,0,0
1602714391971,10,1010123456033,72,,1,2,4,1,2,,16.2,15,0,0.016,6,0,12.5,,0.1,23,0,0.1,9,0,0,5.31518,31,,15,14,,0,0,0,1
1602714392221,10,1010123456033,72,,1,2,4,1,2,,0,4,144,0,0,0,3.33333,,0,0,0,0,0,0,0,0,0,,18,16,,0,0,0,0
1602714392471,10,1010123456033,72,,1,2,4,1,2,,0.1,52,0,0.00812851,23,0,10,,0,0,0,0,0,0,0,0,0,,132,132,,0,0,0,0
1602714392721,10,1010123456033,72,,1,2,4,1,2,,17.6,5,0,0.0053012,2,0,11.2,,0.1,30,0,0.1,12,8.33333,0,5.10323,31,,5,4,,0,0,0,1.6
1602714392971,10,1010123456033,72,,1,2,4,1,2,,16.8,5,0,0.00533333,2,0,11.25,,0,0,0,0,0,0,0,0,0,,8,4,,0,0,0,0
1602714393222,10,1010123456033,72,,1,2,4,1,2,,17.1333,15,0,0.015968,6,0,10.8,,0,0,0,0,0,0,0,0,0,,68,68,,0,0,0,0
1602714393471,10,1010123456033,72,,1,2,4,1,2,,15.5,16,0,0.0160964,6,0,13.3333,,0,0,0,0,0,0,0,0,0,,15,12,,0,0,0,0
1602714393721,10,1010123456033,72,,1,2,4,1,2,,6.30435,23,0,0.0113092,9,0,11.25,,0.272727,22,0,0.1,9,0,0,7.57241,31,,34,32,,0,0,0,1
1602714393972,10,1010123456033,72,,1,2,4,1,2,,5.59677,62,39,0.024224,16,0,10,,0,0,0,0,0,0,0,0,0,,92,86,,0,0,0,0
1602714394222,10,1010123456033,72,,1,2,4,1,2,,10.5882,17,0,0.0152,15,0,12.4,,0,0,0,0,0,0,0,0,0,,21,20,,0,0,0,0
1602714394471,10,1010123456033,72,,1,2,4,1,2,,16.7368,19,0,0.0214297,8,0,13.5,,0,0,0,0,0,0,0,0,0,,20,16,,0,0,0,0
1602714394721,10,1010123456033,72,,1,2,4,1,2,,2.85075,67,0,0.0138153,27,0,11,,3.80645,31,0,0.1,12,16.6667,0,4.80642,31,,60,56,,0,0,0,3.03226
1602714394971,10,1010123456033,72,,1,2,4,1,2,,0,0,0,0,0,0,11.5,,0,0,0,0,0,0,0,0,0,,0,0,,0,0,0,0
1602714395221,10,1010123456033,72,,1,2,4,1,2,,0.590164,61,0,0.0133012,24,0,9.33333,,0,0,0,0,0,0,0,0,0,,123,116,,0,0,0,0
1602714395471,10,1010123456033,72,,1,2,4,1,2,,6.71739,46,30,0.022747,17,0,9.6,,0,0,0,0,0,0,0,0,0,,67,62,,0,0,0,0
1602714395722,10,1010123456033,72,,1,2,4,1,2,,14.1765,17,0,0.02128,8,0,12.75,,4.76923,39,0,0.1,16,25,0,5.95626,31,,13,14,,0,0,0,3.76923
1602714395972,10,1010123456033,72,,1,2,4,1,2,,14.5455,11,0,0.010688,4,0,11.8333,,0,0,0,0,0,0,0,0,0,,11,8,,0,0,0,0
1602714396222,10,1010123456033,72,,1,2,4,1,2,,15.2727,11,0,0.01056,4,0,9.8,,0,0,0,0,0,0,0,0,0,,17,10,,0,0,0,0
1602714396472,10,1010123456033,72,,1,2,4,1,2,,13.4,5,0,0.005344,2,0,9,,0,0,0,0,0,0,0,0,0,,5,4,,0,0,0,0
1602714396722,10,1010123456033,72,,1,2,4,1,2,,14.8,25,0,0.021376,8,0,13,,0.333333,12,0,0.1,5,0,0,3.09572,31,,28,20,,0,0,0,1
1602714396971,10,1010123456033,72,,1,2,4,1,2,,2.72727,22,109,0.0106988,4,0,10,,0,0,0,0,0,0,0,0,0,,40,36,,0,0,0,0
1602714397221,10,1010123456033,72,,1,2,4,1,2,,11.093,43,0,0.0284016,22,0,12,,0,0,0,0,0,0,0,0,0,,55,50,,0,0,0,0
1602714397471,10,1010123456033,72,,1,2,4,1,2,,13.2,20,0,0.0321606,10,0,9.33333,,0,0,0,0,0,0,0,0,0,,42,36,,0,0,0,0
1602714397721,10,1010123456033,72,,1,2,4,1,2,,15.5,10,0,0.0107309,4,0,13.25,,5.38636,44,0,0.1,17,23.5294,0,6.23377,31,,11,8,,0,0,0,3.45455
1602714397971,10,1010123456033,72,,1,2,4,1,2,,3.94444,72,0,0.0137831,29,0,11.25,,0,0,0,0,0,0,0,0,0,,56,58,,0,0,0,0
1602714398221,10,1010123456033,72,,1,2,4,1,2,,14.9286,14,0,0.0160321,6,0,11.75,,0,0,0,0,0,0,0,0,0,,19,14,,0,0,0,0
1602714398471,10,1010123456033,72,,1,2,4,1,2,,12,5,0,0.00533333,2,0,13.5,,0.1,3,200,0.1,1,0,0,3.28898,31,,4,4,,0,0,0,1
1602714398721,10,1010123456033,72,,1,2,4,1,2,,15.6,20,0,0.0213655,8,0,11,,0.1,28,0,0.1,11,9.09091,0,4.43026,0,,19,16,,0,0,0,1.96429
1602714398971,10,1010123456033,72,,1,2,4,1,2,,13.4,5,0,0.00536546,2,0,11.6667,,0,0,0,0,0,0,0,0,0,,4,4,,0,0,0,0
1602714399221,10,1010123456033,72,,1,2,4,1,2,,11.5,22,0,0.0161928,7,0,11,,0,0,0,0,0,0,0,0,0,,30,24,,0,0,0,0
1602714399471,10,1010123456033,72,,1,2,4,1,2,,0,0,158,0.00536546,2,0,7.5,,0,0,0,0,0,0,0,0,0,,7,8,,0,0,0,0
1602714399721,10,1010123456033,72,,1,2,4,1,2,,4.2987,77,0,0.0293655,30,0,10,,0.727273,22,0,0.1,9,0,0,7.31804,31,,116,110,,0,0,0,1.09091
1602714399971,10,1010123456033,72,,1,2,4,1,2,,11.9118,34,0,0.0219116,13,0,12.2,,0,0,0,0,0,0,0,0,0,,28,26,,0,0,0,0
1602714400221,10,1010123456033,72,,1,2,4,1,2,,0,0,0,0,0,0,11,,0,0,0,0,0,0,0,0,0,,0,0,,0,0,0,0
1602714400472,10,1010123456033,72,,1,2,4,1,2,,0,4,0,0.005344,2,0,9.33333,,0,0,0,0,0,0,0,0,0,,7,4,,0,0,0,0
1602714400721,10,1010123456033,72,,1,2,4,1,2,,15.8125,16,0,0.0160321,6,0,7.5,,0.1,13,0,0.1,5,0,0,3.81902,31,,15,12,,0,0,0,1
1602714400971,10,1010123456033,72,,1,2,4,1,2,,13.4,5,0,0.00536546,2,0,13.25,,0,0,0,0,0,0,0,0,0,,6,4,,0,0,0,0
1602714401222,10,1010123456033,72,,1,2,4,1,2,,13.4,5,0,0.005344,2,0,10.5,,0,0,0,0,0,0,0,0,0,,6,8,,0,0,0,0
1602714401471,10,1010123456033,72,,1,2,4,1,2,,10.1176,17,0,0.0111486,7,0,9.5,,0,0,0,0,0,0,0,0,0,,18,18,,0,0,0,0
1602714401721,10,1010123456033,72,,1,2,4,1,2,,14,9,0,0.0106988,4,0,10.5,,0.125,32,0,0.1,13,0,0,4.08946,31,,17,18,,0,0,0,1.28125
1602714401971,10,1010123456033,72,,1,2,4,1,2,,13.2,10,0,0.0106345,4,0,0.1,,0,0,0,0,0,0,0,0,0,,7,8,,0,0,0,0
1602714402221,10,1010123456033,72,,1,2,4,1,2,,15.4667,15,0,0.0159679,6,0,13,,0,0,0,0,0,0,0,0,0,,13,12,,0,0,0,0
1602714402472,10,1010123456033,72,,1,2,4,1,2,,12.8571,7,0,0.005408,3,0,7.8,,0,0,0,0,0,0,0,0,0,,8,8,,0,0,0,0
1602714402721,10,1010123456033,72,,1,2,4,1,2,,5.73077,26,0,0.0116305,10,0,8.6,,7.75,12,0,0.1,4,0,0,15.1524,31,,31,30,,0,0,0,1
1602714402972,10,1010123456033,72,,1,2,4,1,2,,2.41748,103,0,0.031136,41,0,8,,0,0,0,0,0,0,0,0,0,,167,160,,0,0,0,0
1602714403222,10,1010123456033,72,,1,2,4,1,2,,0,6,4,0.010464,3,0,12.4,,0,0,0,0,0,0,0,0,0,,14,10,,0,0,0,0
1602714403471,10,1010123456033,72,,1,2,4,1,2,,16.2,20,0,0.0212691,8,0,11.75,,14,3,0,0,1,100,0,2.55886,0,,13,14,,0,0,0,10
1602714403721,10,1010123456033,72,,1,2,4,1,2,,0,0,158,0,0,0,8.66667,,14,6,0,0,3,100,0,9.86446,0,,2,0,,0,0,0,10
1602714403971,10,1010123456033,72,,1,2,4,1,2,,16.8947,19,0,0.0214297,8,0,12.25,,0,0,0,0,0,0,0,0,0,,18,16,,0,0,0,0
1602714404221,10,1010123456033,72,,1,2,4,1,2,,14.2778,18,0,0.0160964,7,0,9.25,,0,0,0,0,0,0,0,0,0,,11,14,,0,0,0,0
1602714404471,10,1010123456033,72,,1,2,4,1,2,,7.80952,21,0,0.0113735,9,0,10.25,,0,0,0,0,0,0,0,0,0,,24,24,,0,0,0,0
1602714404721,10,1010123456033,72,,1,2,4,1,2,,14.5455,11,0,0.0107309,4,0,9.33333,,12.4318,44,0,0.1,18,55.5556,0,8.6592,31,,11,8,,0,0,0,6.02273
1602714404971,10,1010123456033,72,,1,2,4,1,2,,0,0,0,0,0,0,9.5,,16,8,0,0,3,100,0,0.253295,0,,0,0,,0,0,0,10
1602714405221,10,1010123456033,72,,1,2,4,1,2,,12.7,10,0,0.0106988,4,0,11.1667,,0,0,0,0,0,0,0,0,0,,11,8,,0,0,0,0
1602714405471,10,1010123456033,72,,1,2,4,1,2,,19.5625,16,0,0.0211084,6,0,7,,0,0,0,0,0,0,0,0,0,,125,122,,0,0,0,0
1602714405721,10,1010123456033,72,,1,2,4,1,2,,15.2,5,0,0.00526908,2,0,12,,0.62069,29,0,0.1,12,0,0,5.12353,31,,9,6,,0,0,0,1
1602714405971,10,1010123456033,72,,1,2,4,1,2,,15.24,25,0,0.0266988,10,0,11.5,,0,0,0,0,0,0,0,0,0,,26,20,,0,0,0,0
1602714406222,10,1010123456033,72,,1,2,4,1,2,,1.93827,81,0,0.013984,30,0,9.66667,,0,0,0,0,0,0,0,0,0,,129,124,,0,0,0,0
1602714406471,10,1010123456033,72,,1,2,4,1,2,,17,5,0,0.0106988,4,0,13.5,,0,0,0,0,0,0,0,0,0,,5,4,,0,0,0,0
1602714406721,10,1010123456033,72,,1,2,4,1,2,,14.7,20,0,0.0213976,8,0,13.3333,,0.1,24,0,0.1,10,0,0,3.60087,31,,23,16,,0,0,0,1.75
1602714406971,10,1010123456033,72,,1,2,4,1,2,,0,3,0,0.00533333,2,0,12.5,,0,0,0,0,0,0,0,0,0,,6,4,,0,0,0,0
1602714407221,10,1010123456033,72,,1,2,4,1,2,,6.5,20,130,0.0108273,4,0,8,,0,0,0,0,0,0,0,0,0,,143,128,,0,0,0,0
1602714407471,10,1010123456033,72,,1,2,4,1,2,,2.33333,54,0,0.0186024,26,0,13.25,,0,0,0,0,0,0,0,0,0,,127,124,,0,0,0,0
1602714407721,10,1010123456033,72,,1,2,4,1,2,,15.8462,13,0,0.0160964,6,0,12.5,,0.516129,31,0,0.1,13,7.69231,0,5.5675,31,,14,12,,0,0,0,1.58065
1602714407971,10,1010123456033,72,,1,2,4,1,2,,17,5,0,0.00533333,2,0,8.5,,0,0,0,0,0,0,0,0,0,,2,4,,0,0,0,0
1602714408222,10,1010123456033,72,,1,2,4,1,2,,16.4375,16,0,0.015968,6,0,11.6667,,0,0,0,0,0,0,0,0,0,,17,12,,0,0,0,0
1602714408471,10,1010123456033,72,,1,2,4,1,2,,6.36842,38,0,0.01751,15,0,9.25,,0,0,0,0,0,0,0,0,0,,58,56,,0,0,0,0
1602714408722,10,1010123456033,72,,1,2,4,1,2,,16,15,28,0.015968,6,0,13,,0.285714,14,0,0.1,6,0,0,6.57525,31,,23,20,,0,0,0,1
1602714408971,10,1010123456033,72,,1,2,4,1,2,,16.75,16,0,0.0210763,7,0,13,,0,0,0,0,0,0,0,0,0,,19,16,,0,0,0,0
1602714409222,10,1010123456033,72,,1,2,4,1,2,,18.7778,9,0,0.010688,4,0,13,,0,0,0,0,0,0,0,0,0,,10,8,,0,0,0,0
1602714409472,10,1010123456033,72,,1,2,4,1,2,,16,20,0,0.021184,8,0,13.25,,0,0,0,0,0,0,0,0,0,,15,16,,0,0,0,0
1602714409722,10,1010123456033,72,,1,2,4,1,2,,14.3333,9,158,0.010688,4,0,7.5,,0,8,0,0,4,100,0,0,0,,38,36,,0,0,0,0
1602714409971,10,1010123456033,72,,1,2,4,1,2,,0.1,56,0,0.00812851,23,0,9.66667,,0,0,0,0,0,0,0,0,0,,200,200,,0,0,0,0
1602714410221,10,1010123456033,72,,1,2,4,1,2,,15.5,6,0,0.00536546,2,0,11.6667,,0,0,0,0,0,0,0,0,0,,3,4,,0,0,0,0
1602714410471,10,1010123456033,72,,1,2,4,1,2,,15.5,12,0,0.0107309,4,0,8.66667,,0,0,0,0,0,0,0,0,0,,6,8,,0,0,0,0
1602714410721,10,1010123456033,72,,1,2,4,1,2,,11.2778,18,0,0.010988,7,0,11,,12.875,32,0,0.1,15,60,0,9.20166,31,,12,14,,0,0,0,6.34375
1602714410971,10,1010123456033,72,,1,2,4,1,2,,11.25,8,0,0.00542972,3,0,8.75,,0,0,0,0,0,0,0,0,0,,9,8,,0,0,0,0
1602714411221,10,1010123456033,72,,1,2,4,1,2,,18,10,0,0.0107631,4,0,11.5,,0,0,0,0,0,0,0,0,0,,12,8,,0,0,0,0
1602714411471,10,1010123456033,72,,1,2,4,1,2,,15.9091,11,0,0.0106988,4,0,9.2,,0,0,0,0,0,0,0,0,0,,5,8,,0,0,0,0
1602714411721,10,1010123456033,72,,1,2,4,1,2,,13.875,24,0,0.0215261,10,0,12.2,,0.1,21,0,0.1,8,0,0,4.55816,31,,21,20,,0,0,0,1
1602714411971,10,1010123456033,72,,1,2,4,1,2,,0,4,0,0.00536546,2,0,11.6667,,0,0,0,0,0,0,0,0,0,,5,4,,0,0,0,0
1602714412221,10,1010123456033,72,,1,2,4,1,2,,11.9286,14,0,0.0161285,6,0,10.3333,,0,0,0,0,0,0,0,0,0,,31,26,,0,0,0,0
1602714412471,10,1010123456033,72,,1,2,4,1,2,,16.5517,29,0,0.0320964,12,0,11,,0.1,3,200,0.1,1,0,0,1.89262,31,,35,24,,0,0,0,1
1602714412721,10,1010123456033,72,,1,2,4,1,2,,14.8,10,0,0.00536546,2,0,11.6667,,0.1,28,0,0.1,11,9.09091,0,4.0936,0,,9,8,,0,0,0,1.96429
1602714412971,10,1010123456033,72,,1,2,4,1,2,,13.9,10,0,0.016,6,0,11.6667,,0,0,0,0,0,0,0,0,0,,8,8,,0,0,0,0
1602714413221,10,1010123456033,72,,1,2,4,1,2,,11.2,10,0,0.0055261,4,0,11,,0,0,0,0,0,0,0,0,0,,6,8,,0,0,0,0
1602714413471,10,1010123456033,72,,1,2,4,1,2,,15.1333,15,0,0.0160321,6,0,11,,0.1,3,200,0.1,1,0,0,19.599,31,,16,12,,0,0,0,1
1602714413721,10,1010123456033,72,,1,2,4,1,2,,17.6,15,0,0.0160321,6,0,13,,12,44,0,0.1,18,72.2222,0,7.80898,0,,13,12,,0,0,0,7.13636
1602714413971,10,1010123456033,72,,1,2,4,1,2,,0,0,0,0,0,0,8.25,,0,0,0,0,0,0,0,0,0,,0,0,,0,0,0,0
1602714414221,10,1010123456033,72,,1,2,4,1,2,,18.9565,23,0,0.0264096,9,0,13,,0,0,0,0,0,0,0,0,0,,22,18,,0,0,0,0
1602714414471,10,1010123456033,72,,1,2,4,1,2,,8.55556,36,0,0.0274378,15,0,8,,0,0,0,0,0,0,0,0,0,,61,56,,0,0,0,0
1602714414722,10,1010123456033,72,,1,2,4,1,2,,11.1111,9,0,0.004512,3,0,7.33333,,0,0,0,0,0,0,0,0,0,,13,8,,0,0,0,0
1602714414971,10,1010123456033,72,,1,2,4,1,2,,17.6,5,0,0.00639357,3,0,9.8,,0.1,26,0,0.1,10,0,0,5.41881,31,,5,4,,0,0,0,1
1602714415222,10,1010123456033,72,,1,2,4,1,2,,0,0,0,0,0,0,10.75,,0,0,0,0,0,0,0,0,0,,0,0,,0,0,0,0
1602714415471,10,1010123456033,72,,1,2,4,1,2,,13.9565,23,0,0.0267631,10,0,6.75,,0,0,0,0,0,0,0,0,0,,35,28,,0,0,0,0
1602714415722,10,1010123456033,72,,1,2,4,1,2,,4.97727,44,0,0.012224,17,0,13,,0.941176,17,0,0.1,7,0,0,5.39762,31,,36,34,,0,0,0,1
1602714415972,10,1010123456033,72,,1,2,4,1,2,,14.5294,17,0,0.021056,7,0,13,,0,0,0,0,0,0,0,0,0,,21,16,,0,0,0,0
1602714416222,10,1010123456033,72,,1,2,4,1,2,,11.9231,13,0,0.010688,5,0,9.66667,,0,0,0,0,0,0,0,0,0,,15,12,,0,0,0,0
1602714416472,10,1010123456033,72,,1,2,4,1,2,,20.1429,7,0,0,0,0,12,,0,0,0,0,0,0,0,0,0,,10,6,,0,0,0,0
1602714416721,10,1010123456033,72,,1,2,4,1,2,,13.3448,29,0,0.037751,15,0,11.3333,,0.1,26,0,0.1,10,0,0,5.38058,31,,31,28,,0,0,0,1
1602714416971,10,1010123456033,72,,1,2,4,1,2,,16.2,15,0,0.0161606,7,0,12.3333,,0,0,0,0,0,0,0,0,0,,17,14,,0,0,0,0
1602714417221,10,1010123456033,72,,1,2,4,1,2,,14.3333,9,0,0.0107309,4,0,9.16667,,0,0,0,0,0,0,0,0,0,,11,8,,0,0,0,0
1602714417471,10,1010123456033,72,,1,2,4,1,2,,12.1786,28,0,0.0161928,9,0,9.6,,0,2,200,0.1,1,0,0,0,31,,27,24,,0,0,0,0
1602714417721,10,1010123456033,72,,1,2,4,1,2,,2.30769,65,0,0.0241928,28,0,9.4,,3.55556,27,0,0.1,11,36.3636,0,4.26293,0,,126,124,,0,0,0,3.81481
1602714417971,10,1010123456033,72,,1,2,4,1,2,,0,4,0,0.0053012,2,0,13,,0,0,0,0,0,0,0,0,0,,3,4,,0,0,0,0
1602714418221,10,1010123456033,72,,1,2,4,1,2,,13.6667,15,0,0.016,6,0,11.5,,0,0,0,0,0,0,0,0,0,,16,12,,0,0,0,0
1602714418471,10,1010123456033,72,,1,2,4,1,2,,10.875,8,0,0.00546185,3,0,8.66667,,0,0,0,0,0,0,0,0,0,,10,8,,0,0,0,0
1602714418721,10,1010123456033,72,,1,2,4,1,2,,0.319149,47,0,0.00767871,19,0,8.4,,13.2766,47,0,0.1,19,63.1579,0,9.62898,31,,135,136,,0,0,0,6.42553
1602714418971,10,1010123456033,72,,1,2,4,1,2,,4.8,80,315,0.0348273,32,0,9.25,,0,2,0,0.1,1,0,0,0,31,,140,134,,0,0,0,0
1602714419221,10,1010123456033,72,,1,2,4,1,2,,1.56604,106,0,0.0257671,43,0,10.6667,,0,0,0,0,0,0,0,0,0,,177,174,,0,0,0,0
1602714419471,10,1010123456033,72,,1,2,4,1,2,,24.25,8,0,0.0170602,3,0,13.5,,0,0,0,0,0,0,0,0,0,,12,8,,0,0,0,0
1602714419721,10,1010123456033,72,,1,2,4,1,2,,16.2222,9,0,0.0106345,4,0,12.25,,16,9,0,0,4,100,0,5.15354,0,,9,8,,0,0,0,10
1602714419971,10,1010123456033,72,,1,2,4,1,2,,14.5357,28,0,0.0266667,11,0,12.3333,,0,0,0,0,0,0,0,0,0,,38,24,,0,0,0,0
1602714420221,10,1010123456033,72,,1,2,4,1,2,,16.7,10,0,0.0106345,4,0,11.5,,0,0,0,0,0,0,0,0,0,,11,8,,0,0,0,0
1602714420471,10,1010123456033,72,,1,2,4,1,2,,6.61538,13,0,0.005751,5,0,6.33333,,0,2,200,0.1,1,0,0,0,31,,15,14,,0,0,0,0
1602714420721,10,1010123456033,72,,1,2,4,1,2,,21,7,0,0.0105703,3,0,13,,6.91429,35,0,0.1,13,46.1538,0,7.96369,0,,10,6,,0,0,0,5.45714
1602714420972,10,1010123456033,72,,1,2,4,1,2,,3.06667,60,23,0.015008,19,0,7.2,,0,0,0,0,0,0,0,0,0,,124,116,,0,0,0,0
1602714421221,10,1010123456033,72,,1,2,4,1,2,,0.916667,12,136,0.00411245,11,0,8.25,,0,0,0,0,0,0,0,0,0,,14,16,,0,0,0,0
1602714421471,10,1010123456033,72,,1,2,4,1,2,,4.58333,60,0,0.0184739,25,0,13,,0,0,0,0,0,0,0,0,0,,73,72,,0,0,0,0
1602714421721,10,1010123456033,72,,1,2,4,1,2,,15.9444,18,0,0.0213655,8,0,12,,0,8,0,0,4,100,0,0,0,,16,16,,0,0,0,0
1602714421972,10,1010123456033,72,,1,2,4,1,2,,16.0526,19,0,0.021312,8,0,13,,0,0,0,0,0,0,0,0,0,,18,16,,0,0,0,0
1602714422222,10,1010123456033,72,,1,2,4,1,2,,17.6,10,0,0.010688,4,0,11.3333,,0,0,0,0,0,0,0,0,0,,11,8,,0,0,0,0
1602714422472,10,1010123456033,72,,1,2,4,1,2,,0.1,58,0,0.008096,23,0,2,,0,0,0,0,0,0,0,0,0,,129,128,,0,0,0,0
1602714422722,10,1010123456033,72,,1,2,4,1,2,,1.18966,58,0,0.013312,24,0,4.33333,,4.17391,23,0,0.1,10,40,0,9.17502,31,,118,114,,0,0,0,4.13043
1602714422971,10,1010123456033,72,,1,2,4,1,2,,14.1333,15,0,0.0160321,6,0,11,,0,0,0,0,0,0,0,0,0,,13,12,,0,0,0,0
1602714423221,10,1010123456033,72,,1,2,4,1,2,,14.2632,19,0,0.0162249,7,0,9.6,,0,0,0,0,0,0,0,0,0,,14,16,,0,0,0,0
1602714423471,10,1010123456033,72,,1,2,4,1,2,,4.69444,108,82,0.0359197,41,0,6.4,,0,0,0,0,0,0,0,0,0,,190,184,,0,0,0,0
1602714423721,10,1010123456033,72,,1,2,4,1,2,,8,5,0,0.00559036,4,0,7.5,,1.09091,22,0,0.1,9,0,0,6.87084,31,,6,6,,0,0,0,1.13636
1602714423971,10,1010123456033,72,,1,2,4,1,2,,16.55,20,0,0.0213976,8,0,11.2,,0,0,0,0,0,0,0,0,0,,22,16,,0,0,0,0
1602714424221,10,1010123456033,72,,1,2,4,1,2,,16.8,5,0,0.00533333,2,0,7,,0,0,0,0,0,0,0,0,0,,4,4,,0,0,0,0
1602714424471,10,1010123456033,72,,1,2,4,1,2,,17.6,5,0,0.0053012,2,0,9.66667,,0,0,0,0,0,0,0,0,0,,4,4,,0,0,0,0
1602714424721,10,1010123456033,72,,1,2,4,1,2,,0,0,0,0,0,0,13.3333,,0,0,0,0,0,0,0,0,0,,0,0,,0,0,0,0
1602714424971,10,1010123456033,72,,1,2,4,1,2,,9.62,50,0,0.0280803,20,0,7.6,,4.13333,15,0,0.1,6,16.6667,0,9.24685,31,,44,56,,0,0,0,3.93333
1602714425221,10,1010123456033,72,,1,2,4,1,2,,16,15,0,0.0159679,6,0,13,,0,0,0,0,0,0,0,0,0,,18,14,,0,0,0,0
1602714425471,10,1010123456033,72,,1,2,4,1,2,,11.375,8,0,0,0,0,11.3333,,0,0,0,0,0,0,0,0,0,,10,8,,0,0,0,0
1602714425721,10,1010123456033,72,,1,2,4,1,2,,8.38461,13,0,0.0114378,8,0,13.4,,0.1,26,0,0.1,11,9.09091,0,4.45664,31,,11,12,,0,0,0,1.69231
1602714425971,10,1010123456033,72,,1,2,4,1,2,,1.09836,61,0,0.013494,25,0,8.25,,0,0,0,0,0,0,0,0,0,,104,100,,0,0,0,0
1602714426221,10,1010123456033,72,,1,2,4,1,2,,0,2,0,0.00517269,1,0,13.5,,0,0,0,0,0,0,0,0,0,,7,4,,0,0,0,0
1602714426471,10,1010123456033,72,,1,2,4,1,2,,3.45946,74,0,0.0240964,29,0,9.33333,,0,0,0,0,0,0,0,0,0,,117,112,,0,0,0,0
1602714426721,10,1010123456033,72,,1,2,4,1,2,,17,5,0,0.00533333,2,0,9.75,,0.1,14,0,0.1,6,0,0,5.49226,31,,5,6,,0,0,0,1
1602714426971,10,1010123456033,72,,1,2,4,1,2,,5.625,48,0,0.022747,19,0,7,,0,0,0,0,0,0,0,0,0,,69,68,,0,0,0,0
1602714427222,10,1010123456033,72,,1,2,4,1,2,,14.3,10,0,0.015776,5,0,11.1667,,0,0,0,0,0,0,0,0,0,,26,26,,0,0,0,0
1602714427471,10,1010123456033,72,,1,2,4,1,2,,15.1026,39,0,0.0375582,15,0,7,,0,2,0,0.1,1,0,0,0,31,,43,32,,0,0,0,0
1602714427721,10,1010123456033,72,,1,2,4,1,2,,12.1905,21,0,0.0166426,8,0,14,,6.7,10,0,0.1,4,0,0,13.2806,0,,23,20,,0,0,0,1.5
1602714427972,10,1010123456033,72,,1,2,4,1,2,,12,10,0,0.010624,4,0,11,,0,0,0,0,0,0,0,0,0,,11,8,,0,0,0,0
1602714428221,10,1010123456033,72,,1,2,4,1,2,,17,5,0,0.00533333,2,0,11,,0,0,0,0,0,0,0,0,0,,6,4,,0,0,0,0
1602714428472,10,1010123456033,72,,1,2,4,1,2,,10.8929,28,0,0.021792,11,0,9,,12,3,200,0.1,1,0,0,18.2792,31,,41,34,,0,0,0,1
1602714428722,10,1010123456033,72,,1,2,4,1,2,,5,9,0,0.005568,4,0,11.25,,0,1,0,0.1,1,0,0,0,0,,38,36,,0,0,0,0
1602714428972,10,1010123456033,72,,1,2,4,1,2,,0,0,0,0,0,0,9.16667,,0,0,0,0,0,0,0,0,0,,0,0,,0,0,0,0
1602714429222,10,1010123456033,72,,1,2,4,1,2,,14.6,10,0,0.010656,4,0,9,,0,0,0,0,0,0,0,0,0,,12,14,,0,0,0,0
1602714429471,10,1010123456033,72,,1,2,4,1,2,,14.6875,16,0,0.0161606,7,0,11.25,,0,0,0,0,0,0,0,0,0,,18,16,,0,0,0,0
1602714429721,10,1010123456033,72,,1,2,4,1,2,,12.375,8,0,0.00549398,3,0,10,,14,10,0,0,4,100,0,3.67477,0,,5,6,,0,0,0,10
1602714429971,10,1010123456033,72,,1,2,4,1,2,,18.1429,7,0,0.010506,3,0,13,,0,0,0,0,0,0,0,0,0,,13,8,,0,0,0,0
1602714430221,10,1010123456033,72,,1,2,4,1,2,,17.5152,33,0,0.036755,12,0,13,,0,0,0,0,0,0,0,0,0,,30,26,,0,0,0,0
1602714430471,10,1010123456033,72,,1,2,4,1,2,,13.1176,17,0,0.0166426,8,0,9,,0.1,3,123,0.1,1,0,0,3.61793,31,,73,68,,0,0,0,1
1602714430721,10,1010123456033,72,,1,2,4,1,2,,14.92,25,0,0.0268916,11,0,10.75,,0.1,23,0,0.1,9,0,0,4.41632,0,,29,22,,0,0,0,1
1602714430971,10,1010123456033,72,,1,2,4,1,2,,16,10,0,0.0106024,4,0,13.6667,,0,0,0,0,0,0,0,0,0,,12,8,,0,0,0,0
1602714431221,10,1010123456033,72,,1,2,4,1,2,,0,4,0,0.00533333,2,0,12,,0,0,0,0,0,0,0,0,0,,6,4,,0,0,0,0
1602714431471,10,1010123456033,72,,1,2,4,1,2,,15.5,10,0,0.0106667,4,0,10.6667,,0,0,0,0,0,0,0,0,0,,12,8,,0,0,0,0
1602714431721,10,1010123456033,72,,1,2,4,1,2,,14.4,5,0,0.0053012,2,0,9.4,,0,0,0,0,0,0,0,0,0,,5,4,,0,0,0,0
1602714431971,10,1010123456033,72,,1,2,4,1,2,,13.4,10,0,0.0107309,4,0,12.5,,0.933333,15,0,0.1,6,0,0,10.2657,31,,11,8,,0,0,0,1
1602714432221,10,1010123456033,72,,1,2,4,1,2,,3.6,10,251,0,0,0,8.4,,0,0,0,0,0,0,0,0,0,,20,18,,0,0,0,0
1602714432471,10,1010123456033,72,,1,2,4,1,2,,3.76642,137,0,0.0363695,52,0,11.75,,0,0,0,0,0,0,0,0,0,,185,180,,0,0,0,0
1602714432721,10,1010123456033,72,,1,2,4,1,2,,1.65517,87,0,0.0262811,42,0,7.75,,1.26316,19,0,0.1,7,0,0,7.5998,31,,144,138,,0,0,0,1.47368
1602714432971,10,1010123456033,72,,1,2,4,1,2,,7.73529,34,0,0.0222329,14,0,10,,0,0,0,0,0,0,0,0,0,,69,64,,0,0,0,0
1602714433222,10,1010123456033,72,,1,2,4,1,2,,18.0714,14,0,0.015872,5,0,10.5,,0,0,0,0,0,0,0,0,0,,89,42,,0,0,0,0
1602714433471,10,1010123456033,72,,1,2,4,1,2,,17.6,5,0,0.00536546,2,0,10.6,,0,0,0,0,0,0,0,0,0,,4,4,,0,0,0,0
1602714433721,10,1010123456033,72,,1,2,4,1,2,,12.9194,62,0,0.048996,26,0,12.2,,14,9,0,0,4,100,0,1.06036,0,,63,58,,0,0,0,10
1602714433971,10,1010123456033,72,,1,2,4,1,2,,12,5,0,0.00533333,2,0,13.25,,0,0,0,0,0,0,0,0,0,,5,4,,0,0,0,0
1602714434222,10,1010123456033,72,,1,2,4,1,2,,0,0,0,0,0,0,7.5,,0,0,0,0,0,0,0,0,0,,0,0,,0,0,0,0
1602714434472,10,1010123456033,72,,1,2,4,1,2,,17.6,5,0,0.005344,2,0,14,,0,0,0,0,0,0,0,0,0,,6,4,,0,0,0,0
1602714434721,10,1010123456033,72,,1,2,4,1,2,,14.1538,13,0,0.0107952,5,0,11.6667,,0.1,32,0,0.1,13,7.69231,0,6.40894,31,,9,10,,0,0,0,1.84375
1602714434971,10,1010123456033,72,,1,2,4,1,2,,0,4,0,0.0053012,2,0,13,,0,0,0,0,0,0,0,0,0,,7,4,,0,0,0,0
1602714435222,10,1010123456033,72,,1,2,4,1,2,,2.69231,39,14,0.00704,14,0,10.5714,,0,0,0,0,0,0,0,0,0,,125,118,,0,0,0,0
1602714435472,10,1010123456033,72,,1,2,4,1,2,,14.6087,23,0,0.02128,8,0,11.4,,0,2,85,0.1,1,0,0,0,31,,26,18,,0,0,0,0
1602714435722,10,1010123456033,72,,1,2,4,1,2,,0.1,58,158,0.013408,25,0,7,,0.1,26,0,0.1,11,0,0,6.09127,0,,110,112,,0,0,0,1.69231
1602714435971,10,1010123456033,72,,1,2,4,1,2,,16.95,20,0,0.0212369,8,0,10.25,,0,0,0,0,0,0,0,0,0,,43,38,,0,0,0,0
1602714436221,10,1010123456033,72,,1,2,4,1,2,,8.25,4,0,0.00533333,2,0,12.8571,,0,0,0,0,0,0,0,0,0,,5,4,,0,0,0,0
1602714436471,10,1010123456033,72,,1,2,4,1,2,,19.6,10,0,0.0159036,5,0,13.25,,0,2,12,0.1,1,0,0,0,31,,9,10,,0,0,0,0
1602714436721,10,1010123456033,72,,1,2,4,1,2,,3,10,0,0.00559036,4,0,9.8,,5.47826,23,0,0.1,10,30,0,7.64487,0,,46,46,,0,0,0,3.34783
1602714436971,10,1010123456033,72,,1,2,4,1,2,,16,5,0,0.00536546,2,0,11,,0,0,0,0,0,0,0,0,0,,9,6,,0,0,0,0
1602714437221,10,1010123456033,72,,1,2,4,1,2,,8.70968,31,0,0.016739,12,0,11,,0,0,0,0,0,0,0,0,0,,48,40,,0,0,0,0
1602714437471,10,1010123456033,72,,1,2,4,1,2,,0,0,0,0,0,0,10.25,,0,0,0,0,0,0,0,0,0,,0,0,,0,0,0,0
1602714437721,10,1010123456033,72,,1,2,4,1,2,,0.9,40,53,0.00764659,8,0,6.66667,,2.07692,13,0,0.1,5,0,0,6.53525,31,,70,68,,0,0,0,1.69231
1602714437971,10,1010123456033,72,,1,2,4,1,2,,5.51724,29,0,0.0163213,20,0,10.5,,0,0,0,0,0,0,0,0,0,,48,44,,0,0,0,0
1602714438221,10,1010123456033,72,,1,2,4,1,2,,20.25,8,0,0.010506,3,0,11.5,,0,0,0,0,0,0,0,0,0,,9,6,,0,0,0,0
1602714438471,10,1010123456033,72,,1,2,4,1,2,,17.6,5,158,0.00536546,2,0,6,,0,0,0,0,0,0,0,0,0,,58,54,,0,0,0,0
1602714438721,10,1010123456033,72,,1,2,4,1,2,,17.6667,12,0,0.0159036,5,0,11.3333,,0.1,20,0,0.1,8,0,0,8.08202,31,,63,58,,0,0,0,1
1602714438971,10,1010123456033,72,,1,2,4,1,2,,15.1667,12,0,0.0107309,5,0,13,,0,0,0,0,0,0,0,0,0,,9,10,,0,0,0,0
1602714439221,10,1010123456033,72,,1,2,4,1,2,,11.1429,7,0,0.00549398,3,0,5.33333,,0,0,0,0,0,0,0,0,0,,9,8,,0,0,0,0
1602714439471,10,1010123456033,72,,1,2,4,1,2,,5.49412,85,0,0.0452691,35,0,13.5,,0,0,0,0,0,0,0,0,0,,140,130,,0,0,0,0
1602714439721,10,1010123456033,72,,1,2,4,1,2,,14.381,21,0,0.0213333,8,0,12.6667,,1.46154,39,0,0.1,15,6.66667,0,5.06013,31,,24,18,,0,0,0,1.76923
1602714439971,10,1010123456033,72,,1,2,4,1,2,,16.4211,19,0,0.0214297,8,0,12.75,,0,0,0,0,0,0,0,0,0,,22,16,,0,0,0,0
1602714440221,10,1010123456033,72,,1,2,4,1,2,,5.84211,57,0,0.0284337,23,0,9.33333,,0,0,0,0,0,0,0,0,0,,87,82,,0,0,0,0
1602714440471,10,1010123456033,72,,1,2,4,1,2,,13.7143,7,158,0.010506,3,0,9.66667,,0,0,0,0,0,0,0,0,0,,12,10,,0,0,0,0
1602714440721,10,1010123456033,72,,1,2,4,1,2,,4.05357,56,0,0.0232289,23,0,7.75,,0.96,25,0,0.1,10,0,0,7.48086,31,,99,96,,0,0,0,1.56
1602714440971,10,1010123456033,72,,1,2,4,1,2,,15.5,10,158,0.0107309,4,0,9,,0,0,0,0,0,0,0,0,0,,11,8,,0,0,0,0
1602714441222,10,1010123456033,72,,1,2,4,1,2,,11.0714,14,0,0.010976,6,0,11.3333,,0,0,0,0,0,0,0,0,0,,18,16,,0,0,0,0
1602714441471,10,1010123456033,72,,1,2,4,1,2,,0,0,0,0,0,0,13,,0,0,0,0,0,0,0,0,0,,0,0,,0,0,0,0
1602714441722,10,1010123456033,72,,1,2,4,1,2,,13.6,5,0,0.005568,2,0,11.3333,,1.05556,18,0,0.1,7,0,0,5.52021,31,,9,6,,0,0,0,1
1602714441972,10,1010123456033,72,,1,2,4,1,2,,17,16,0,0.015904,6,0,13,,0,0,0,0,0,0,0,0,0,,13,12,,0,0,0,0
1602714442221,10,1010123456033,72,,1,2,4,1,2,,16.8889,9,0,0.0106024,4,0,12.8571,,0,0,0,0,0,0,0,0,0,,10,8,,0,0,0,0
1602714442471,10,1010123456033,72,,1,2,4,1,2,,15.1176,34,0,0.0320321,12,0,13.5,,0,0,0,0,0,0,0,0,0,,40,28,,0,0,0,0
1602714442721,10,1010123456033,72,,1,2,4,1,2,,1.41935,62,0,0.0187952,27,0,7.2,,1.18182,11,0,0.1,5,0,0,6.13953,31,,149,140,,0,0,0,1
1602714442971,10,1010123456033,72,,1,2,4,1,2,,16.4333,30,0,0.0267309,10,0,12,,0,0,0,0,0,0,0,0,0,,34,26,,0,0,0,0
1602714443221,10,1010123456033,72,,1,2,4,1,2,,14.4,5,0,0.0106024,4,0,11.25,,0,0,0,0,0,0,0,0,0,,6,4,,0,0,0,0
1602714443471,10,1010123456033,72,,1,2,4,1,2,,16,10,158,0.0106667,4,0,1,,0,0,0,0,0,0,0,0,0,,10,10,,0,0,0,0
1602714443721,10,1010123456033,72,,1,2,4,1,2,,0.4,70,0,0.0139116,29,0,13.5,,5.11111,36,0,0.1,14,21.4286,0,6.88261,31,,253,238,,0,0,0,3.41667
1602714443971,10,1010123456033,72,,1,2,4,1,2,,0,0,0,0,0,0,9.66667,,0,0,0,0,0,0,0,0,0,,0,0,,0,0,0,0
1602714444221,10,1010123456033,72,,1,2,4,1,2,,18.125,8,0,0.0107309,4,0,13,,0,0,0,0,0,0,0,0,0,,8,8,,0,0,0,0
1602714444471,10,1010123456033,72,,1,2,4,1,2,,15.5,6,0,0.00536546,2,0,13.2,,0,0,0,0,0,0,0,0,0,,3,4,,0,0,0,0
1602714444721,10,1010123456033,72,,1,2,4,1,2,,2.98077,52,39,0.0139116,13,0,6,,0.1,17,0,0.1,7,0,0,10.2663,31,,81,80,,0,0,0,1
1602714444971,10,1010123456033,72,,1,2,4,1,2,,0.27957,93,0,0.0195341,46,0,7.5,,0,0,0,0,0,0,0,0,0,,169,168,,0,0,0,0
1602714445221,10,1010123456033,72,,1,2,4,1,2,,17.6,5,0,0.00536546,2,0,11.3333,,0,0,0,0,0,0,0,0,0,,5,4,,0,0,0,0
1602714445471,10,1010123456033,72,,1,2,4,1,2,,10.9048,21,0,0.0162892,8,0,6,,0,0,0,0,0,0,0,0,0,,31,28,,0,0,0,0
1602714445721,10,1010123456033,72,,1,2,4,1,2,,13.4,5,0,0.00536546,2,0,9,,0.333333,12,0,0.1,6,0,0,4.4672,31,,6,4,,0,0,0,1.16667
1602714445971,10,1010123456033,72,,1,2,4,1,2,,12.8571,35,0,0.0271486,14,0,10.6667,,0,0,0,0,0,0,0,0,0,,30,28,,0,0,0,0
1602714446221,10,1010123456033,72,,1,2,4,1,2,,18.6154,13,0,0.0159036,5,0,11.5,,0,0,0,0,0,0,0,0,0,,14,10,,0,0,0,0
1602714446472,10,1010123456033,72,,1,2,4,1,2,,0,0,0,0,0,0,9,,0,0,0,0,0,0,0,0,0,,0,0,,0,0,0,0
1602714446721,10,1010123456033,72,,1,2,4,1,2,,4.91837,49,67,0.0184418,13,0,8,,5.04,25,0,0.1,11,27.2727,0,8.09782,31,,100,96,,0,0,0,3.72
1602714446971,10,1010123456033,72,,1,2,4,1,2,,0.757009,107,101,0.0151647,41,0,8,,0,0,0,0,0,0,0,0,0,,140,138,,0,0,0,0
1602714447221,10,1010123456033,72,,1,2,4,1,2,,12.4,15,0,0.0104739,12,0,11.8571,,0,0,0,0,0,0,0,0,0,,15,14,,0,0,0,0
1602714447471,10,1010123456033,72,,1,2,4,1,2,,0.1,118,0,0.0215904,48,0,5.33333,,0,0,0,0,0,0,0,0,0,,211,208,,0,0,0,0
1602714447722,10,1010123456033,72,,1,2,4,1,2,,0.1,55,0,0.008096,23,0,9.25,,5.69231,26,0,0.1,10,40,0,6.16309,31,,149,148,,0,0,0,5.15385
1602714447972,10,1010123456033,72,,1,2,4,1,2,,7.1,20,30,0.011104,8,0,10,,0,0,0,0,0,0,0,0,0,,36,30,,0,0,0,0
1602714448222,10,1010123456033,72,,1,2,4,1,2,,14.4,5,0,0.00528,2,0,10.5,,0,0,0,0,0,0,0,0,0,,2,2,,0,0,0,0
1602714448472,10,1010123456033,72,,1,2,4,1,2,,0,0,0,0,0,0,7.5,,0,0,0,0,0,0,0,0,0,,0,0,,0,0,0,0
1602714448722,10,1010123456033,72,,1,2,4,1,2,,6.36232,69,0,0.028992,27,0,8.5,,3.09091,11,0,0.1,5,0,0,15.0428,31,,100,102,,0,0,0,1
1602714448971,10,1010123456033,72,,1,2,4,1,2,,18.2,5,0,0.00533333,2,0,9,,0,0,0,0,0,0,0,0,0,,6,4,,0,0,0,0
1602714449221,10,1010123456033,72,,1,2,4,1,2,,6.82609,23,0,0.0113735,10,0,11.3333,,0,0,0,0,0,0,0,0,0,,30,28,,0,0,0,0
1602714449471,10,1010123456033,72,,1,2,4,1,2,,13.0588,17,0,0.0160321,7,0,13,,15,3,0,0,1,100,0,5.45386,0,,18,16,,0,0,0,10
1602714449721,10,1010123456033,72,,1,2,4,1,2,,13,6,0,0.00542972,3,0,8.5,,15,9,0,0,3,100,0,4.25396,0,,5,6,,0,0,0,10
1602714449971,10,1010123456033,72,,1,2,4,1,2,,1.11258,151,0,0.0331888,60,0,7.75,,0,0,0,0,0,0,0,0,0,,254,252,,0,0,0,0
1602714450221,10,1010123456033,72,,1,2,4,1,2,,15.75,8,0,0.0104739,3,0,13.3333,,0,0,0,0,0,0,0,0,0,,12,8,,0,0,0,0
1602714450471,10,1010123456033,72,,1,2,4,1,2,,14.5,6,158,0.00533333,2,0,9.33333,,0,0,0,0,0,0,0,0,0,,36,34,,0,0,0,0
1602714450721,10,1010123456033,72,,1,2,4,1,2,,0.983607,61,0,0.0134618,25,0,13.6667,,0.1,24,0,0.1,9,0,0,5.16977,31,,196,194,,0,0,0,1
1602714450971,10,1010123456033,72,,1,2,4,1,2,,14.5,10,0,0.0106667,4,0,9.25,,0,0,0,0,0,0,0,0,0,,7,8,,0,0,0,0
1602714451221,10,1010123456033,72,,1,2,4,1,2,,16.3913,23,0,0.0265382,9,0,13,,0,0,0,0,0,0,0,0,0,,23,18,,0,0,0,0
1602714451471,10,1010123456033,72,,1,2,4,1,2,,17.1429,14,0,0.0159679,6,0,13,,0,0,0,0,0,0,0,0,0,,16,14,,0,0,0,0
1602714451721,10,1010123456033,72,,1,2,4,1,2,,15.5,10,0,0.0107309,4,0,5,,1,12,0,0.1,5,0,0,6.15119,31,,9,8,,0,0,0,1
1602714451971,10,1010123456033,72,,1,2,4,1,2,,18.5,12,0,0.0158394,5,0,10,,0,0,0,0,0,0,0,0,0,,18,12,,0,0,0,0
1602714452221,10,1010123456033,72,,1,2,4,1,2,,13.1111,9,0,0.0106667,4,0,12,,0,0,0,0,0,0,0,0,0,,8,8,,0,0,0,0
1602714452471,10,1010123456033,72,,1,2,4,1,2,,14.8,15,0,0.0160964,6,0,7.5,,0,2,200,0.1,1,0,0,0,31,,15,12,,0,0,0,0
1602714452721,10,1010123456033,72,,1,2,4,1,2,,17,10,0,0.0106667,4,0,13.25,,1.56,25,0,0.1,10,0,0,7.91332,0,,22,8,,0,0,0,1.52
1602714452971,10,1010123456033,72,,1,2,4,1,2,,14.4,5,0,0.0053012,2,0,7.33333,,0,0,0,0,0,0,0,0,0,,4,4,,0,0,0,0
1602714453221,10,1010123456033,72,,1,2,4,1,2,,15.7353,34,0,0.0374297,14,0,13,,0,0,0,0,0,0,0,0,0,,33,28,,0,0,0,0
1602714453471,10,1010123456033,72,,1,2,4,1,2,,15.0625,16,0,0.0160643,6,0,11.6667,,0,0,0,0,0,0,0,0,0,,13,12,,0,0,0,0
1602714453721,10,1010123456033,72,,1,2,4,1,2,,0,4,0,0.00533333,2,0,13,,1.8,15,0,0.1,6,0,0,4.51395,31,,5,4,,0,0,0,1.2
1602714453972,10,1010123456033,72,,1,2,4,1,2,,17.6,5,0,0.005344,2,0,13.5,,0,0,0,0,0,0,0,0,0,,5,4,,0,0,0,0
1602714454221,10,1010123456033,72,,1,2,4,1,2,,17,5,0,0.00533333,2,0,9.8,,0,0,0,0,0,0,0,0,0,,4,4,,0,0,0,0
1602714454471,10,1010123456033,72,,1,2,4,1,2,,13.6,25,0,0.0215904,10,0,10.3333,,0,0,0,0,0,0,0,0,0,,27,24,,0,0,0,0
1602714454722,10,1010123456033,72,,1,2,4,1,2,,21.4286,7,0,0.010528,3,0,11.25,,1.55556,9,1277,0.1,4,0,0,4.68044,31,,10,6,,0,0,0,1
1602714454972,10,1010123456033,72,,1,2,4,1,2,,0.911765,34,0,0.006784,14,0,9.5,,0.1,13,0,0.1,5,0,0,5.09502,0,,51,50,,0,0,0,1.23077
1602714455222,10,1010123456033,72,,1,2,4,1,2,,17.1,20,0,0.021248,8,0,13.2,,0,0,0,0,0,0,0,0,0,,17,16,,0,0,0,0
1602714455471,10,1010123456033,72,,1,2,4,1,2,,18.2,5,0,0.00533333,2,0,8.5,,0,0,0,0,0,0,0,0,0,,5,4,,0,0,0,0
1602714455721,10,1010123456033,72,,1,2,4,1,2,,0,0,0,0,0,0,11,,0,0,0,0,0,0,0,0,0,,0,0,,0,0,0,0
1602714455971,10,1010123456033,72,,1,2,4,1,2,,16.6471,34,0,0.0374297,14,0,13,,10.75,8,0,0.1,3,33.3333,0,8.93028,31,,38,32,,0,0,0,6.25
1602714456221,10,1010123456033,72,,1,2,4,1,2,,1.14286,63,0,0.0134297,25,0,9.28572,,0,0,0,0,0,0,0,0,0,,103,100,,0,0,0,0
1602714456471,10,1010123456033,72,,1,2,4,1,2,,13.6111,18,0,0.0161606,7,0,11.6667,,0.1,3,0,0.1,1,0,0,6.24613,31,,22,16,,0,0,0,1
1602714456721,10,1010123456033,72,,1,2,4,1,2,,17.8,10,0,0.0106667,4,0,12.75,,1.84615,13,0,0.1,5,0,0,6.11274,0,,10,8,,0,0,0,1
1602714456971,10,1010123456033,72,,1,2,4,1,2,,1,80,74,0.0136225,26,0,3,,0,0,0,0,0,0,0,0,0,,138,132,,0,0,0,0
1602714457221,10,1010123456033,72,,1,2,4,1,2,,6.12069,58,0,0.0303936,22,0,9.33333,,0,0,0,0,0,0,0,0,0,,93,84,,0,0,0,0
1602714457471,10,1010123456033,72,,1,2,4,1,2,,12,5,0,0.00938153,9,0,12.2,,0,0,0,0,0,0,0,0,0,,5,4,,0,0,0,0
1602714457721,10,1010123456033,72,,1,2,4,1,2,,13.4,10,0,0.0107309,4,0,12,,0.72,25,0,0.1,10,0,0,5.04619,31,,7,8,,0,0,0,1.24
1602714457971,10,1010123456033,72,,1,2,4,1,2,,15.5,10,0,0.0106667,4,0,13.3333,,0,0,0,0,0,0,0,0,0,,12,8,,0,0,0,0
1602714458221,10,1010123456033,72,,1,2,4,1,2,,15.2727,22,0,0.021012,8,0,11.3333,,0,0,0,0,0,0,0,0,0,,24,18,,0,0,0,0
1602714458471,10,1010123456033,72,,1,2,4,1,2,,17.2,10,0,0.0112771,5,0,5.33333,,0,0,0,0,0,0,0,0,0,,10,8,,0,0,0,0
1602714458721,10,1010123456033,72,,1,2,4,1,2,,18.3846,13,0,0.0159036,5,0,13.5,,2.8,25,0,0.1,10,0,0,7.00679,31,,103,108,,0,0,0,1.24
1602714458971,10,1010123456033,72,,1,2,4,1,2,,9.69231,39,0,0.027502,16,0,9,,0,0,0,0,0,0,0,0,0,,56,52,,0,0,0,0
1602714459221,10,1010123456033,72,,1,2,4,1,2,,0,0,0,0,0,0,10.5,,0,0,0,0,0,0,0,0,0,,0,0,,0,0,0,0
1602714459471,10,1010123456033,72,,1,2,4,1,2,,15.5,10,158,0.0107309,4,0,7.5,,0.1,3,0,0.1,1,0,0,13.6622,31,,25,22,,0,0,0,1
1602714459721,10,1010123456033,72,,1,2,4,1,2,,6,24,0,0.0164177,10,0,9.5,,3.2,15,0,0.1,5,20,0,9.83662,0,,88,88,,0,0,0,3.2
1602714459972,10,1010123456033,72,,1,2,4,1,2,,13.3824,34,0,0.026784,13,0,11.3333,,0,0,0,0,0,0,0,0,0,,44,36,,0,0,0,0
1602714460221,10,1010123456033,72,,1,2,4,1,2,,8.21429,14,0,0.010988,6,0,6.25,,0,0,0,0,0,0,0,0,0,,11,10,,0,0,0,0
1602714460471,10,1010123456033,72,,1,2,4,1,2,,0.1,142,385,0.0180241,51,0,7.66667,,0,0,0,0,0,0,0,0,0,,343,334,,0,0,0,0
1602714460721,10,1010123456033,72,,1,2,4,1,2,,0.766667,60,0,0.018249,30,0,8.33333,,0.1,18,0,0.1,7,0,0,10.1341,31,,92,92,,0,0,0,1
1602714460972,10,1010123456033,72,,1,2,4,1,2,,0,0,0,0,0,0,13,,0,0,0,0,0,0,0,0,0,,0,0,,0,0,0,0
1602714461222,10,1010123456033,72,,1,2,4,1,2,,17.8,5,0,0.005408,2,0,10,,0,0,0,0,0,0,0,0,0,,5,4,,0,0,0,0
1602714461471,10,1010123456033,72,,1,2,4,1,2,,15.6667,9,0,0.0106988,4,0,10.5,,0,2,27,0.1,1,0,0,0,31,,6,8,,0,0,0,0
1602714461721,10,1010123456033,72,,1,2,4,1,2,,13.9,10,0,0.0106667,4,0,9.4,,2.2,15,0,0.1,6,0,0,10.8613,0,,10,8,,0,0,0,1.26667
1602714461971,10,1010123456033,72,,1,2,4,1,2,,14.5,16,0,0.016,6,0,13.5,,0,0,0,0,0,0,0,0,0,,16,12,,0,0,0,0
1602714462221,10,1010123456033,72,,1,2,4,1,2,,9.77778,36,0,0.0169317,14,0,11.25,,0,0,0,0,0,0,0,0,0,,33,28,,0,0,0,0
1602714462471,10,1010123456033,72,,1,2,4,1,2,,17.3077,13,0,0.0166747,5,0,13.75,,0,2,200,0.1,1,0,0,0,31,,17,12,,0,0,0,0
1602714462721,10,1010123456033,72,,1,2,4,1,2,,17.7143,7,0,0.0105382,3,0,8.2,,0.590909,22,0,0.1,9,0,0,4.27419,0,,12,8,,0,0,0,1.54545
1602714462971,10,1010123456033,72,,1,2,4,1,2,,11.5238,21,0,0.0164177,8,0,10.5,,0,0,0,0,0,0,0,0,0,,25,20,,0,0,0,0
1602714463221,10,1010123456033,72,,1,2,4,1,2,,16.65,20,0,0.0214618,8,0,9.5,,0,0,0,0,0,0,0,0,0,,20,16,,0,0,0,0
1602714463471,10,1010123456033,72,,1,2,4,1,2,,11.25,8,0,0.00546185,3,0,8.33333,,0,0,0,0,0,0,0,0,0,,9,8,,0,0,0,0
1602714463721,10,1010123456033,72,,1,2,4,1,2,,12.7,10,0,0.0106988,4,0,13.5,,0.1,24,0,0.1,9,0,0,4.24858,31,,11,8,,0,0,0,1.08333
1602714463971,10,1010123456033,72,,1,2,4,1,2,,16,10,0,0.0106024,4,0,13,,0,0,0,0,0,0,0,0,0,,11,8,,0,0,0,0
1602714464221,10,1010123456033,72,,1,2,4,1,2,,15.0588,17,0,0.0160321,6,0,10.5,,0,0,0,0,0,0,0,0,0,,14,12,,0,0,0,0
1602714464471,10,1010123456033,72,,1,2,4,1,2,,13.1471,34,0,0.0243534,11,0,9.33333,,0,0,0,0,0,0,0,0,0,,26,26,,0,0,0,0
1602714464721,10,1010123456033,72,,1,2,4,1,2,,10.625,16,0,0.0139759,9,0,9,,0.75,28,0,0.1,11,0,0,9.69473,31,,23,20,,0,0,0,1.32143
1602714464971,10,1010123456033,72,,1,2,4,1,2,,12,5,0,0.00533333,2,0,8.33333,,0,0,0,0,0,0,0,0,0,,6,4,,0,0,0,0
1602714465221,10,1010123456033,72,,1,2,4,1,2,,0,4,0,0.00536546,2,0,12.25,,0,0,0,0,0,0,0,0,0,,7,4,,0,0,0,0
1602714465471,10,1010123456033,72,,1,2,4,1,2,,14.3571,14,0,0.0159357,6,0,13,,0,0,0,0,0,0,0,0,0,,21,16,,0,0,0,0
1602714465721,10,1010123456033,72,,1,2,4,1,2,,16.8889,9,0,0.0106024,4,0,13,,0.1,26,0,0.1,10,0,0,3.91086,31,,6,8,,0,0,0,1.30769
1602714465972,10,1010123456033,72,,1,2,4,1,2,,15.8,5,0,0.005312,2,0,13,,0,0,0,0,0,0,0,0,0,,6,4,,0,0,0,0
1602714466221,10,1010123456033,72,,1,2,4,1,2,,16.7273,11,0,0.0106667,4,0,8.6,,0,0,0,0,0,0,0,0,0,,15,8,,0,0,0,0
1602714466471,10,1010123456033,72,,1,2,4,1,2,,11.8,15,0,0.010988,6,0,8,,0,0,0,0,0,0,0,0,0,,16,14,,0,0,0,0
1602714466722,10,1010123456033,72,,1,2,4,1,2,,16.8,10,158,0.01056,4,0,13.5,,5.3913,23,0,0.1,10,10,0,12.3758,31,,15,10,,0,0,0,1.91304
1602714466971,10,1010123456033,72,,1,2,4,1,2,,2.1039,77,0,0.0241928,31,0,7,,0,0,0,0,0,0,0,0,0,,172,166,,0,0,0,0
1602714467221,10,1010123456033,72,,1,2,4,1,2,,22.5,6,0,0.0104739,2,0,10.5,,0,0,0,0,0,0,0,0,0,,9,6,,0,0,0,0
1602714467471,10,1010123456033,72,,1,2,4,1,2,,16,6,0,0.00542972,2,0,13,,0.1,3,0,0.1,1,0,0,5.96583,31,,5,4,,0,0,0,1
1602714467721,10,1010123456033,72,,1,2,4,1,2,,1.34921,63,4,0.0134618,25,0,9.33333,,0.214286,28,0,0.1,11,0,0,6.86765,0,,104,102,,0,0,0,1
1602714467972,10,1010123456033,72,,1,2,4,1,2,,12.8929,28,0,0.026752,12,0,9.5,,0,0,0,0,0,0,0,0,0,,26,26,,0,0,0,0
1602714468221,10,1010123456033,72,,1,2,4,1,2,,14.64,25,0,0.0266988,10,0,13,,0,0,0,0,0,0,0,0,0,,47,20,,0,0,0,0
1602714468471,10,1010123456033,72,,1,2,4,1,2,,13.7778,18,0,0.0161606,7,0,8.66667,,0,0,0,0,0,0,0,0,0,,17,16,,0,0,0,0
1602714468721,10,1010123456033,72,,1,2,4,1,2,,12.7222,18,0,0.0164177,7,0,10.2,,1.07143,28,0,0.1,12,8.33333,0,4.55651,31,,17,16,,0,0,0,1.85714
1602714468971,10,1010123456033,72,,1,2,4,1,2,,15,21,0,0.0214618,8,0,13,,0,0,0,0,0,0,0,0,0,,17,16,,0,0,0,0
1602714469221,10,1010123456033,72,,1,2,4,1,2,,18,5,0,0.00533333,2,0,7,,0,0,0,0,0,0,0,0,0,,6,4,,0,0,0,0
1602714469471,10,1010123456033,72,,1,2,4,1,2,,8.71053,38,0,0.0222651,15,0,11,,0,0,0,0,0,0,0,0,0,,44,40,,0,0,0,0
1602714469721,10,1010123456033,72,,1,2,4,1,2,,0,0,0,0,0,0,13.5,,0,0,0,0,0,0,0,0,0,,0,0,,0,0,0,0
1602714469971,10,1010123456033,72,,1,2,4,1,2,,0,0,0,0,0,0,10.5,,0,0,0,0,0,0,0,0,0,,0,0,,0,0,0,0
1602714470221,10,1010123456033,72,,1,2,4,1,2,,16.1538,13,0,0.0158715,5,0,10.6667,,3.84,25,0,0.1,10,0,0,9.33392,31,,15,10,,0,0,0,1.24
1602714470471,10,1010123456033,72,,1,2,4,1,2,,18.2,5,0,0.00533333,2,0,9.33333,,0,0,0,0,0,0,0,0,0,,7,4,,0,0,0,0
1602714470721,10,1010123456033,72,,1,2,4,1,2,,3.84444,45,0,0.0177992,18,0,13,,13.2,5,0,0.1,2,0,0,12.6458,31,,75,72,,0,0,0,2.2
1602714470971,10,1010123456033,72,,1,2,4,1,2,,0,0,158,0,0,0,13.5,,0,0,0,0,0,0,0,0,0,,3,0,,0,0,0,0
1602714471221,10,1010123456033,72,,1,2,4,1,2,,14.7273,11,0,0.0106667,4,0,13.5,,0,0,0,0,0,0,0,0,0,,13,8,,0,0,0,0
1602714471471,10,1010123456033,72,,1,2,4,1,2,,16.625,16,0,0.0212048,7,0,13,,0,0,0,0,0,0,0,0,0,,15,14,,0,0,0,0
1602714471721,10,1010123456033,72,,1,2,4,1,2,,15.25,12,0,0.0159036,5,0,10.25,,2.19231,26,0,0.1,10,10,0,9.32274,31,,28,12,,0,0,0,2.11538
1602714471971,10,1010123456033,72,,1,2,4,1,2,,12.8235,17,0,0.0160964,7,0,9,,0,0,0,0,0,0,0,0,0,,27,20,,0,0,0,0
1602714472221,10,1010123456033,72,,1,2,4,1,2,,16.8333,6,0,0.00533333,2,0,12,,0,0,0,0,0,0,0,0,0,,11,8,,0,0,0,0
1602714472471,10,1010123456033,72,,1,2,4,1,2,,16.5,20,0,0.031743,9,0,10.6667,,0,0,0,0,0,0,0,0,0,,25,18,,0,0,0,0
1602714472721,10,1010123456033,72,,1,2,4,1,2,,9.16667,12,0,0.00562249,5,0,9.33333,,1.15789,19,0,0.1,7,0,0,7.18156,31,,10,10,,0,0,0,1
1602714472971,10,1010123456033,72,,1,2,4,1,2,,10.05,20,0,0.0114699,8,0,11.3333,,0,0,0,0,0,0,0,0,0,,21,18,,0,0,0,0
1602714473221,10,1010123456033,72,,1,2,4,1,2,,13.4,5,0,0.00536546,2,0,11.3333,,0,0,0,0,0,0,0,0,0,,6,4,,0,0,0,0
1602714473472,10,1010123456033,72,,1,2,4,1,2,,17.6154,13,0,0.015776,5,0,14,,0.1,3,0,0.1,1,0,0,9.84384,31,,18,14,,0,0,0,1
1602714473721,10,1010123456033,72,,1,2,4,1,2,,0,0,0,0,0,0,11.25,,1.5,16,0,0.1,7,0,0,3.71356,0,,0,0,,0,0,0,1.5
1602714473971,10,1010123456033,72,,1,2,4,1,2,,15.8571,14,0,0.0159679,6,0,12.5,,0,0,0,0,0,0,0,0,0,,16,12,,0,0,0,0
1602714474221,10,1010123456033,72,,1,2,4,1,2,,14.4,5,0,0.0053012,2,0,11.6667,,0,0,0,0,0,0,0,0,0,,4,4,,0,0,0,0
1602714474471,10,1010123456033,72,,1,2,4,1,2,,17.3,10,0,0.0106345,4,0,12.5,,0,0,0,0,0,0,0,0,0,,9,8,,0,0,0,0
1602714474722,10,1010123456033,72,,1,2,4,1,2,,18.4,5,0,0.005312,2,0,14,,0.1,46,0,0.1,18,5.55556,0,6.24694,31,,4,4,,0,0,0,1.3913
1602714474971,10,1010123456033,72,,1,2,4,1,2,,15.1579,19,0,0.0213333,8,0,9.66667,,0,0,0,0,0,0,0,0,0,,19,16,,0,0,0,0
1602714475221,10,1010123456033,72,,1,2,4,1,2,,6.15152,33,0,0.0225542,14,0,13.25,,0,0,0,0,0,0,0,0,0,,83,78,,0,0,0,0
1602714475471,10,1010123456033,72,,1,2,4,1,2,,18.3529,17,0,0.0212369,7,0,13,,0,0,0,0,0,0,0,0,0,,18,14,,0,0,0,0
1602714475721,10,1010123456033,72,,1,2,4,1,2,,14.5625,16,0,0.0163213,7,0,12,,16,10,0,0,4,100,0,6.64917,0,,22,16,,0,0,0,10
1602714475971,10,1010123456033,72,,1,2,4,1,2,,0,0,0,0,0,0,12.8,,0,0,0,0,0,0,0,0,0,,0,0,,0,0,0,0
1602714476221,10,1010123456033,72,,1,2,4,1,2,,15.0588,17,0,0.0160964,7,0,11.8,,0,0,0,0,0,0,0,0,0,,24,26,,0,0,0,0
1602714476471,10,1010123456033,72,,1,2,4,1,2,,12,5,0,0.00533333,2,0,12.6,,0,0,0,0,0,0,0,0,0,,5,4,,0,0,0,0
1602714476721,10,1010123456033,72,,1,2,4,1,2,,0,0,0,0,0,0,10.2,,0,0,0,0,0,0,0,0,0,,0,0,,0,0,0,0
1602714476971,10,1010123456033,72,,1,2,4,1,2,,16.8571,7,0,0.0104739,3,0,10.25,,2.63636,11,0,0.1,4,0,0,8.01585,31,,13,16,,0,0,0,1.54545
1602714477221,10,1010123456033,72,,1,2,4,1,2,,10.05,40,0,0.0224257,16,0,9,,0,0,0,0,0,0,0,0,0,,34,32,,0,0,0,0
1602714477471,10,1010123456033,72,,1,2,4,1,2,,9.5,20,0,0.0111486,8,0,9.5,,0,0,0,0,0,0,0,0,0,,22,18,,0,0,0,0
1602714477721,10,1010123456033,72,,1,2,4,1,2,,14.5,6,0,0.00533333,2,0,12.5,,0.1,15,0,0.1,6,0,0,9.96793,31,,3,4,,0,0,0,1
1602714477971,10,1010123456033,72,,1,2,4,1,2,,18.2,15,0,0.0211727,7,0,7.5,,0,0,0,0,0,0,0,0,0,,71,42,,0,0,0,0
1602714478221,10,1010123456033,72,,1,2,4,1,2,,15,36,0,0.0321285,12,0,12.5,,0,0,0,0,0,0,0,0,0,,39,32,,0,0,0,0
1602714478471,10,1010123456033,72,,1,2,4,1,2,,17,5,0,0.0106667,4,0,12,,0,0,0,0,0,0,0,0,0,,6,4,,0,0,0,0
1602714478721,10,1010123456033,72,,1,2,4,1,2,,14.5714,14,0,0.0161285,6,0,13,,15,12,0,0,4,100,0,4.68545,0,,17,14,,0,0,0,10
1602714478971,10,1010123456033,72,,1,2,4,1,2,,13.4,5,0,0.00536546,2,0,10.6,,0,0,0,0,0,0,0,0,0,,3,4,,0,0,0,0
1602714479221,10,1010123456033,72,,1,2,4,1,2,,17.6,15,0,0.0159036,6,0,9.33333,,0,0,0,0,0,0,0,0,0,,16,12,,0,0,0,0
1602714479471,10,1010123456033,72,,1,2,4,1,2,,2.2381,63,0,0.018506,25,0,13.5,,0,0,0,0,0,0,0,0,0,,108,104,,0,0,0,0
1602714479722,10,1010123456033,72,,1,2,4,1,2,,2.13235,68,0,0.01872,27,0,10.8,,3.17073,41,0,0.1,18,27.7778,0,7.32405,31,,107,104,,0,0,0,3.19512
1602714479972,10,1010123456033,72,,1,2,4,1,2,,18.4,5,169,0.005312,2,0,12.75,,0,0,0,0,0,0,0,0,0,,12,8,,0,0,0,0
1602714480222,10,1010123456033,72,,1,2,4,1,2,,17.15,20,0,0.021216,7,0,9.33333,,0,0,0,0,0,0,0,0,0,,27,14,,0,0,0,0
1602714480472,10,1010123456033,72,,1,2,4,1,2,,17.6,5,0,0.005344,2,0,13.3333,,0,0,0,0,0,0,0,0,0,,12,4,,0,0,0,0
1602714480722,10,1010123456033,72,,1,2,4,1,2,,16,15,0,0.015936,6,0,12.5,,4.92308,26,0,0.1,11,36.3636,0,7.60909,31,,17,12,,0,0,0,3.76923
1602714480971,10,1010123456033,72,,1,2,4,1,2,,9.29412,34,0,0.0167068,12,0,8.5,,0,0,0,0,0,0,0,0,0,,51,44,,0,0,0,0
1602714481222,10,1010123456033,72,,1,2,4,1,2,,1.57353,68,0,0.024192,30,0,10.4,,0,0,0,0,0,0,0,0,0,,135,130,,0,0,0,0
1602714481471,10,1010123456033,72,,1,2,4,1,2,,14.0952,21,0,0.0215261,9,0,12.5,,0,0,0,0,0,0,0,0,0,,57,24,,0,0,0,0
1602714481721,10,1010123456033,72,,1,2,4,1,2,,6.48,25,0,0.011502,10,0,10.75,,0.1,15,0,0.1,6,0,0,4.85501,31,,34,30,,0,0,0,1
1602714481971,10,1010123456033,72,,1,2,4,1,2,,0,0,0,0,0,0,9,,0,0,0,0,0,0,0,0,0,,0,0,,0,0,0,0
1602714482221,10,1010123456033,72,,1,2,4,1,2,,16.9,10,0,0.0106667,4,0,11,,0,0,0,0,0,0,0,0,0,,9,8,,0,0,0,0
1602714482471,10,1010123456033,72,,1,2,4,1,2,,12.3333,27,0,0.0164177,9,0,12,,0,0,0,0,0,0,0,0,0,,45,38,,0,0,0,0
1602714482721,10,1010123456033,72,,1,2,4,1,2,,14.95,20,0,0.0266667,10,0,13,,0.222222,18,0,0.1,8,0,0,6.14475,31,,23,16,,0,0,0,1
1602714482971,10,1010123456033,72,,1,2,4,1,2,,17.5,12,0,0.0106667,4,0,6.5,,0,0,0,0,0,0,0,0,0,,13,10,,0,0,0,0
1602714483221,10,1010123456033,72,,1,2,4,1,2,,1.69512,82,0,0.018506,30,0,6,,0,0,0,0,0,0,0,0,0,,151,146,,0,0,0,0
1602714483471,10,1010123456033,72,,1,2,4,1,2,,0,0,0,0.00106024,3,0,8,,0,0,0,0,0,0,0,0,0,,0,0,,0,0,0,0
1602714483721,10,1010123456033,72,,1,2,4,1,2,,10.8,25,0,0.0164819,10,0,11,,1.52941,17,0,0.1,7,0,0,7.39144,31,,24,24,,0,0,0,1
1602714483971,10,1010123456033,72,,1,2,4,1,2,,15.1,30,0,0.0262169,9,0,13,,0,0,0,0,0,0,0,0,0,,30,28,,0,0,0,0
1602714484221,10,1010123456033,72,,1,2,4,1,2,,17.9167,12,0,0.0218795,8,0,10.5,,0,0,0,0,0,0,0,0,0,,11,10,,0,0,0,0
1602714484471,10,1010123456033,72,,1,2,4,1,2,,12.1429,42,0,0.0378474,18,0,11,,0,0,0,0,0,0,0,0,0,,58,48,,0,0,0,0
1602714484721,10,1010123456033,72,,1,2,4,1,2,,6.5,22,0,0.0113735,9,0,9.5,,6.46154,13,0,0.1,6,0,0,11.1339,31,,39,38,,0,0,0,2.69231
1602714484971,10,1010123456033,72,,1,2,4,1,2,,0,4,0,0.00536546,2,0,0.1,,0,0,0,0,0,0,0,0,0,,6,4,,0,0,0,0
1602714485222,10,1010123456033,72,,1,2,4,1,2,,0,0,0,0,0,0,11.6667,,0,0,0,0,0,0,0,0,0,,0,0,,0,0,0,0
1602714485471,10,1010123456033,72,,1,2,4,1,2,,17.25,12,0,0.0106667,4,0,8.75,,0,0,0,0,0,0,0,0,0,,17,16,,0,0,0,0
1602714485722,10,1010123456033,72,,1,2,4,1,2,,13.5455,33,0,0.037184,14,0,10.25,,1.72414,29,0,0.1,11,0,0,7.03574,31,,26,24,,0,0,0,1
1602714485972,10,1010123456033,72,,1,2,4,1,2,,14.8889,27,0,0.026624,11,0,8,,0,0,0,0,0,0,0,0,0,,31,24,,0,0,0,0
1602714486222,10,1010123456033,72,,1,2,4,1,2,,5.90625,32,0,0.017056,13,0,11,,0,0,0,0,0,0,0,0,0,,63,56,,0,0,0,0
1602714486471,10,1010123456033,72,,1,2,4,1,2,,13.8571,14,0,0.016,6,0,12,,0,0,0,0,0,0,0,0,0,,13,12,,0,0,0,0
1602714486722,10,1010123456033,72,,1,2,4,1,2,,13.4,5,0,0.005344,2,0,7,,6.5,8,16079,0.1,3,0,0,18.0125,31,,5,4,,0,0,0,1.5
1602714486971,10,1010123456033,72,,1,2,4,1,2,,0.1,140,234,0.0173173,49,0,7.5,,3.11111,18,0,0.1,8,0,0,9.81719,0,,384,384,,0,0,0,1
1602714487222,10,1010123456033,72,,1,2,4,1,2,,6.63462,52,0,0.030784,28,0,10.7143,,0,0,0,0,0,0,0,0,0,,102,96,,0,0,0,0
1602714487472,10,1010123456033,72,,1,2,4,1,2,,10.2857,21,0,0.019392,10,0,11,,0,0,0,0,0,0,0,0,0,,22,20,,0,0,0,0
1602714487721,10,1010123456033,72,,1,2,4,1,2,,13.7143,21,0,0.021494,9,0,12.5,,14,11,0,0,4,100,0,1.52347,0,,21,18,,0,0,0,10
1602714487971,10,1010123456033,72,,1,2,4,1,2,,0,8,0,0.0107309,4,0,13,,0,0,0,0,0,0,0,0,0,,8,8,,0,0,0,0
1602714488221,10,1010123456033,72,,1,2,4,1,2,,15.5,18,0,0.0213976,8,0,13,,0,0,0,0,0,0,0,0,0,,21,16,,0,0,0,0
1602714488471,10,1010123456033,72,,1,2,4,1,2,,17.15,20,0,0.0213012,8,0,10.3333,,0,2,87,0.1,1,0,0,0,31,,20,18,,0,0,0,0
1602714488721,10,1010123456033,72,,1,2,4,1,2,,13.4,5,0,0.00536546,2,0,12.4,,1.63636,11,0,0.1,5,0,0,11.111,0,,9,4,,0,0,0,1
1602714488971,10,1010123456033,72,,1,2,4,1,2,,14.3333,9,0,0.0107309,4,0,10,,0,0,0,0,0,0,0,0,0,,9,8,,0,0,0,0
1602714489221,10,1010123456033,72,,1,2,4,1,2,,0,2,0,0.00517269,1,0,7.66667,,0,0,0,0,0,0,0,0,0,,4,4,,0,0,0,0
1602714489471,10,1010123456033,72,,1,2,4,1,2,,7.08,25,0,0.0164819,10,0,8.25,,0,0,0,0,0,0,0,0,0,,37,34,,0,0,0,0
1602714489721,10,1010123456033,72,,1,2,4,1,2,,14.4,10,0,0.0106024,4,0,12,,0.1,15,0,0.1,6,0,0,5.34219,31,,14,8,,0,0,0,1
1602714489971,10,1010123456033,72,,1,2,4,1,2,,15.75,20,0,0.0159679,6,0,13,,0,0,0,0,0,0,0,0,0,,19,16,,0,0,0,0
1602714490221,10,1010123456033,72,,1,2,4,1,2,,0,0,0,0.00536546,2,0,13.25,,2,3,0,0.1,1,0,0,5.70394,31,,0,0,,0,0,0,1
1602714490471,10,1010123456033,72,,1,2,4,1,2,,0,4,0,0.0053012,2,0,5.5,,0,0,0,0,0,0,0,0,0,,6,4,,0,0,0,0
1602714490721,10,1010123456033,72,,1,2,4,1,2,,14.3333,18,0,0.0161606,7,0,11,,0.769231,39,0,0.1,15,26.6667,0,4.83941,31,,17,14,,0,0,0,3.76923
1602714490971,10,1010123456033,72,,1,2,4,1,2,,13.4,5,158,0.00536546,2,0,10,,0,0,0,0,0,0,0,0,0,,5,4,,0,0,0,0
1602714491221,10,1010123456033,72,,1,2,4,1,2,,12.697,33,0,0.0216546,11,0,11.75,,0,0,0,0,0,0,0,0,0,,31,28,,0,0,0,0
1602714491471,10,1010123456033,72,,1,2,4,1,2,,4.47059,17,0,0.0113414,10,0,8,,0,0,0,0,0,0,0,0,0,,23,22,,0,0,0,0
1602714491721,10,1010123456033,72,,1,2,4,1,2,,16,6,0,0.00542972,2,0,12,,1.07692,13,0,0.1,5,0,0,5.88463,31,,3,4,,0,0,0,1
1602714491971,10,1010123456033,72,,1,2,4,1,2,,13.75,28,0,0.0268916,11,0,11.6667,,0,0,0,0,0,0,0,0,0,,32,28,,0,0,0,0
1602714492222,10,1010123456033,72,,1,2,4,1,2,,12.5714,7,0,0.00544,3,0,11.75,,0,0,0,0,0,0,0,0,0,,9,8,,0,0,0,0
1602714492471,10,1010123456033,72,,1,2,4,1,2,,1,146,0,0.0228112,59,0,8,,0,2,0,0.1,1,0,0,0,31,,194,196,,0,0,0,0
1602714492721,10,1010123456033,72,,1,2,4,1,2,,19.6667,12,0,0.0158715,5,0,0.1,,1.04348,23,0,0.1,9,0,0,6.04049,0,,14,12,,0,0,0,1.26087
1602714492971,10,1010123456033,72,,1,2,4,1,2,,17.6,20,0,0.0264418,8,0,11.4,,0,0,0,0,0,0,0,0,0,,23,18,,0,0,0,0
1602714493222,10,1010123456033,72,,1,2,4,1,2,,1.03125,64,0,0.018272,25,0,6.8,,0,0,0,0,0,0,0,0,0,,175,172,,0,0,0,0
1602714493472,10,1010123456033,72,,1,2,4,1,2,,14.4,5,0,0.00528,2,0,13.3333,,0,0,0,0,0,0,0,0,0,,5,4,,0,0,0,0
1602714493722,10,1010123456033,72,,1,2,4,1,2,,0,0,0,0,0,0,13,,0,0,0,0,0,0,0,0,0,,0,0,,0,0,0,0
1602714493971,10,1010123456033,72,,1,2,4,1,2,,15.0909,11,0,0.0106667,4,0,11.3333,,2.54545,11,0,0.1,5,0,0,8.10291,31,,11,8,,0,0,0,1
1602714494221,10,1010123456033,72,,1,2,4,1,2,,14.2353,17,0,0.0160643,7,0,11.25,,0,0,0,0,0,0,0,0,0,,16,16,,0,0,0,0
1602714494471,10,1010123456033,72,,1,2,4,1,2,,17.6,15,0,0.0160321,6,0,13,,0,2,0,0.1,1,0,0,0,31,,16,12,,0,0,0,0
1602714494721,10,1010123456033,72,,1,2,4,1,2,,16.1,20,0,0.0213012,8,0,12.5,,0.1,22,0,0.1,9,0,0,6.79074,0,,22,16,,0,0,0,1
1602714494971,10,1010123456033,72,,1,2,4,1,2,,0.152778,144,144,0.0228755,58,0,5.75,,0,0,0,0,0,0,0,0,0,,290,292,,0,0,0,0
1602714495221,10,1010123456033,72,,1,2,4,1,2,,1.28704,108,0,0.0261847,46,0,13.5,,0,0,0,0,0,0,0,0,0,,270,268,,0,0,0,0
1602714495471,10,1010123456033,72,,1,2,4,1,2,,0,4,0,0.00533333,2,0,11,,0,0,0,0,0,0,0,0,0,,5,4,,0,0,0,0
1602714495721,10,1010123456033,72,,1,2,4,1,2,,4.56818,44,0,0.0174137,17,0,11,,4.33333,30,0,0.1,13,30.7692,0,9.6206,31,,71,56,,0,0,0,3.7
1602714495971,10,1010123456033,72,,1,2,4,1,2,,7.9,10,0,0.00568675,4,0,7.75,,0,0,0,0,0,0,0,0,0,,13,12,,0,0,0,0
1602714496221,10,1010123456033,72,,1,2,4,1,2,,1.98571,70,0,0.0190843,28,0,10.8,,0,0,0,0,0,0,0,0,0,,120,116,,0,0,0,0
1602714496471,10,1010123456033,72,,1,2,4,1,2,,13.3043,23,0,0.0164498,9,0,9,,0.1,3,108,0.1,1,0,0,6.51423,31,,24,18,,0,0,0,1
1602714496721,10,1010123456033,72,,1,2,4,1,2,,13.6154,13,0,0.0108273,5,0,11.5,,1.4,15,0,0.1,6,0,0,5.59116,0,,10,10,,0,0,0,1
1602714496971,10,1010123456033,72,,1,2,4,1,2,,13.4,5,0,0.00536546,2,0,7.25,,0,0,0,0,0,0,0,0,0,,70,72,,0,0,0,0
1602714497221,10,1010123456033,72,,1,2,4,1,2,,13.1786,28,0,0.0216867,11,0,11,,0,0,0,0,0,0,0,0,0,,49,40,,0,0,0,0
1602714497471,10,1010123456033,72,,1,2,4,1,2,,9.70833,24,0,0.0166747,10,0,8.16667,,0,0,0,0,0,0,0,0,0,,40,38,,0,0,0,0
1602714497721,10,1010123456033,72,,1,2,4,1,2,,10.4,10,158,0.00562249,4,0,12.25,,2.28571,14,0,0.1,5,0,0,7.79628,31,,13,12,,0,0,0,1
1602714497971,10,1010123456033,72,,1,2,4,1,2,,20.75,4,0,0.00536546,2,0,9.5,,0,0,0,0,0,0,0,0,0,,4,4,,0,0,0,0
1602714498221,10,1010123456033,72,,1,2,4,1,2,,0,0,0,0,0,0,8.75,,0,0,0,0,0,0,0,0,0,,0,0,,0,0,0,0
1602714498471,10,1010123456033,72,,1,2,4,1,2,,15.5,20,0,0.0214618,8,0,10.75,,0,0,0,0,0,0,0,0,0,,21,16,,0,0,0,0
1602714498721,10,1010123456033,72,,1,2,4,1,2,,7.52174,23,0,0.0113735,9,0,11,,0.952381,21,0,0.1,8,0,0,9.18647,31,,24,24,,0,0,0,1.38095
1602714498971,10,1010123456033,72,,1,2,4,1,2,,14.4615,26,0,0.0266024,10,0,10.6667,,0,0,0,0,0,0,0,0,0,,25,20,,0,0,0,0
1602714499221,10,1010123456033,72,,1,2,4,1,2,,16,10,0,0.0106024,4,0,13,,0,0,0,0,0,0,0,0,0,,9,8,,0,0,0,0
1602714499472,10,1010123456033,72,,1,2,4,1,2,,17.6,5,0,0.00528,2,0,9.5,,0,0,0,0,0,0,0,0,0,,5,4,,0,0,0,0
1602714499722,10,1010123456033,72,,1,2,4,1,2,,15.6667,12,0,0.015808,5,0,13.3333,,0.1,15,0,0.1,6,0,0,5.08361,31,,15,12,,0,0,0,1
1602714499972,10,1010123456033,72,,1,2,4,1,2,,15.9,20,0,0.02128,8,0,8.66667,,0,0,0,0,0,0,0,0,0,,20,16,,0,0,0,0
1602714500222,10,1010123456033,72,,1,2,4,1,2,,17.6,5,0,0.005344,2,0,13.3333,,0,0,0,0,0,0,0,0,0,,3,4,,0,0,0,0
1602714500471,10,1010123456033,72,,1,2,4,1,2,,12.75,8,0,0.00546185,3,0,11,,0,0,0,0,0,0,0,0,0,,8,6,,0,0,0,0
1602714500721,10,1010123456033,72,,1,2,4,1,2,,9.6875,32,0,0.0164498,9,0,7.16667,,3.44828,29,0,0.1,13,15.3846,0,4.29099,31,,43,36,,0,0,0,2.41379
1602714500971,10,1010123456033,72,,1,2,4,1,2,,9.6875,16,0,0.0166104,10,0,9.5,,0,0,0,0,0,0,0,0,0,,19,16,,0,0,0,0
1602714501221,10,1010123456033,72,,1,2,4,1,2,,15.5,10,0,0.0107309,4,0,13,,0,0,0,0,0,0,0,0,0,,12,8,,0,0,0,0
1602714501471,10,1010123456033,72,,1,2,4,1,2,,0,4,0,0.00536546,2,0,11.6667,,0,0,0,0,0,0,0,0,0,,3,4,,0,0,0,0
1602714501721,10,1010123456033,72,,1,2,4,1,2,,0,0,0,0,0,0,9.25,,0,0,0,0,0,0,0,0,0,,0,0,,0,0,0,0
1602714501971,10,1010123456033,72,,1,2,4,1,2,,12.8261,23,0,0.0162892,9,0,9.5,,0.285714,21,0,0.1,9,0,0,4.45807,31,,18,18,,0,0,0,1
1602714502221,10,1010123456033,72,,1,2,4,1,2,,16.7917,24,0,0.0312289,9,0,9.83333,,0,0,0,0,0,0,0,0,0,,29,20,,0,0,0,0
1602714502471,10,1010123456033,72,,1,2,4,1,2,,6.21154,52,0,0.0236466,22,0,8.66667,,0,2,151,0.1,1,0,0,0,31,,150,144,,0,0,0,0
1602714502721,10,1010123456033,72,,1,2,4,1,2,,16,10,0,0.0106667,4,0,13,,1.33333,27,0,0.1,11,0,0,10.6566,0,,10,8,,0,0,0,1
1602714502971,10,1010123456033,72,,1,2,4,1,2,,14.7857,14,0,0.0160321,6,0,13.5,,0,0,0,0,0,0,0,0,0,,13,12,,0,0,0,0
1602714503221,10,1010123456033,72,,1,2,4,1,2,,3.5,12,0,0.000706827,2,0,6.6,,0,0,0,0,0,0,0,0,0,,29,28,,0,0,0,0
1602714503471,10,1010123456033,72,,1,2,4,1,2,,10.2174,23,0,0.016257,12,0,9.25,,0,0,0,0,0,0,0,0,0,,19,18,,0,0,0,0
1602714503721,10,1010123456033,72,,1,2,4,1,2,,2.24658,73,0,0.0134618,25,0,8.75,,1.3,10,0,0.1,4,0,0,7.80031,31,,132,140,,0,0,0,1
1602714503971,10,1010123456033,72,,1,2,4,1,2,,16,11,0,0.0164498,8,0,11.75,,0,0,0,0,0,0,0,0,0,,10,8,,0,0,0,0
1602714504221,10,1010123456033,72,,1,2,4,1,2,,13.4,5,0,0.00536546,2,0,10.4,,0,0,0,0,0,0,0,0,0,,3,4,,0,0,0,0
1602714504471,10,1010123456033,72,,1,2,4,1,2,,16.0667,30,0,0.0320321,12,0,11,,0,2,200,0.1,1,0,0,0,31,,27,26,,0,0,0,0
1602714504721,10,1010123456033,72,,1,2,4,1,2,,1.39884,173,0,0.0394538,69,0,13.5,,5.4,35,0,0.1,13,30.7692,0,7.8487,0,,305,294,,0,0,0,4.4
1602714504972,10,1010123456033,72,,1,2,4,1,2,,18.5,6,0,0.005312,2,0,10.75,,0,0,0,0,0,0,0,0,0,,4,4,,0,0,0,0
1602714505221,10,1010123456033,72,,1,2,4,1,2,,0,2,0,0.00517269,1,0,8.16667,,0,0,0,0,0,0,0,0,0,,4,4,,0,0,0,0
1602714505472,10,1010123456033,72,,1,2,4,1,2,,4.70455,44,0,0.022656,18,0,10.5,,0,0,0,0,0,0,0,0,0,,90,90,,0,0,0,0
1602714505721,10,1010123456033,72,,1,2,4,1,2,,13.5,6,0,0.00536546,2,0,10.25,,0.1,22,0,0.1,8,0,0,8.65262,31,,10,8,,0,0,0,1
1602714505972,10,1010123456033,72,,1,2,4,1,2,,0,0,158,0,0,0,13,,0,0,0,0,0,0,0,0,0,,2,0,,0,0,0,0
1602714506222,10,1010123456033,72,,1,2,4,1,2,,19.2308,13,0,0.015808,5,0,11.1667,,0,0,0,0,0,0,0,0,0,,124,122,,0,0,0,0
1602714506472,10,1010123456033,72,,1,2,4,1,2,,17.6,10,0,0.010688,4,0,9.2,,0,2,0,0,1,100,0,0,0,,70,72,,0,0,0,0
1602714506722,10,1010123456033,72,,1,2,4,1,2,,13.7059,17,0,0.01072,5,0,10.2,,2.4,15,0,0.1,7,14.2857,0,4.47308,31,,18,14,,0,0,0,2.6
1602714506971,10,1010123456033,72,,1,2,4,1,2,,16.7273,11,0,0.0160643,6,0,10.5,,0,0,0,0,0,0,0,0,0,,8,8,,0,0,0,0
1602714507221,10,1010123456033,72,,1,2,4,1,2,,18.2857,7,0,0.0106024,3,0,11.3333,,0,0,0,0,0,0,0,0,0,,9,6,,0,0,0,0
1602714507471,10,1010123456033,72,,1,2,4,1,2,,16.0526,19,0,0.0213976,8,0,13,,0,0,0,0,0,0,0,0,0,,21,16,,0,0,0,0
1602714507721,10,1010123456033,72,,1,2,4,1,2,,17.6,5,158,0.0053012,2,0,10.25,,2.4,25,0,0.1,10,0,0,7.65791,31,,51,44,,0,0,0,1.2
1602714507971,10,1010123456033,72,,1,2,4,1,2,,11.5385,26,0,0.0216225,10,0,11.25,,0,0,0,0,0,0,0,0,0,,53,48,,0,0,0,0
1602714508221,10,1010123456033,72,,1,2,4,1,2,,0,0,0,0,0,0,8,,0,0,0,0,0,0,0,0,0,,0,0,,0,0,0,0
1602714508471,10,1010123456033,72,,1,2,4,1,2,,7.7,20,0,0.0114378,8,0,6,,0,0,0,0,0,0,0,0,0,,28,26,,0,0,0,0
1602714508721,10,1010123456033,72,,1,2,4,1,2,,3.45614,57,0,0.0132048,23,0,8,,11.5932,59,0,0.1,25,72,0,7.18738,31,,51,46,,0,0,0,7.1017
1602714508971,10,1010123456033,72,,1,2,4,1,2,,15.5,10,0,0.0106667,4,0,13,,0,0,0,0,0,0,0,0,0,,11,8,,0,0,0,0
1602714509221,10,1010123456033,72,,1,2,4,1,2,,2.49057,53,0,0.0182169,22,0,10.8,,0,0,0,0,0,0,0,0,0,,124,120,,0,0,0,0
1602714509471,10,1010123456033,72,,1,2,4,1,2,,2.11111,63,0,0.0184418,25,0,10,,0,0,0,0,0,0,0,0,0,,104,100,,0,0,0,0
1602714509721,10,1010123456033,72,,1,2,4,1,2,,0,0,0,0,0,0,6.25,,0.1,23,0,0.1,10,0,0,5.20243,31,,0,0,,0,0,0,1.04348
1602714509971,10,1010123456033,72,,1,2,4,1,2,,10.122,41,0,0.027759,17,0,11,,0,0,0,0,0,0,0,0,0,,39,40,,0,0,0,0
1602714510221,10,1010123456033,72,,1,2,4,1,2,,17.6,10,0,0.0107309,4,0,13,,0,0,0,0,0,0,0,0,0,,10,8,,0,0,0,0
1602714510471,10,1010123456033,72,,1,2,4,1,2,,4.02564,39,0,0.0173494,16,0,10,,0,0,0,0,0,0,0,0,0,,63,56,,0,0,0,0
1602714510721,10,1010123456033,72,,1,2,4,1,2,,17.9,10,0,0.0106988,4,0,11.8,,3.11111,27,0,0.1,12,33.3333,0,7.5638,31,,6,8,,0,0,0,3.33333
1602714510971,10,1010123456033,72,,1,2,4,1,2,,13.4,5,0,0.00536546,2,0,11.3333,,0,0,0,0,0,0,0,0,0,,6,4,,0,0,0,0
1602714511221,10,1010123456033,72,,1,2,4,1,2,,10.8667,15,0,0.0108916,6,0,10.4,,0,0,0,0,0,0,0,0,0,,18,16,,0,0,0,0
1602714511471,10,1010123456033,72,,1,2,4,1,2,,17.6,5,0,0.00536546,2,0,13.25,,0.1,3,38,0.1,1,0,0,4.87824,31,,4,4,,0,0,0,1
1602714511721,10,1010123456033,72,,1,2,4,1,2,,14.8,10,0,0.0106345,4,0,14,,5.41935,31,0,0.1,12,25,0,6.96676,0,,11,8,,0,0,0,4.3871
1602714511971,10,1010123456033,72,,1,2,4,1,2,,16.5625,32,0,0.0373976,13,0,9.8,,0,0,0,0,0,0,0,0,0,,40,30,,0,0,0,0
1602714512221,10,1010123456033,72,,1,2,4,1,2,,15.5,6,0,0.00536546,2,0,13,,0,0,0,0,0,0,0,0,0,,6,4,,0,0,0,0
1602714512472,10,1010123456033,72,,1,2,4,1,2,,14.9355,31,0,0.026912,12,0,11,,2,3,0,0.1,1,0,0,4.60998,31,,21,24,,0,0,0,1
1602714512722,10,1010123456033,72,,1,2,4,1,2,,12.95,20,0,0.016256,8,0,12,,0.1,17,0,0.1,7,0,0,5.63116,0,,19,18,,0,0,0,1
1602714512972,10,1010123456033,72,,1,2,4,1,2,,16.2222,9,0,0.010656,4,0,9.33333,,0,0,0,0,0,0,0,0,0,,13,12,,0,0,0,0
1602714513222,10,1010123456033,72,,1,2,4,1,2,,0,0,0,0,0,0,8.5,,0,0,0,0,0,0,0,0,0,,0,0,,0,0,0,0
1602714513471,10,1010123456033,72,,1,2,4,1,2,,13.3913,23,0,0.0214297,9,0,11.5,,0,0,0,0,0,0,0,0,0,,28,24,,0,0,0,0
1602714513721,10,1010123456033,72,,1,2,4,1,2,,13.24,25,158,0.0266024,10,0,10.2,,0.210526,19,0,0.1,8,0,0,4.23274,31,,30,24,,0,0,0,1.15789
1602714513971,10,1010123456033,72,,1,2,4,1,2,,1.84932,73,0,0.0246104,30,0,10,,0,0,0,0,0,0,0,0,0,,140,138,,0,0,0,0
1602714514221,10,1010123456033,72,,1,2,4,1,2,,19.5714,7,0,0.0107631,3,0,8.2,,0,0,0,0,0,0,0,0,0,,12,8,,0,0,0,0
1602714514471,10,1010123456033,72,,1,2,4,1,2,,1.49153,59,0,0.0182169,23,0,7.5,,0,0,0,0,0,0,0,0,0,,139,132,,0,0,0,0
1602714514721,10,1010123456033,72,,1,2,4,1,2,,14.5455,11,0,0.0107309,4,0,12.75,,6.13208,53,0,0.1,21,38.0952,0,5.71176,31,,8,8,,0,0,0,4.56604
1602714514971,10,1010123456033,72,,1,2,4,1,2,,0.1,57,0,0.00812851,23,0,8.8,,0,0,0,0,0,0,0,0,0,,105,106,,0,0,0,0
1602714515221,10,1010123456033,72,,1,2,4,1,2,,2.8022,91,0,0.0302008,37,0,10.25,,0,0,0,0,0,0,0,0,0,,241,234,,0,0,0,0
1602714515471,10,1010123456033,72,,1,2,4,1,2,,17.2941,17,0,0.016,6,0,12,,0,0,0,0,0,0,0,0,0,,14,12,,0,0,0,0
1602714515721,10,1010123456033,72,,1,2,4,1,2,,16.8,5,0,0.00533333,2,0,10.8,,9,11,0,0.1,4,0,0,17.0282,31,,5,4,,0,0,0,1.18182
1602714515971,10,1010123456033,72,,1,2,4,1,2,,10.4286,7,0,0,0,0,8.75,,0,0,0,0,0,0,0,0,0,,9,8,,0,0,0,0
1602714516221,10,1010123456033,72,,1,2,4,1,2,,7.28571,21,130,0.0160964,7,0,7.5,,0,0,0,0,0,0,0,0,0,,36,40,,0,0,0,0
1602714516471,10,1010123456033,72,,1,2,4,1,2,,3.27273,66,0,0.019245,30,0,5.5,,0,0,0,0,0,0,0,0,0,,120,102,,0,0,0,0
1602714516721,10,1010123456033,72,,1,2,4,1,2,,5,27,0,0.0114699,11,0,9.66667,,12,5,0,0.1,2,0,0,10.2738,31,,44,44,,0,0,0,3.4
1602714516971,10,1010123456033,72,,1,2,4,1,2,,15.5,22,0,0.0214618,8,0,13,,0,0,0,0,0,0,0,0,0,,15,16,,0,0,0,0
1602714517221,10,1010123456033,72,,1,2,4,1,2,,13.4,5,0,0.00536546,2,0,13.6667,,0,0,0,0,0,0,0,0,0,,5,4,,0,0,0,0
1602714517471,10,1010123456033,72,,1,2,4,1,2,,17,15,0,0.016,6,0,12,,0,0,0,0,0,0,0,0,0,,10,12,,0,0,0,0
1602714517721,10,1010123456033,72,,1,2,4,1,2,,17.6,10,0,0.0106667,4,0,12.25,,0.1,22,0,0.1,9,0,0,4.317,31,,11,8,,0,0,0,1
1602714517971,10,1010123456033,72,,1,2,4,1,2,,2.2029,69,0,0.0189558,28,0,10.6,,0,0,0,0,0,0,0,0,0,,114,112,,0,0,0,0
1602714518221,10,1010123456033,72,,1,2,4,1,2,,16.6667,9,0,0.0106667,4,0,11.6667,,0,0,0,0,0,0,0,0,0,,11,8,,0,0,0,0
1602714518471,10,1010123456033,72,,1,2,4,1,2,,8.8,35,0,0.0221044,14,0,9.75,,0,0,0,0,0,0,0,0,0,,46,40,,0,0,0,0
1602714518721,10,1010123456033,72,,1,2,4,1,2,,0,0,0,0,0,0,9,,0,0,0,0,0,0,0,0,0,,0,0,,0,0,0,0
1602714518972,10,1010123456033,72,,1,2,4,1,2,,18.2381,21,0,0.02624,8,0,9.25,,0.1,24,0,0.1,10,0,0,5.16825,31,,86,86,,0,0,0,1
1602714519221,10,1010123456033,72,,1,2,4,1,2,,5.02326,43,0,0.0228112,18,0,9.66667,,0,0,0,0,0,0,0,0,0,,74,70,,0,0,0,0
1602714519472,10,1010123456033,72,,1,2,4,1,2,,2.32911,79,0,0.014176,32,0,13.5,,0,0,0,0,0,0,0,0,0,,66,66,,0,0,0,0
1602714519722,10,1010123456033,72,,1,2,4,1,2,,5.79487,39,0,0.012128,16,0,9,,0.1,20,0,0.1,8,0,0,10.3639,31,,40,42,,0,0,0,1
1602714519971,10,1010123456033,72,,1,2,4,1,2,,13.9286,28,0,0.0268594,11,0,12.3333,,0,0,0,0,0,0,0,0,0,,29,22,,0,0,0,0
1602714520221,10,1010123456033,72,,1,2,4,1,2,,16.4286,21,0,0.0213655,8,0,7.5,,0,0,0,0,0,0,0,0,0,,22,16,,0,0,0,0
1602714520471,10,1010123456033,72,,1,2,4,1,2,,15.5,6,0,0.00536546,2,0,9.5,,0,0,0,0,0,0,0,0,0,,3,4,,0,0,0,0
1602714520721,10,1010123456033,72,,1,2,4,1,2,,14.4615,13,0,0.0159036,6,0,11,,0.888889,18,0,0.1,8,0,0,5.20572,31,,22,16,,0,0,0,1
1602714520971,10,1010123456033,72,,1,2,4,1,2,,9.65217,23,0,0.0162892,9,0,9.8,,0,0,0,0,0,0,0,0,0,,31,28,,0,0,0,0
1602714521221,10,1010123456033,72,,1,2,4,1,2,,0,0,0,0,0,0,8.2,,0,0,0,0,0,0,0,0,0,,0,0,,0,0,0,0
1602714521471,10,1010123456033,72,,1,2,4,1,2,,17.2941,17,0,0.0212369,7,0,11.8,,0,2,200,0.1,1,0,0,0,31,,15,14,,0,0,0,0
1602714521721,10,1010123456033,72,,1,2,4,1,2,,15.913,23,0,0.0266988,9,0,12.2,,5.5,26,0,0.1,11,45.4545,0,8.46132,0,,29,24,,0,0,0,4.76923
1602714521971,10,1010123456033,72,,1,2,4,1,2,,15.3462,26,0,0.0262169,9,0,9,,0,0,0,0,0,0,0,0,0,,25,20,,0,0,0,0
1602714522221,10,1010123456033,72,,1,2,4,1,2,,13.1538,13,0,0.0113414,6,0,9.5,,0,0,0,0,0,0,0,0,0,,16,12,,0,0,0,0
1602714522471,10,1010123456033,72,,1,2,4,1,2,,13.125,8,0,0.00549398,3,0,10.6,,0,0,0,0,0,0,0,0,0,,15,14,,0,0,0,0
1602714522721,10,1010123456033,72,,1,2,4,1,2,,0,3,0,0.00536546,2,0,10.25,,7.7,40,0,0.1,16,50,0,8.50591,31,,3,4,,0,0,0,5.5
1602714522971,10,1010123456033,72,,1,2,4,1,2,,9.63636,22,0,0.0113414,9,0,10,,0,0,0,0,0,0,0,0,0,,17,20,,0,0,0,0
1602714523221,10,1010123456033,72,,1,2,4,1,2,,13.4,5,0,0.00536546,2,0,11.6,,0,0,0,0,0,0,0,0,0,,4,4,,0,0,0,0
1602714523471,10,1010123456033,72,,1,2,4,1,2,,0,0,0,0,0,0,10,,0,0,0,0,0,0,0,0,0,,0,0,,0,0,0,0
1602714523721,10,1010123456033,72,,1,2,4,1,2,,15.8889,9,0,0.0106667,4,0,8.75,,2,3,117,0.1,1,0,0,5.16332,31,,11,8,,0,0,0,1
1602714523971,10,1010123456033,72,,1,2,4,1,2,,0.1,57,0,0.00742169,21,0,7.5,,1.58824,17,0,0.1,7,0,0,9.41147,0,,102,100,,0,0,0,1.35294
1602714524221,10,1010123456033,72,,1,2,4,1,2,,12,5,0,0.00604016,4,0,11.5,,0,0,0,0,0,0,0,0,0,,3,4,,0,0,0,0
1602714524471,10,1010123456033,72,,1,2,4,1,2,,18.4,5,0,0.00539759,2,0,13,,0,0,0,0,0,0,0,0,0,,5,4,,0,0,0,0
1602714524722,10,1010123456033,72,,1,2,4,1,2,,4.52809,89,0,0.034976,36,0,9.4,,2.53846,26,0,0.1,10,0,0,5.52106,31,,140,132,,0,0,0,1.19231
1602714524972,10,1010123456033,72,,1,2,4,1,2,,15.3333,27,0,0.03168,11,0,13,,0,0,0,0,0,0,0,0,0,,41,28,,0,0,0,0
1602714525222,10,1010123456033,72,,1,2,4,1,2,,13,17,0,0.016064,7,0,11.6667,,0,0,0,0,0,0,0,0,0,,18,16,,0,0,0,0
1602714525472,10,1010123456033,72,,1,2,4,1,2,,3.94118,51,2,0.008768,13,0,9,,0,0,0,0,0,0,0,0,0,,54,52,,0,0,0,0
1602714525722,10,1010123456033,72,,1,2,4,1,2,,10.5556,9,0,0.009376,11,0,13.5,,1.5,30,0,0.1,12,0,0,7.09405,31,,11,8,,0,0,0,1
1602714525972,10,1010123456033,72,,1,2,4,1,2,,14.1053,19,0,0.016096,7,0,12,,0,0,0,0,0,0,0,0,0,,20,16,,0,0,0,0
1602714526222,10,1010123456033,72,,1,2,4,1,2,,16.6316,19,0,0.021216,8,0,9.66667,,0,0,0,0,0,0,0,0,0,,22,16,,0,0,0,0
1602714526471,10,1010123456033,72,,1,2,4,1,2,,3.42647,68,0,0.0238072,27,0,10.8,,0,0,0,0,0,0,0,0,0,,108,104,,0,0,0,0
1602714526721,10,1010123456033,72,,1,2,4,1,2,,17.3,10,0,0.0106988,4,0,11.25,,0.1,16,0,0.1,7,0,0,5.6096,31,,8,8,,0,0,0,1
1602714526971,10,1010123456033,72,,1,2,4,1,2,,18.5,6,0,0.00533333,2,0,7.5,,0,0,0,0,0,0,0,0,0,,3,4,,0,0,0,0
1602714527221,10,1010123456033,72,,1,2,4,1,2,,4.35294,51,0,0.023261,21,0,9.2,,0,0,0,0,0,0,0,0,0,,129,124,,0,0,0,0
1602714527471,10,1010123456033,72,,1,2,4,1,2,,12.0769,13,0,0.00536546,2,0,11.6667,,0,0,0,0,0,0,0,0,0,,16,12,,0,0,0,0
1602714527721,10,1010123456033,72,,1,2,4,1,2,,13,7,0,0.0109237,6,0,13.6667,,0.285714,28,0,0.1,12,8.33333,0,3.92177,31,,7,6,,0,0,0,1.92857
1602714527971,10,1010123456033,72,,1,2,4,1,2,,0,2,0,0.00517269,1,0,13.3333,,0,0,0,0,0,0,0,0,0,,7,4,,0,0,0,0
1602714528221,10,1010123456033,72,,1,2,4,1,2,,0,0,0,0,0,0,10.8,,0,0,0,0,0,0,0,0,0,,0,0,,0,0,0,0
1602714528471,10,1010123456033,72,,1,2,4,1,2,,16.8571,21,0,0.0265703,9,0,11.6,,0,0,0,0,0,0,0,0,0,,21,18,,0,0,0,0
1602714528721,10,1010123456033,72,,1,2,4,1,2,,15.6364,11,0,0.0106667,4,0,14,,3.93333,30,0,0.1,12,25,0,7.44453,31,,10,10,,0,0,0,3.6
1602714528971,10,1010123456033,72,,1,2,4,1,2,,11,11,0,0.0108273,5,0,8.33333,,0,4,0,0,2,100,0,0,0,,15,12,,0,0,0,0
1602714529221,10,1010123456033,72,,1,2,4,1,2,,12.7647,17,0,0.0161606,7,0,9.2,,0,0,0,0,0,0,0,0,0,,16,16,,0,0,0,0
1602714529471,10,1010123456033,72,,1,2,4,1,2,,9.66667,12,0,0.00568675,5,0,0.1,,0,0,0,0,0,0,0,0,0,,18,16,,0,0,0,0
1602714529721,10,1010123456033,72,,1,2,4,1,2,,17.6,5,0,0.00536546,2,0,13,,0.16,25,0,0.1,10,0,0,5.37566,31,,6,4,,0,0,0,1
1602714529971,10,1010123456033,72,,1,2,4,1,2,,3.875,32,0,0.0118233,14,0,8,,0,0,0,0,0,0,0,0,0,,76,76,,0,0,0,0
1602714530221,10,1010123456033,72,,1,2,4,1,2,,13.6875,16,0,0.0159679,6,0,12,,0,0,0,0,0,0,0,0,0,,16,12,,0,0,0,0
1602714530471,10,1010123456033,72,,1,2,4,1,2,,11.375,8,0,0.00555823,3,0,5.66667,,0,0,0,0,0,0,0,0,0,,9,8,,0,0,0,0
1602714530722,10,1010123456033,72,,1,2,4,1,2,,12,5,0,0.005312,2,0,11,,3.1875,32,0,0.1,15,26.6667,0,6.03247,31,,5,4,,0,0,0,2.96875
1602714530972,10,1010123456033,72,,1,2,4,1,2,,14.8,10,0,0.010656,4,0,10,,0,0,0,0,0,0,0,0,0,,13,10,,0,0,0,0
1602714531222,10,1010123456033,72,,1,2,4,1,2,,15.6667,9,0,0.010656,4,0,13,,0,0,0,0,0,0,0,0,0,,11,8,,0,0,0,0
1602714531472,10,1010123456033,72,,1,2,4,1,2,,0,0,28,0,0,0,13.6667,,0,0,0,0,0,0,0,0,0,,4,2,,0,0,0,0
1602714531722,10,1010123456033,72,,1,2,4,1,2,,3.58667,75,0,0.024,29,0,7.5,,0.48,25,0,0.1,10,0,0,6.0211,31,,136,134,,0,0,0,1
1602714531972,10,1010123456033,72,,1,2,4,1,2,,12.2,25,0,0.016352,10,0,10.4,,0,0,0,0,0,0,0,0,0,,27,20,,0,0,0,0
1602714532222,10,1010123456033,72,,1,2,4,1,2,,4.06667,75,0,0.023968,29,0,11.6667,,0,0,0,0,0,0,0,0,0,,129,124,,0,0,0,0
1602714532471,10,1010123456033,72,,1,2,4,1,2,,11.7368,38,0,0.032739,16,0,10.5,,0,0,0,0,0,0,0,0,0,,42,38,,0,0,0,0
1602714532721,10,1010123456033,72,,1,2,4,1,2,,10.75,8,0,0.00542972,3,0,12,,1.21212,33,0,0.1,14,7.14286,0,5.65416,31,,9,8,,0,0,0,1.54545
1602714532971,10,1010123456033,72,,1,2,4,1,2,,15.8,20,0,0.0213976,8,0,13,,0,0,0,0,0,0,0,0,0,,25,18,,0,0,0,0
1602714533221,10,1010123456033,72,,1,2,4,1,2,,12.5714,7,0,0.00546185,3,0,8.25,,0,0,0,0,0,0,0,0,0,,10,8,,0,0,0,0
1602714533471,10,1010123456033,72,,1,2,4,1,2,,17,5,0,0.00533333,2,0,13.6667,,0,0,0,0,0,0,0,0,0,,2,4,,0,0,0,0
1602714533721,10,1010123456033,72,,1,2,4,1,2,,1.55556,45,0,0.0125622,19,0,8.6,,2.82353,34,0,0.1,14,21.4286,0,6.62387,31,,124,124,,0,0,0,3
1602714533971,10,1010123456033,72,,1,2,4,1,2,,6.0303,33,0,0.0170602,13,0,12.6667,,0,0,0,0,0,0,0,0,0,,52,48,,0,0,0,0
1602714534221,10,1010123456033,72,,1,2,4,1,2,,12,5,0,0.00533333,2,0,9.5,,0,0,0,0,0,0,0,0,0,,5,4,,0,0,0,0
1602714534471,10,1010123456033,72,,1,2,4,1,2,,9.58333,24,0,0.0153253,8,0,6.66667,,0,0,0,0,0,0,0,0,0,,29,26,,0,0,0,0
1602714534721,10,1010123456033,72,,1,2,4,1,2,,14.2,30,0,0.0280161,13,0,11,,1.85714,21,0,0.1,9,11.1111,0,6.88176,31,,35,30,,0,0,0,2.42857
1602714534971,10,1010123456033,72,,1,2,4,1,2,,11.2333,30,0,0.0220723,13,0,11,,0,0,0,0,0,0,0,0,0,,39,38,,0,0,0,0
1602714535221,10,1010123456033,72,,1,2,4,1,2,,0.827586,58,0,0.0133655,24,0,7.5,,0,0,0,0,0,0,0,0,0,,146,144,,0,0,0,0
1602714535471,10,1010123456033,72,,1,2,4,1,2,,1.93182,44,53,0.00793574,10,0,4,,0,0,0,0,0,0,0,0,0,,180,178,,0,0,0,0
1602714535721,10,1010123456033,72,,1,2,4,1,2,,6.73529,34,0,0.0217189,22,0,11.1667,,0.666667,24,0,0.1,9,0,0,4.18487,31,,53,50,,0,0,0,1.125
1602714535971,10,1010123456033,72,,1,2,4,1,2,,0,4,0,0.00536546,2,0,6.2,,0,0,0,0,0,0,0,0,0,,3,4,,0,0,0,0
1602714536221,10,1010123456033,72,,1,2,4,1,2,,13.2,10,0,0.0106345,4,0,13.2,,0,0,0,0,0,0,0,0,0,,8,8,,0,0,0,0
1602714536471,10,1010123456033,72,,1,2,4,1,2,,12.2,10,0,0.0108273,4,0,11.75,,0,0,0,0,0,0,0,0,0,,14,12,,0,0,0,0
1602714536721,10,1010123456033,72,,1,2,4,1,2,,8.12903,31,0,0.0168996,13,0,10.8,,8.55769,52,0,0.1,20,60,0,6.62324,31,,33,32,,0,0,0,6.36538
1602714536971,10,1010123456033,72,,1,2,4,1,2,,18.2857,7,0,0.0106024,3,0,10.25,,0,0,0,0,0,0,0,0,0,,7,6,,0,0,0,0
1602714537221,10,1010123456033,72,,1,2,4,1,2,,13.4,5,0,0.00536546,2,0,13.3333,,0,0,0,0,0,0,0,0,0,,2,4,,0,0,0,0
1602714537471,10,1010123456033,72,,1,2,4,1,2,,13.4,5,0,0.00536546,2,0,9.33333,,0,0,0,0,0,0,0,0,0,,5,4,,0,0,0,0
1602714537721,10,1010123456033,72,,1,2,4,1,2,,16,10,0,0.0106024,4,0,13.5,,6.05714,35,0,0.1,15,33.3333,0,8.11354,31,,9,8,,0,0,0,4.08571
1602714537971,10,1010123456033,72,,1,2,4,1,2,,16.0714,14,0,0.0160643,6,0,12.8,,0,0,0,0,0,0,0,0,0,,16,12,,0,0,0,0
1602714538222,10,1010123456033,72,,1,2,4,1,2,,17,9,0,0.010656,4,0,10.25,,0,0,0,0,0,0,0,0,0,,11,8,,0,0,0,0
1602714538472,10,1010123456033,72,,1,2,4,1,2,,17.5455,11,0,0.010656,4,0,9.75,,0,0,0,0,0,0,0,0,0,,12,8,,0,0,0,0
1602714538722,10,1010123456033,72,,1,2,4,1,2,,3.58904,73,0,0.024096,29,0,10.5,,6.11111,18,0,0.1,8,50,0,5.22454,31,,111,108,,0,0,0,5
1602714538971,10,1010123456033,72,,1,2,4,1,2,,14.2,5,0,0.00542972,2,0,6.5,,0,0,0,0,0,0,0,0,0,,5,4,,0,0,0,0
1602714539221,10,1010123456033,72,,1,2,4,1,2,,18.4,5,0,0.00539759,2,0,9.28571,,0,0,0,0,0,0,0,0,0,,6,4,,0,0,0,0
1602714539471,10,1010123456033,72,,1,2,4,1,2,,0,0,0,0,0,0,13,,0,0,0,0,0,0,0,0,0,,0,0,,0,0,0,0
1602714539721,10,1010123456033,72,,1,2,4,1,2,,13.4,5,0,0.00536546,2,0,8,,0.1,11,757,0.1,4,0,0,4.68989,31,,8,10,,0,0,0,1
1602714539971,10,1010123456033,72,,1,2,4,1,2,,6.07692,52,0,0.0281446,21,0,8.5,,0.1,13,0,0.1,5,0,0,10.0171,0,,111,104,,0,0,0,1
1602714540221,10,1010123456033,72,,1,2,4,1,2,,17.3,10,0,0.0106345,4,0,9.75,,0,0,0,0,0,0,0,0,0,,11,8,,0,0,0,0
1602714540471,10,1010123456033,72,,1,2,4,1,2,,14.3,10,0,0.0106345,4,0,11.6667,,0,0,0,0,0,0,0,0,0,,11,10,,0,0,0,0
1602714540721,10,1010123456033,72,,1,2,4,1,2,,0.1,36,60,0.00282731,8,0,7,,0,0,0,0,0,0,0,0,0,,77,76,,0,0,0,0
1602714540971,10,1010123456033,72,,1,2,4,1,2,,5.52174,23,0,0.0158072,15,0,5.66667,,2.8,25,0,0.1,10,0,0,11.111,31,,44,42,,0,0,0,1.24
1602714541221,10,1010123456033,72,,1,2,4,1,2,,0,0,0,0,0,0,6.75,,0,0,0,0,0,0,0,0,0,,0,0,,0,0,0,0
1602714541471,10,1010123456033,72,,1,2,4,1,2,,2.51667,60,0,0.0184096,24,0,9.33333,,0,0,0,0,0,0,0,0,0,,93,92,,0,0,0,0
1602714541721,10,1010123456033,72,,1,2,4,1,2,,4.53333,15,0,0.00594378,6,0,4.5,,0,4,0,0.1,2,0,0,0,31,,22,20,,0,0,0,0
1602714541971,10,1010123456033,72,,1,2,4,1,2,,8.8421,19,0,0.011245,7,0,10.5,,0,0,0,0,0,0,0,0,0,,22,20,,0,0,0,0
1602714542221,10,1010123456033,72,,1,2,4,1,2,,6.2093,86,0,0.029751,35,0,11.25,,0,0,0,0,0,0,0,0,0,,61,70,,0,0,0,0
1602714542471,10,1010123456033,72,,1,2,4,1,2,,7.42857,7,0,0.00549398,3,0,8,,0,0,0,0,0,0,0,0,0,,15,16,,0,0,0,0
1602714542721,10,1010123456033,72,,1,2,4,1,2,,3.94,50,0,0.0125622,18,0,10.25,,0,8,0,0,4,100,0,0,0,,84,84,,0,0,0,0
1602714542971,10,1010123456033,72,,1,2,4,1,2,,19.7619,21,0,0.0367229,10,0,12.3333,,0,0,0,0,0,0,0,0,0,,29,20,,0,0,0,0
1602714543221,10,1010123456033,72,,1,2,4,1,2,,13.6471,34,0,0.027245,13,0,10.2,,0,0,0,0,0,0,0,0,0,,48,40,,0,0,0,0
1602714543471,10,1010123456033,72,,1,2,4,1,2,,15.7,10,0,0.0106345,4,0,7.25,,0,0,0,0,0,0,0,0,0,,10,8,,0,0,0,0
1602714543721,10,1010123456033,72,,1,2,4,1,2,,0,0,0,0,0,0,7.5,,0,0,0,0,0,0,0,0,0,,0,0,,0,0,0,0
1602714543971,10,1010123456033,72,,1,2,4,1,2,,16.2,15,0,0.0160321,6,0,10.6667,,0.1,20,0,0.1,9,0,0,6.75783,31,,17,12,,0,0,0,1
1602714544222,10,1010123456033,72,,1,2,4,1,2,,3.95556,45,0,0.017728,18,0,10.5,,0,0,0,0,0,0,0,0,0,,78,72,,0,0,0,0
1602714544471,10,1010123456033,72,,1,2,4,1,2,,16.0833,12,0,0.0159679,5,0,9,,0,0,0,0,0,0,0,0,0,,19,14,,0,0,0,0
1602714544722,10,1010123456033,72,,1,2,4,1,2,,2.58824,68,0,0.013376,25,0,10.5,,0.173913,23,0,0.1,10,0,0,5.7798,31,,105,104,,0,0,0,1
1602714544972,10,1010123456033,72,,1,2,4,1,2,,13.5385,13,0,0.016032,7,0,7.75,,0,0,0,0,0,0,0,0,0,,14,12,,0,0,0,0
1602714545222,10,1010123456033,72,,1,2,4,1,2,,18,3,0,0.005152,1,0,7.33333,,0,0,0,0,0,0,0,0,0,,7,4,,0,0,0,0
1602714545471,10,1010123456033,72,,1,2,4,1,2,,0.2,90,0,0.0148434,36,0,6.66667,,0.1,3,0,0.1,1,0,0,14.7535,31,,164,160,,0,0,0,1
1602714545721,10,1010123456033,72,,1,2,4,1,2,,13.84,25,0,0.0269558,11,0,11.5,,15.8333,72,0,0.1,30,93.3333,0,4.63143,0,,34,28,,0,0,0,9.375
1602714545971,10,1010123456033,72,,1,2,4,1,2,,2.72881,59,18,0.0153253,17,0,7.5,,0,0,0,0,0,0,0,0,0,,171,166,,0,0,0,0
1602714546221,10,1010123456033,72,,1,2,4,1,2,,0.244898,49,0,0.0107631,27,0,8.25,,0,0,0,0,0,0,0,0,0,,81,80,,0,0,0,0
1602714546471,10,1010123456033,72,,1,2,4,1,2,,17.6,5,0,0.00536546,2,0,11.25,,0,0,0,0,0,0,0,0,0,,6,4,,0,0,0,0
1602714546721,10,1010123456033,72,,1,2,4,1,2,,14.5,6,0,0.00533333,2,0,13.75,,0.72,25,0,0.1,10,0,0,7.33256,31,,5,4,,0,0,0,1.12
1602714546971,10,1010123456033,72,,1,2,4,1,2,,14.6923,13,0,0.0160964,6,0,9.5,,0,0,0,0,0,0,0,0,0,,18,12,,0,0,0,0
1602714547221,10,1010123456033,72,,1,2,4,1,2,,16.2222,9,0,0.0106988,4,0,12.5,,0,0,0,0,0,0,0,0,0,,11,8,,0,0,0,0
1602714547471,10,1010123456033,72,,1,2,4,1,2,,0,0,0,0,0,0,11,,0,0,0,0,0,0,0,0,0,,0,0,,0,0,0,0
1602714547721,10,1010123456033,72,,1,2,4,1,2,,17.6,5,0,0,0,0,11,,0,0,0,0,0,0,0,0,0,,4,4,,0,0,0,0
1602714547971,10,1010123456033,72,,1,2,4,1,2,,11.375,8,0,0.0108594,5,0,11.5,,0.689655,29,0,0.1,12,0,0,3.99031,31,,9,8,,0,0,0,1.27586
1602714548221,10,1010123456033,72,,1,2,4,1,2,,9.32,25,0,0.0114056,10,0,10.6667,,0,0,0,0,0,0,0,0,0,,16,20,,0,0,0,0
1602714548471,10,1010123456033,72,,1,2,4,1,2,,13.5,12,0,0.0107309,5,0,12,,0.1,3,198,0.1,1,0,0,5.20779,31,,12,12,,0,0,0,1
1602714548721,10,1010123456033,72,,1,2,4,1,2,,13.6522,23,0,0.021494,9,0,11.8,,0.571429,21,0,0.1,9,11.1111,0,6.64988,0,,21,20,,0,0,0,1.95238
1602714548971,10,1010123456033,72,,1,2,4,1,2,,17.6,5,0,0.00536546,2,0,7,,0,0,0,0,0,0,0,0,0,,6,4,,0,0,0,0
1602714549221,10,1010123456033,72,,1,2,4,1,2,,2.44186,86,0,0.0121767,33,0,8.66667,,0,0,0,0,0,0,0,0,0,,93,90,,0,0,0,0
1602714549471,10,1010123456033,72,,1,2,4,1,2,,13.4,5,0,0.008,4,0,12,,0,0,0,0,0,0,0,0,0,,8,4,,0,0,0,0
1602714549721,10,1010123456033,72,,1,2,4,1,2,,0,0,0,0,0,0,14,,0,0,0,0,0,0,0,0,0,,0,0,,0,0,0,0
1602714549971,10,1010123456033,72,,1,2,4,1,2,,7.22222,27,0,0.0166426,11,0,11.2,,5.53846,26,0,0.1,10,40,0,4.48853,31,,38,36,,0,0,0,5.15385
1602714550221,10,1010123456033,72,,1,2,4,1,2,,0.1,115,0,0.016257,46,0,7.5,,0,0,0,0,0,0,0,0,0,,202,198,,0,0,0,0
1602714550471,10,1010123456033,72,,1,2,4,1,2,,0,0,0,0,0,0,11.3333,,0,0,0,0,0,0,0,0,0,,0,0,,0,0,0,0
1602714550722,10,1010123456033,72,,1,2,4,1,2,,13.05,20,0,0.016224,8,0,11.8,,0.16,25,0,0.1,10,10,0,3.8168,31,,14,16,,0,0,0,1.72
1602714550971,10,1010123456033,72,,1,2,4,1,2,,15,6,0,0.0105382,3,0,12.75,,0,0,0,0,0,0,0,0,0,,15,8,,0,0,0,0
1602714551221,10,1010123456033,72,,1,2,4,1,2,,7.46667,15,0,0.00578313,6,0,9,,0,0,0,0,0,0,0,0,0,,14,12,,0,0,0,0
1602714551471,10,1010123456033,72,,1,2,4,1,2,,13.2593,27,0,0.0269558,12,0,13,,0,0,0,0,0,0,0,0,0,,33,28,,0,0,0,0
1602714551722,10,1010123456033,72,,1,2,4,1,2,,1.58824,68,0,0.019328,28,0,9.33333,,1,13,0,0.1,5,0,0,6.43018,31,,132,126,,0,0,0,1
1602714551971,10,1010123456033,72,,1,2,4,1,2,,8.5,22,0,0.0113092,9,0,7,,0,0,0,0,0,0,0,0,0,,28,22,,0,0,0,0
1602714552221,10,1010123456033,72,,1,2,4,1,2,,12.6667,12,0,0.0107631,5,0,11.6,,0,0,0,0,0,0,0,0,0,,18,10,,0,0,0,0
1602714552471,10,1010123456033,72,,1,2,4,1,2,,9.16667,18,0,0.0112129,7,0,7,,0,0,0,0,0,0,0,0,0,,29,40,,0,0,0,0
1602714552721,10,1010123456033,72,,1,2,4,1,2,,5.78947,38,158,0.0176386,15,0,6.66667,,2.6087,23,0,0.1,9,11.1111,0,8.40739,31,,51,48,,0,0,0,2.6087
1602714552971,10,1010123456033,72,,1,2,4,1,2,,0.1,56,0,0.00812851,23,0,13.6667,,0,0,0,0,0,0,0,0,0,,137,136,,0,0,0,0
1602714553221,10,1010123456033,72,,1,2,4,1,2,,14.5,10,0,0.0106667,4,0,2,,0,0,0,0,0,0,0,0,0,,14,8,,0,0,0,0
1602714553471,10,1010123456033,72,,1,2,4,1,2,,8.54386,57,0,0.0334458,23,0,7.6,,0,2,200,0.1,1,0,0,0,31,,85,76,,0,0,0,0
1602714553721,10,1010123456033,72,,1,2,4,1,2,,17.6,10,0,0.0107309,4,0,13,,13.85,40,0,0.1,17,76.4706,0,6.01434,0,,7,8,,0,0,0,7.6
1602714553971,10,1010123456033,72,,1,2,4,1,2,,13.5556,9,0,0.0106988,4,0,13.5,,0,0,0,0,0,0,0,0,0,,10,8,,0,0,0,0
1602714554221,10,1010123456033,72,,1,2,4,1,2,,14,14,0,0.0160964,6,0,13,,0,0,0,0,0,0,0,0,0,,14,12,,0,0,0,0
1602714554471,10,1010123456033,72,,1,2,4,1,2,,10.9091,11,0,0.0055261,4,0,11.3333,,0,0,0,0,0,0,0,0,0,,15,18,,0,0,0,0
1602714554721,10,1010123456033,72,,1,2,4,1,2,,14.5714,14,0,0.0161285,6,0,9,,0.1,25,0,0.1,10,10,0,4.58339,31,,87,88,,0,0,0,1.72
1602714554971,10,1010123456033,72,,1,2,4,1,2,,13.75,28,0,0.0217189,11,0,10,,0,0,0,0,0,0,0,0,0,,22,22,,0,0,0,0
1602714555221,10,1010123456033,72,,1,2,4,1,2,,11.75,24,115,0.0164819,9,0,8,,0,0,0,0,0,0,0,0,0,,25,24,,0,0,0,0
1602714555471,10,1010123456033,72,,1,2,4,1,2,,14,5,0,0.00542972,3,0,12.6667,,0,0,0,0,0,0,0,0,0,,2,4,,0,0,0,0
1602714555721,10,1010123456033,72,,1,2,4,1,2,,8.61111,36,0,0.0170924,15,0,10.4,,0.26087,23,0,0.1,9,0,0,5.92991,31,,30,30,,0,0,0,1
1602714555971,10,1010123456033,72,,1,2,4,1,2,,0.1,55,0,0.00812851,23,0,10.8,,0,0,0,0,0,0,0,0,0,,134,138,,0,0,0,0
1602714556221,10,1010123456033,72,,1,2,4,1,2,,14.9231,13,0,0.0108273,5,0,10.2,,0,0,0,0,0,0,0,0,0,,27,14,,0,0,0,0
1602714556471,10,1010123456033,72,,1,2,4,1,2,,1.13187,91,0,0.0201446,36,0,9.33333,,0,0,0,0,0,0,0,0,0,,223,214,,0,0,0,0
1602714556721,10,1010123456033,72,,1,2,4,1,2,,17.9,10,0,0.0106667,4,0,13,,1.75,24,0,0.1,9,0,0,8.78435,31,,15,10,,0,0,0,1
1602714556971,10,1010123456033,72,,1,2,4,1,2,,15.6875,16,0,0.0159679,6,0,9.66667,,0,0,0,0,0,0,0,0,0,,17,12,,0,0,0,0
1602714557221,10,1010123456033,72,,1,2,4,1,2,,16.1333,15,0,0.0159679,6,0,13.5,,0,0,0,0,0,0,0,0,0,,14,12,,0,0,0,0
1602714557471,10,1010123456033,72,,1,2,4,1,2,,13.7727,22,0,0.0162892,8,0,7,,0,0,0,0,0,0,0,0,0,,18,16,,0,0,0,0
1602714557722,10,1010123456033,72,,1,2,4,1,2,,0,4,0,0.005312,2,0,10,,1.125,16,0,0.1,6,0,0,5.80512,31,,6,4,,0,0,0,1
1602714557971,10,1010123456033,72,,1,2,4,1,2,,13.8235,17,0,0.0160964,7,0,11,,2,5,0,0.1,2,0,0,13.5632,0,,14,14,,0,0,0,1
1602714558222,10,1010123456033,72,,1,2,4,1,2,,17.6,5,0,0.00528,2,0,13,,0,0,0,0,0,0,0,0,0,,6,4,,0,0,0,0
1602714558471,10,1010123456033,72,,1,2,4,1,2,,19.2308,13,0,0.0158715,5,0,13,,0,0,0,0,0,0,0,0,0,,15,14,,0,0,0,0
1602714558721,10,1010123456033,72,,1,2,4,1,2,,15.2,10,0,0.0106988,4,0,13.5,,10.8235,17,0,0.1,8,37.5,0,7.92329,31,,13,8,,0,0,0,4.23529
1602714558971,10,1010123456033,72,,1,2,4,1,2,,11.5833,12,0,0.0108916,5,0,7.5,,0,0,0,0,0,0,0,0,0,,12,12,,0,0,0,0
1602714559221,10,1010123456033,72,,1,2,4,1,2,,10.9167,24,0,0.0163534,9,0,12,,0,0,0,0,0,0,0,0,0,,27,24,,0,0,0,0
1602714559471,10,1010123456033,72,,1,2,4,1,2,,13.2,10,0,0.0106345,4,0,8,,0,0,0,0,0,0,0,0,0,,11,8,,0,0,0,0
1602714559721,10,1010123456033,72,,1,2,4,1,2,,0,0,0,0,0,0,8,,0.1,20,0,0.1,8,0,0,5.23445,31,,0,0,,0,0,0,1
1602714559971,10,1010123456033,72,,1,2,4,1,2,,13.5556,9,0,0.00536546,2,0,9.66667,,0,0,0,0,0,0,0,0,0,,8,8,,0,0,0,0
1602714560221,10,1010123456033,72,,1,2,4,1,2,,16.5333,15,0,0.0213655,8,0,12.4,,0,0,0,0,0,0,0,0,0,,22,12,,0,0,0,0
1602714560471,10,1010123456033,72,,1,2,4,1,2,,13.4,5,0,0.00536546,2,0,8.5,,0,0,0,0,0,0,0,0,0,,4,4,,0,0,0,0
1602714560721,10,1010123456033,72,,1,2,4,1,2,,11.375,8,0,0.00555823,3,0,10.5,,0.1,12,1181,0.1,5,0,0,9.89126,31,,9,8,,0,0,0,1
1602714560971,10,1010123456033,72,,1,2,4,1,2,,15.7667,30,0,0.0320964,12,0,13,,0.1,9,0,0.1,4,0,0,4.59824,0,,28,24,,0,0,0,1
1602714561221,10,1010123456033,72,,1,2,4,1,2,,11.2857,21,0,0.0165141,8,0,11,,0,0,0,0,0,0,0,0,0,,27,24,,0,0,0,0
1602714561471,10,1010123456033,72,,1,2,4,1,2,,9.34783,23,0,0.0164177,9,0,10.6667,,0.1,3,136,0.1,1,0,0,3.89622,31,,35,32,,0,0,0,1
1602714561721,10,1010123456033,72,,1,2,4,1,2,,14.8696,23,0,0.0267309,10,0,13.2,,0.1,12,0,0.1,5,0,0,8.72413,0,,26,20,,0,0,0,1
1602714561971,10,1010123456033,72,,1,2,4,1,2,,17.7273,11,0,0.0147791,4,0,13.6667,,0,0,0,0,0,0,0,0,0,,16,12,,0,0,0,0
1602714562221,10,1010123456033,72,,1,2,4,1,2,,12.7,10,0,0.0117269,5,0,9.25,,0,0,0,0,0,0,0,0,0,,8,8,,0,0,0,0
1602714562471,10,1010123456033,72,,1,2,4,1,2,,0.1,57,0,0.00812851,23,0,13,,0,0,0,0,0,0,0,0,0,,99,98,,0,0,0,0
1602714562721,10,1010123456033,72,,1,2,4,1,2,,3.42254,71,0,0.0242249,29,0,10.75,,0.1,23,0,0.1,9,0,0,4.44671,31,,122,116,,0,0,0,1.3913
1602714562971,10,1010123456033,72,,1,2,4,1,2,,14.3333,9,0,0.0107309,4,0,13,,0,0,0,0,0,0,0,0,0,,8,8,,0,0,0,0
1602714563221,10,1010123456033,72,,1,2,4,1,2,,16.8889,9,0,0.0106667,4,0,11,,0,0,0,0,0,0,0,0,0,,10,8,,0,0,0,0
1602714563471,10,1010123456033,72,,1,2,4,1,2,,16.4545,11,0,0.0106345,4,0,7.66667,,0,2,200,0.1,1,0,0,0,31,,5,8,,0,0,0,0
1602714563722,10,1010123456033,72,,1,2,4,1,2,,12.7647,17,0,0.016096,7,0,11.8,,0.1,28,0,0.1,11,9.09091,0,5.10283,0,,21,16,,0,0,0,1.64286
1602714563972,10,1010123456033,72,,1,2,4,1,2,,8,29,0,0.013568,8,0,10,,0,0,0,0,0,0,0,0,0,,37,32,,0,0,0,0
1602714564222,10,1010123456033,72,,1,2,4,1,2,,16.4074,27,0,0.034944,14,0,13,,0,0,0,0,0,0,0,0,0,,29,26,,0,0,0,0
1602714564471,10,1010123456033,72,,1,2,4,1,2,,14.5455,11,0,0.0107309,4,0,13,,0,0,0,0,0,0,0,0,0,,10,8,,0,0,0,0
1602714564721,10,1010123456033,72,,1,2,4,1,2,,5.75,56,0,0.0248353,20,0,10,,4.55,20,0,0.1,7,0,0,14.2177,31,,135,132,,0,0,0,1.6
1602714564971,10,1010123456033,72,,1,2,4,1,2,,12,15,0,0.019245,8,0,12.2,,0,0,0,0,0,0,0,0,0,,6,12,,0,0,0,0
1602714565221,10,1010123456033,72,,1,2,4,1,2,,0,3,0,0.00539759,2,0,11.3333,,0,0,0,0,0,0,0,0,0,,3,4,,0,0,0,0
1602714565471,10,1010123456033,72,,1,2,4,1,2,,2.64179,67,0,0.0186667,27,0,9.66667,,0,0,0,0,0,0,0,0,0,,109,104,,0,0,0,0
1602714565721,10,1010123456033,72,,1,2,4,1,2,,0,0,0,0,0,0,5.33333,,0,0,0,0,0,0,0,0,0,,0,0,,0,0,0,0
1602714565971,10,1010123456033,72,,1,2,4,1,2,,17,5,0,0.00533333,2,0,14,,12,10,0,0,4,100,0,4.89353,0,,4,4,,0,0,0,10
1602714566221,10,1010123456033,72,,1,2,4,1,2,,0,0,0,0,0,0,11,,0,0,0,0,0,0,0,0,0,,0,0,,0,0,0,0
1602714566471,10,1010123456033,72,,1,2,4,1,2,,0.1,114,0,0.016257,46,0,7.5,,0,0,0,0,0,0,0,0,0,,237,236,,0,0,0,0
1602714566721,10,1010123456033,72,,1,2,4,1,2,,12,5,0,0.00533333,2,0,12.75,,0.666667,30,0,0.1,12,0,0,6.2503,31,,5,4,,0,0,0,1.1
1602714566971,10,1010123456033,72,,1,2,4,1,2,,9.66667,15,86,0.00533333,2,0,11.4,,0,0,0,0,0,0,0,0,0,,16,12,,0,0,0,0
1602714567221,10,1010123456033,72,,1,2,4,1,2,,10.3793,29,0,0.0223614,16,0,10.6667,,0,0,0,0,0,0,0,0,0,,28,26,,0,0,0,0
1602714567471,10,1010123456033,72,,1,2,4,1,2,,9.88889,9,0,0.0055261,4,0,7.25,,0,0,0,0,0,0,0,0,0,,39,34,,0,0,0,0
1602714567721,10,1010123456033,72,,1,2,4,1,2,,13.4,5,158,0.00536546,2,0,11.5,,0.117647,34,0,0.1,13,7.69231,0,3.91172,31,,5,4,,0,0,0,1.85294
1602714567971,10,1010123456033,72,,1,2,4,1,2,,1.06349,63,0,0.013494,25,0,5.66667,,0,0,0,0,0,0,0,0,0,,102,100,,0,0,0,0
1602714568221,10,1010123456033,72,,1,2,4,1,2,,0,0,0,0,0,0,10.3333,,0,0,0,0,0,0,0,0,0,,0,0,,0,0,0,0
1602714568471,10,1010123456033,72,,1,2,4,1,2,,14.8571,21,0,0.0214297,8,0,13,,0,0,0,0,0,0,0,0,0,,19,16,,0,0,0,0
1602714568721,10,1010123456033,72,,1,2,4,1,2,,18.2,5,0,0.00533333,2,0,9,,0.1,14,0,0.1,6,0,0,5.25821,31,,4,4,,0,0,0,1
1602714568971,10,1010123456033,72,,1,2,4,1,2,,14.5,6,0,0.00533333,2,0,8,,0,0,0,0,0,0,0,0,0,,11,4,,0,0,0,0
1602714569221,10,1010123456033,72,,1,2,4,1,2,,10.3191,47,0,0.0381044,20,0,13.5,,0,0,0,0,0,0,0,0,0,,50,40,,0,0,0,0
1602714569471,10,1010123456033,72,,1,2,4,1,2,,14.4,5,0,0.0053012,2,0,10.5,,0,0,0,0,0,0,0,0,0,,5,6,,0,0,0,0
1602714569721,10,1010123456033,72,,1,2,4,1,2,,10.25,4,0,0.00536546,2,0,3,,6,6,150000,0.1,2,0,0,17.6242,31,,6,4,,0,0,0,1
1602714569971,10,1010123456033,72,,1,2,4,1,2,,15.5,10,0,0.0107309,4,0,11.75,,15.7021,47,0,0.1,20,85,0,3.48488,0,,14,8,,0,0,0,8.97872
1602714570221,10,1010123456033,72,,1,2,4,1,2,,15.5,6,0,0.00536546,2,0,10,,0,0,0,0,0,0,0,0,0,,5,4,,0,0,0,0
1602714570472,10,1010123456033,72,,1,2,4,1,2,,15.5882,17,0,0.021088,7,0,10.5,,0,0,0,0,0,0,0,0,0,,22,16,,0,0,0,0
1602714570722,10,1010123456033,72,,1,2,4,1,2,,17.7619,21,0,0.02656,9,0,12.1667,,0.16,25,0,0.1,10,0,0,4.94698,31,,23,20,,0,0,0,1
1602714570971,10,1010123456033,72,,1,2,4,1,2,,12.7931,29,0,0.0270201,12,0,11.3333,,0,0,0,0,0,0,0,0,0,,33,26,,0,0,0,0
1602714571221,10,1010123456033,72,,1,2,4,1,2,,3.82353,17,0,0.00604016,7,0,7.25,,0,0,0,0,0,0,0,0,0,,26,24,,0,0,0,0
1602714571471,10,1010123456033,72,,1,2,4,1,2,,16.2,15,0,0.0160321,6,0,13.25,,0,0,0,0,0,0,0,0,0,,16,12,,0,0,0,0
1602714571721,10,1010123456033,72,,1,2,4,1,2,,13.3469,49,0,0.0433414,20,0,10.2,,4.3125,32,0,0.1,13,30.7692,0,11.4844,31,,82,108,,0,0,0,3.34375
1602714571971,10,1010123456033,72,,1,2,4,1,2,,1,31,155,0.00542972,10,0,8,,0,0,0,0,0,0,0,0,0,,54,54,,0,0,0,0
1602714572221,10,1010123456033,72,,1,2,4,1,2,,13.7778,36,0,0.0341205,18,0,11.25,,0,0,0,0,0,0,0,0,0,,42,34,,0,0,0,0
1602714572471,10,1010123456033,72,,1,2,4,1,2,,0,0,0,0,0,0,1,,0,0,0,0,0,0,0,0,0,,0,0,,0,0,0,0
1602714572721,10,1010123456033,72,,1,2,4,1,2,,8,24,0,0.0167068,10,0,13.3333,,0.1,23,0,0.1,9,0,0,5.24803,31,,47,42,,0,0,0,1
1602714572971,10,1010123456033,72,,1,2,4,1,2,,12,5,0,0.00533333,2,0,7.5,,0,0,0,0,0,0,0,0,0,,4,4,,0,0,0,0
1602714573221,10,1010123456033,72,,1,2,4,1,2,,2.23684,114,0,0.0314217,45,0,13.6667,,0,0,0,0,0,0,0,0,0,,205,204,,0,0,0,0
1602714573471,10,1010123456033,72,,1,2,4,1,2,,13.8571,21,0,0.0213012,8,0,7.75,,0,0,0,0,0,0,0,0,0,,22,18,,0,0,0,0
1602714573721,10,1010123456033,72,,1,2,4,1,2,,12.381,21,0,0.0160643,8,0,9.4,,5.625,8,0,0.1,3,0,0,13.5347,31,,24,20,,0,0,0,1
1602714573971,10,1010123456033,72,,1,2,4,1,2,,19.6667,12,0,0.0159357,5,0,12,,0,0,0,0,0,0,0,0,0,,10,12,,0,0,0,0
1602714574221,10,1010123456033,72,,1,2,4,1,2,,2.76471,34,158,0.0117269,13,0,11.5,,0,0,0,0,0,0,0,0,0,,63,60,,0,0,0,0
1602714574471,10,1010123456033,72,,1,2,4,1,2,,16.4074,54,0,0.059245,23,0,13,,0,0,0,0,0,0,0,0,0,,46,44,,0,0,0,0
1602714574721,10,1010123456033,72,,1,2,4,1,2,,18,11,0,0.0158394,5,0,11.6,,0.1,29,0,0.1,12,8.33333,0,4.14987,31,,10,10,,0,0,0,1.96552
1602714574971,10,1010123456033,72,,1,2,4,1,2,,15.3333,15,0,0.016,6,0,11.3333,,0,0,0,0,0,0,0,0,0,,13,12,,0,0,0,0
1602714575221,10,1010123456033,72,,1,2,4,1,2,,5.5,10,301,0.00546185,2,0,9,,0,0,0,0,0,0,0,0,0,,27,20,,0,0,0,0
1602714575471,10,1010123456033,72,,1,2,4,1,2,,0.1,106,0,0.0159036,45,0,13.3333,,0,0,0,0,0,0,0,0,0,,200,200,,0,0,0,0
1602714575721,10,1010123456033,72,,1,2,4,1,2,,0,4,0,0.00536546,2,0,11,,7.69231,26,0,0.1,11,36.3636,0,13.0054,31,,3,4,,0,0,0,4.11539
1602714575971,10,1010123456033,72,,1,2,4,1,2,,13.6667,15,0,0.016,6,0,14,,0,0,0,0,0,0,0,0,0,,16,12,,0,0,0,0
1602714576221,10,1010123456033,72,,1,2,4,1,2,,1.11957,92,0,0.0166747,34,0,7.5,,0,0,0,0,0,0,0,0,0,,295,296,,0,0,0,0
1602714576471,10,1010123456033,72,,1,2,4,1,2,,0,0,0,0.00346988,2,0,4.33333,,0,0,0,0,0,0,0,0,0,,0,0,,0,0,0,0
1602714576721,10,1010123456033,72,,1,2,4,1,2,,7.7037,27,0,0.0166747,11,0,9.66667,,5.44828,29,0,0.1,11,36.3636,0,9.26686,31,,38,34,,0,0,0,4.7931
1602714576972,10,1010123456033,72,,1,2,4,1,2,,13.7143,7,0,0.00544,3,0,11,,0,0,0,0,0,0,0,0,0,,6,6,,0,0,0,0
1602714577221,10,1010123456033,72,,1,2,4,1,2,,13.4,5,0,0.00536546,2,0,13.1667,,0,0,0,0,0,0,0,0,0,,5,4,,0,0,0,0
1602714577471,10,1010123456033,72,,1,2,4,1,2,,12.56,25,0,0.0165141,10,0,10,,0,0,0,0,0,0,0,0,0,,50,32,,0,0,0,0
1602714577721,10,1010123456033,72,,1,2,4,1,2,,15,15,0,0.0159357,6,0,11,,0.190476,21,0,0.1,9,0,0,4.9922,31,,17,14,,0,0,0,1
1602714577971,10,1010123456033,72,,1,2,4,1,2,,2.77778,72,0,0.0191165,29,0,10.2,,0,0,0,0,0,0,0,0,0,,116,112,,0,0,0,0
1602714578221,10,1010123456033,72,,1,2,4,1,2,,14.4118,17,0,0.0161285,7,0,12.3333,,0,0,0,0,0,0,0,0,0,,24,18,,0,0,0,0
1602714578471,10,1010123456033,72,,1,2,4,1,2,,13.4286,7,0,0.00542972,3,0,10.25,,0,0,0,0,0,0,0,0,0,,11,14,,0,0,0,0
1602714578721,10,1010123456033,72,,1,2,4,1,2,,15.5,14,0,0.0160321,6,0,13,,0.1,13,0,0.1,5,0,0,6.26763,31,,17,12,,0,0,0,1
1602714578971,10,1010123456033,72,,1,2,4,1,2,,16.0769,13,0,0.0159036,5,0,13.5,,0,0,0,0,0,0,0,0,0,,19,12,,0,0,0,0
1602714579221,10,1010123456033,72,,1,2,4,1,2,,13.5556,18,0,0.0108273,5,0,10.4,,0,0,0,0,0,0,0,0,0,,83,80,,0,0,0,0
1602714579471,10,1010123456033,72,,1,2,4,1,2,,12,5,0,0.0106667,4,0,9.25,,0,0,0,0,0,0,0,0,0,,6,4,,0,0,0,0
1602714579721,10,1010123456033,72,,1,2,4,1,2,,16.125,8,0,0.0106667,4,0,11.5,,0.16,25,0,0.1,11,9.09091,0,4.24936,31,,11,8,,0,0,0,1.72
1602714579971,10,1010123456033,72,,1,2,4,1,2,,0,0,0,0,0,0,8.66667,,0,0,0,0,0,0,0,0,0,,0,0,,0,0,0,0
1602714580221,10,1010123456033,72,,1,2,4,1,2,,0,0,0,0,0,0,10.5,,0,0,0,0,0,0,0,0,0,,0,0,,0,0,0,0
1602714580471,10,1010123456033,72,,1,2,4,1,2,,15.1111,9,14,0.00546185,3,0,10.6667,,0,0,0,0,0,0,0,0,0,,6,8,,0,0,0,0
1602714580721,10,1010123456033,72,,1,2,4,1,2,,13.5652,23,0,0.0267631,10,0,11.25,,4.30769,39,0,0.1,15,33.3333,0,6.1034,31,,26,18,,0,0,0,4.46154
1602714580971,10,1010123456033,72,,1,2,4,1,2,,15.4,15,0,0.0160643,6,0,9.33333,,0,0,0,0,0,0,0,0,0,,19,14,,0,0,0,0
1602714581221,10,1010123456033,72,,1,2,4,1,2,,15.1818,22,0,0.0213976,9,0,5.75,,0,0,0,0,0,0,0,0,0,,36,40,,0,0,0,0
1602714581471,10,1010123456033,72,,1,2,4,1,2,,0.1,57,0,0.00812851,23,0,7.66667,,0,0,0,0,0,0,0,0,0,,99,96,,0,0,0,0
1602714581721,10,1010123456033,72,,1,2,4,1,2,,0.1,111,0,0.0159036,45,0,7.5,,6,5,149386,0.1,2,0,0,10.8345,31,,313,310,,0,0,0,1.6
1602714581971,10,1010123456033,72,,1,2,4,1,2,,11,8,0,0.00562249,3,0,12.2,,2,20,0,0.1,8,0,0,5.7172,0,,10,8,,0,0,0,1
1602714582221,10,1010123456033,72,,1,2,4,1,2,,15.4,15,0,0.0160964,6,0,13.5,,0,0,0,0,0,0,0,0,0,,14,12,,0,0,0,0
1602714582471,10,1010123456033,72,,1,2,4,1,2,,10.5333,15,144,0.0106667,4,0,10.5,,0,0,0,0,0,0,0,0,0,,24,28,,0,0,0,0
1602714582721,10,1010123456033,72,,1,2,4,1,2,,1.03448,58,0,0.0134618,25,0,14,,2.55556,18,0,0.1,8,0,0,6.07622,31,,89,88,,0,0,0,1.11111
1602714582971,10,1010123456033,72,,1,2,4,1,2,,7.8,20,0,0.011245,8,0,10.6667,,0,0,0,0,0,0,0,0,0,,26,24,,0,0,0,0
1602714583221,10,1010123456033,72,,1,2,4,1,2,,16.6667,9,0,0.0107309,4,0,11.8,,0,0,0,0,0,0,0,0,0,,9,8,,0,0,0,0
1602714583471,10,1010123456033,72,,1,2,4,1,2,,12.7857,14,0,0.0109237,6,0,11.6,,0,0,0,0,0,0,0,0,0,,15,14,,0,0,0,0
1602714583722,10,1010123456033,72,,1,2,4,1,2,,0,0,0,0,0,0,3.66667,,7.25,8,0,0.1,3,0,0,17.9491,31,,0,0,,0,0,0,1.5
1602714583971,10,1010123456033,72,,1,2,4,1,2,,11,7,0,0.00536546,3,0,12,,0,0,0,0,0,0,0,0,0,,9,8,,0,0,0,0
1602714584221,10,1010123456033,72,,1,2,4,1,2,,14.7143,14,0,0.0160321,6,0,9.25,,0,0,0,0,0,0,0,0,0,,17,12,,0,0,0,0
1602714584471,10,1010123456033,72,,1,2,4,1,2,,0.652174,69,0,0.0140723,28,0,7.4,,0,2,0,0.1,1,0,0,0,31,,151,148,,0,0,0,0
1602714584721,10,1010123456033,72,,1,2,4,1,2,,12.7778,9,0,0.0106024,4,0,11.2,,1.8,20,0,0.1,8,0,0,6.55306,0,,17,12,,0,0,0,1.3
1602714584971,10,1010123456033,72,,1,2,4,1,2,,16.75,28,0,0.0267952,10,0,11.6,,0,0,0,0,0,0,0,0,0,,17,20,,0,0,0,0
1602714585221,10,1010123456033,72,,1,2,4,1,2,,13.4,5,0,0.00536546,2,0,12,,0,0,0,0,0,0,0,0,0,,3,4,,0,0,0,0
1602714585471,10,1010123456033,72,,1,2,4,1,2,,3.02703,37,0,0.0170602,15,0,10.75,,0,0,0,0,0,0,0,0,0,,66,58,,0,0,0,0
1602714585721,10,1010123456033,72,,1,2,4,1,2,,7.3871,62,0,0.0234538,25,0,6.5,,1.43478,23,0,0.1,9,0,0,6.82455,31,,164,136,,0,0,0,1
1602714585971,10,1010123456033,72,,1,2,4,1,2,,13.6316,19,0,0.0162249,8,0,13.25,,0,0,0,0,0,0,0,0,0,,20,16,,0,0,0,0
1602714586221,10,1010123456033,72,,1,2,4,1,2,,11.0435,23,0,0.0215904,10,0,9.28571,,0,0,0,0,0,0,0,0,0,,97,94,,0,0,0,0
1602714586471,10,1010123456033,72,,1,2,4,1,2,,15.8077,26,0,0.0266345,10,0,13,,0,0,0,0,0,0,0,0,0,,26,20,,0,0,0,0
1602714586721,10,1010123456033,72,,1,2,4,1,2,,3.11594,69,0,0.0241928,29,0,11,,1.16667,18,0,0.1,6,0,0,16.615,31,,136,132,,0,0,0,1
1602714586971,10,1010123456033,72,,1,2,4,1,2,,0.1,57,0,0.00812851,23,0,7.5,,0,0,0,0,0,0,0,0,0,,103,106,,0,0,0,0
1602714587221,10,1010123456033,72,,1,2,4,1,2,,16.3077,26,0,0.0266988,10,0,13.6,,0,0,0,0,0,0,0,0,0,,25,20,,0,0,0,0
1602714587471,10,1010123456033,72,,1,2,4,1,2,,17.6,5,0,0.00536546,2,0,9,,0,0,0,0,0,0,0,0,0,,5,4,,0,0,0,0
1602714587721,10,1010123456033,72,,1,2,4,1,2,,3.07547,53,0,0.0178956,21,0,10,,15,12,0,0,4,100,0,4.56339,0,,81,80,,0,0,0,10
1602714587971,10,1010123456033,72,,1,2,4,1,2,,5.64,25,0,0.011502,10,0,10,,0,0,0,0,0,0,0,0,0,,33,30,,0,0,0,0
1602714588221,10,1010123456033,72,,1,2,4,1,2,,17.5556,18,0,0.0212048,7,0,13.5,,0,0,0,0,0,0,0,0,0,,18,14,,0,0,0,0
1602714588471,10,1010123456033,72,,1,2,4,1,2,,18.7826,23,0,0.026506,9,0,12.5,,0,0,0,0,0,0,0,0,0,,23,20,,0,0,0,0
1602714588721,10,1010123456033,72,,1,2,4,1,2,,12.7778,9,0,0.0106024,4,0,12.25,,2.57143,28,0,0.1,11,9.09091,0,4.9195,31,,16,12,,0,0,0,3.14286
1602714588971,10,1010123456033,72,,1,2,4,1,2,,14.6667,15,0,0.0159357,6,0,13.75,,0,0,0,0,0,0,0,0,0,,18,12,,0,0,0,0
1602714589221,10,1010123456033,72,,1,2,4,1,2,,0,0,0,0,0,0,11.3333,,0,0,0,0,0,0,0,0,0,,0,0,,0,0,0,0
1602714589471,10,1010123456033,72,,1,2,4,1,2,,4.16667,60,0,0.0234217,24,0,8,,0,2,200,0.1,1,0,0,0,31,,91,90,,0,0,0,0
1602714589721,10,1010123456033,72,,1,2,4,1,2,,13.9,10,0,0.0106345,4,0,13,,1.18182,11,0,0.1,4,0,0,3.17327,0,,15,10,,0,0,0,1.63636
1602714589971,10,1010123456033,72,,1,2,4,1,2,,0,4,0,0.00533333,2,0,13.3333,,0,0,0,0,0,0,0,0,0,,3,4,,0,0,0,0
1602714590222,10,1010123456033,72,,1,2,4,1,2,,14.4,5,0,0.00528,2,0,10.5,,0,0,0,0,0,0,0,0,0,,6,4,,0,0,0,0
1602714590471,10,1010123456033,72,,1,2,4,1,2,,10.225,40,0,0.0324819,16,0,11.5,,0,2,102,0.1,1,0,0,0,31,,56,48,,0,0,0,0
1602714590721,10,1010123456033,72,,1,2,4,1,2,,0,4,0,0.00533333,2,0,10,,0.1,18,0,0.1,7,0,0,4.27359,0,,4,4,,0,0,0,1
1602714590971,10,1010123456033,72,,1,2,4,1,2,,12.6296,27,0,0.0215582,11,0,11.3333,,0,0,0,0,0,0,0,0,0,,23,24,,0,0,0,0
1602714591221,10,1010123456033,72,,1,2,4,1,2,,12,17,0,0.010988,7,0,11,,0,0,0,0,0,0,0,0,0,,18,16,,0,0,0,0
1602714591471,10,1010123456033,72,,1,2,4,1,2,,11.6875,16,0,0.0109558,6,0,11.25,,0,0,0,0,0,0,0,0,0,,24,22,,0,0,0,0
1602714591721,10,1010123456033,72,,1,2,4,1,2,,4.46667,60,0,0.0234217,25,0,7.33333,,3.04,25,0,0.1,10,0,0,7.29568,31,,101,100,,0,0,0,1.48
1602714591971,10,1010123456033,72,,1,2,4,1,2,,17,10,0,0.0106667,4,0,9.33333,,0,0,0,0,0,0,0,0,0,,37,28,,0,0,0,0
1602714592221,10,1010123456033,72,,1,2,4,1,2,,11.7826,23,158,0.0215582,9,0,12.25,,0,0,0,0,0,0,0,0,0,,26,20,,0,0,0,0
1602714592471,10,1010123456033,72,,1,2,4,1,2,,13.8421,19,0,0.0213333,8,0,6.8,,0.1,3,200,0.1,1,0,0,3.5444,31,,19,16,,0,0,0,1
1602714592721,10,1010123456033,72,,1,2,4,1,2,,16.6087,23,0,0.0265382,9,0,13.2,,5.17647,17,0,0.1,8,12.5,0,11.1179,0,,25,18,,0,0,0,2.29412
1602714592971,10,1010123456033,72,,1,2,4,1,2,,16.2,15,0,0.0160321,6,0,13.3333,,0,0,0,0,0,0,0,0,0,,16,12,,0,0,0,0
1602714593221,10,1010123456033,72,,1,2,4,1,2,,15.5556,18,0,0.0161928,7,0,12.25,,0,0,0,0,0,0,0,0,0,,18,14,,0,0,0,0
1602714593471,10,1010123456033,72,,1,2,4,1,2,,6.92,50,0,0.0177671,20,0,9.5,,0,0,0,0,0,0,0,0,0,,31,40,,0,0,0,0
1602714593721,10,1010123456033,72,,1,2,4,1,2,,4.28571,42,0,0.0121767,15,0,8,,2.28571,21,0,0.1,8,0,0,6.7433,31,,63,58,,0,0,0,2.09524
1602714593971,10,1010123456033,72,,1,2,4,1,2,,14.2941,17,0,0.0215582,9,0,11.3333,,0,0,0,0,0,0,0,0,0,,21,16,,0,0,0,0
1602714594221,10,1010123456033,72,,1,2,4,1,2,,0,0,0,0,0,0,13.25,,0,0,0,0,0,0,0,0,0,,0,0,,0,0,0,0
1602714594471,10,1010123456033,72,,1,2,4,1,2,,1.39683,63,0,0.0134297,25,0,9.75,,0,0,0,0,0,0,0,0,0,,115,112,,0,0,0,0
1602714594721,10,1010123456033,72,,1,2,4,1,2,,13.5556,9,0,0.0106988,4,0,10,,0.357143,28,0,0.1,11,0,0,7.73712,31,,11,10,,0,0,0,1
1602714594971,10,1010123456033,72,,1,2,4,1,2,,15.2,10,0,0.0106988,4,0,14,,0,0,0,0,0,0,0,0,0,,10,12,,0,0,0,0
1602714595221,10,1010123456033,72,,1,2,4,1,2,,15.8889,9,0,0.0106667,4,0,8.75,,0,0,0,0,0,0,0,0,0,,12,8,,0,0,0,0
1602714595471,10,1010123456033,72,,1,2,4,1,2,,17,5,0,0.00533333,2,0,11.3333,,0,0,0,0,0,0,0,0,0,,6,4,,0,0,0,0
1602714595721,10,1010123456033,72,,1,2,4,1,2,,13.2308,26,0,0.0214618,10,0,13.5,,0.1,30,0,0.1,12,0,0,6.50066,31,,26,22,,0,0,0,1
1602714595971,10,1010123456033,72,,1,2,4,1,2,,17,15,0,0.016,6,0,6.33333,,0,0,0,0,0,0,0,0,0,,18,12,,0,0,0,0
1602714596221,10,1010123456033,72,,1,2,4,1,2,,0,3,0,0.0053012,2,0,9.33333,,0,0,0,0,0,0,0,0,0,,6,4,,0,0,0,0
1602714596472,10,1010123456033,72,,1,2,4,1,2,,14.0833,24,0,0.015968,7,0,13,,0,0,0,0,0,0,0,0,0,,31,24,,0,0,0,0
1602714596721,10,1010123456033,72,,1,2,4,1,2,,8.25,4,0,0.0106667,4,0,14,,1.25,16,0,0.1,7,0,0,6.31891,31,,4,4,,0,0,0,1.875
1602714596971,10,1010123456033,72,,1,2,4,1,2,,17.5,10,0,0.0106667,4,0,11.6667,,0,0,0,0,0,0,0,0,0,,11,8,,0,0,0,0
1602714597221,10,1010123456033,72,,1,2,4,1,2,,17,5,0,0.00533333,2,0,9.66667,,0,0,0,0,0,0,0,0,0,,4,4,,0,0,0,0
1602714597471,10,1010123456033,72,,1,2,4,1,2,,14.3333,18,115,0.0163213,6,0,11.3333,,0.1,3,200,0.1,1,0,0,4.94402,31,,26,16,,0,0,0,1
1602714597721,10,1010123456033,72,,1,2,4,1,2,,12.0769,26,0,0.0174779,9,0,10.3333,,0.1,12,0,0.1,5,0,0,5.1246,0,,27,24,,0,0,0,1
1602714597971,10,1010123456033,72,,1,2,4,1,2,,15.8889,9,0,0.0147149,6,0,11.4,,0,0,0,0,0,0,0,0,0,,9,8,,0,0,0,0
1602714598221,10,1010123456033,72,,1,2,4,1,2,,12,5,0,0.00533333,2,0,10.3333,,0,0,0,0,0,0,0,0,0,,6,4,,0,0,0,0
1602714598471,10,1010123456033,72,,1,2,4,1,2,,15.2857,14,6,0.0107631,5,0,13.75,,0,0,0,0,0,0,0,0,0,,17,14,,0,0,0,0
1602714598721,10,1010123456033,72,,1,2,4,1,2,,10.3333,9,0,0.0106667,4,0,14,,0.1,32,0,0.1,13,7.69231,0,5.25606,31,,7,6,,0,0,0,1.5625
1602714598971,10,1010123456033,72,,1,2,4,1,2,,0,0,0,0,0,0,13,,0,0,0,0,0,0,0,0,0,,0,0,,0,0,0,0
1602714599221,10,1010123456033,72,,1,2,4,1,2,,13.9167,24,0,0.0216225,10,0,10.6667,,0,0,0,0,0,0,0,0,0,,23,22,,0,0,0,0
1602714599471,10,1010123456033,72,,1,2,4,1,2,,5.57778,45,0,0.0278876,18,0,9.33333,,0,0,0,0,0,0,0,0,0,,73,66,,0,0,0,0
1602714599721,10,1010123456033,72,,1,2,4,1,2,,0,4,0,0.00536546,2,0,11,,1.77778,27,0,0.1,11,9.09091,0,5.60606,31,,3,4,,0,0,0,2.18519
1602714599971,10,1010123456033,72,,1,2,4,1,2,,14.5,10,0,0.0106667,4,0,10.75,,0,0,0,0,0,0,0,0,0,,10,8,,0,0,0,0
1602714600221,10,1010123456033,72,,1,2,4,1,2,,14.8889,9,0,0.0106667,4,0,13.5,,0,0,0,0,0,0,0,0,0,,10,10,,0,0,0,0
1602714600471,10,1010123456033,72,,1,2,4,1,2,,15.7778,9,0,0.0107309,4,0,13.5,,0,0,0,0,0,0,0,0,0,,14,12,,0,0,0,0
1602714600721,10,1010123456033,72,,1,2,4,1,2,,16.4118,17,0,0.0212048,7,0,13,,0.1,21,0,0.1,9,0,0,6.45169,31,,25,16,,0,0,0,1
1602714600971,10,1010123456033,72,,1,2,4,1,2,,13.8889,9,0,0.0106988,4,0,13.6667,,0,0,0,0,0,0,0,0,0,,9,8,,0,0,0,0
1602714601221,10,1010123456033,72,,1,2,4,1,2,,14.9231,13,0,0.016,6,0,13.4,,0,0,0,0,0,0,0,0,0,,15,12,,0,0,0,0
1602714601471,10,1010123456033,72,,1,2,4,1,2,,13.4615,13,0,0.0107631,5,0,13.1667,,0,0,0,0,0,0,0,0,0,,14,12,,0,0,0,0
1602714601721,10,1010123456033,72,,1,2,4,1,2,,13.3636,11,0,0.0106667,4,0,12.3333,,0.1,27,0,0.1,11,9.09091,0,4.35355,31,,8,8,,0,0,0,1.66667
1602714601971,10,1010123456033,72,,1,2,4,1,2,,0.1,59,0,0.00812851,23,0,9.4,,0,0,0,0,0,0,0,0,0,,121,120,,0,0,0,0
1602714602221,10,1010123456033,72,,1,2,4,1,2,,17.85,20,0,0.0213333,8,0,11,,0,0,0,0,0,0,0,0,0,,18,16,,0,0,0,0
1602714602471,10,1010123456033,72,,1,2,4,1,2,,0,0,0,0,0,0,8.75,,0,0,0,0,0,0,0,0,0,,0,0,,0,0,0,0
1602714602721,10,1010123456033,72,,1,2,4,1,2,,9.38461,13,0,0.00562249,5,0,12.5,,0.777778,18,0,0.1,8,0,0,4.79368,31,,7,10,,0,0,0,1
1602714602972,10,1010123456033,72,,1,2,4,1,2,,13.9091,11,0,0.010656,4,0,8,,0,0,0,0,0,0,0,0,0,,11,8,,0,0,0,0
1602714603221,10,1010123456033,72,,1,2,4,1,2,,13.5294,17,0,0.0161285,7,0,9.8,,0,0,0,0,0,0,0,0,0,,164,158,,0,0,0,0
1602714603471,10,1010123456033,72,,1,2,4,1,2,,13.7778,9,0,0.0106345,4,0,11.5,,0,0,0,0,0,0,0,0,0,,13,8,,0,0,0,0
1602714603721,10,1010123456033,72,,1,2,4,1,2,,13.1429,14,158,0.0107952,5,0,5.25,,0.1,15,0,0.1,6,0,0,13.4442,31,,41,64,,0,0,0,1
1602714603971,10,1010123456033,72,,1,2,4,1,2,,5.075,40,0,0.0172851,16,0,13,,14.8571,28,0,0.1,10,90,0,3.92746,0,,61,60,,0,0,0,9.92857
1602714604221,10,1010123456033,72,,1,2,4,1,2,,15.3333,15,0,0.016,6,0,9,,0,0,0,0,0,0,0,0,0,,13,12,,0,0,0,0
1602714604471,10,1010123456033,72,,1,2,4,1,2,,21,8,0,0,0,0,10,,0,0,0,0,0,0,0,0,0,,6,6,,0,0,0,0
1602714604721,10,1010123456033,72,,1,2,4,1,2,,16.2857,14,0,0.026506,9,0,14,,1.79167,24,0,0.1,9,0,0,5.23988,31,,19,12,,0,0,0,1.25
1602714604971,10,1010123456033,72,,1,2,4,1,2,,13.5333,15,0,0.016,6,0,11,,0,0,0,0,0,0,0,0,0,,23,16,,0,0,0,0
1602714605221,10,1010123456033,72,,1,2,4,1,2,,16.8,5,0,0.00533333,2,0,9,,0,0,0,0,0,0,0,0,0,,5,4,,0,0,0,0
1602714605471,10,1010123456033,72,,1,2,4,1,2,,16.7,20,0,0.0213655,8,0,10.75,,0,0,0,0,0,0,0,0,0,,17,16,,0,0,0,0
1602714605721,10,1010123456033,72,,1,2,4,1,2,,2.07246,69,158,0.0187952,27,0,10.3333,,3.63636,33,0,0.1,14,28.5714,0,5.58897,31,,165,166,,0,0,0,3.18182
1602714605971,10,1010123456033,72,,1,2,4,1,2,,16.5714,7,0,0.0105382,3,0,14,,0,0,0,0,0,0,0,0,0,,27,32,,0,0,0,0
1602714606221,10,1010123456033,72,,1,2,4,1,2,,13.3636,11,0,0.0106667,4,0,11.6667,,0,0,0,0,0,0,0,0,0,,7,8,,0,0,0,0
1602714606471,10,1010123456033,72,,1,2,4,1,2,,12.125,16,0,0.0110522,6,0,14,,0,0,0,0,0,0,0,0,0,,15,14,,0,0,0,0
1602714606721,10,1010123456033,72,,1,2,4,1,2,,14.5,6,0,0.00533333,2,0,13.5,,1.05263,19,0,0.1,8,0,0,5.56537,31,,11,4,,0,0,0,1
1602714606971,10,1010123456033,72,,1,2,4,1,2,,13.3243,37,0,0.0325141,15,0,4.5,,0,0,0,0,0,0,0,0,0,,75,68,,0,0,0,0
1602714607221,10,1010123456033,72,,1,2,4,1,2,,16.5217,23,0,0.0267631,10,0,10.75,,0,0,0,0,0,0,0,0,0,,30,20,,0,0,0,0
1602714607471,10,1010123456033,72,,1,2,4,1,2,,13.3077,13,158,0.0107952,5,0,8.8,,0,0,0,0,0,0,0,0,0,,20,22,,0,0,0,0
1602714607721,10,1010123456033,72,,1,2,4,1,2,,13.9231,13,0,0.0107309,5,0,11.75,,7.61538,26,0,0.1,10,40,0,7.09706,31,,14,12,,0,0,0,5.15385
1602714607971,10,1010123456033,72,,1,2,4,1,2,,0,0,0,0,0,0,6.66667,,0,0,0,0,0,0,0,0,0,,0,0,,0,0,0,0
1602714608221,10,1010123456033,72,,1,2,4,1,2,,15.4444,18,0,0.0213976,8,0,11.1667,,0,0,0,0,0,0,0,0,0,,35,34,,0,0,0,0
1602714608471,10,1010123456033,72,,1,2,4,1,2,,15,11,0,0.0107309,4,0,9.66667,,0,0,0,0,0,0,0,0,0,,9,8,,0,0,0,0
1602714608721,10,1010123456033,72,,1,2,4,1,2,,17,21,0,0.021494,8,0,13.3333,,16,12,0,0,4,100,0,5.96842,0,,21,16,,0,0,0,10
1602714608971,10,1010123456033,72,,1,2,4,1,2,,14.4,5,0,0.0053012,2,0,10.75,,0,0,0,0,0,0,0,0,0,,6,4,,0,0,0,0
1602714609221,10,1010123456033,72,,1,2,4,1,2,,15.125,16,0,0.016,6,0,8.8,,0,0,0,0,0,0,0,0,0,,16,12,,0,0,0,0
1602714609471,10,1010123456033,72,,1,2,4,1,2,,0.610169,59,0,0.0133012,24,0,0.5,,0,0,0,0,0,0,0,0,0,,102,96,,0,0,0,0
1602714609721,10,1010123456033,72,,1,2,4,1,2,,14.2917,24,0,0.0160964,7,0,10.5,,5.80952,21,0,0.1,9,0,0,10.2253,31,,57,30,,0,0,0,1.80952
1602714609971,10,1010123456033,72,,1,2,4,1,2,,14.7586,29,0,0.0373976,14,0,13.2,,0,0,0,0,0,0,0,0,0,,27,24,,0,0,0,0
1602714610221,10,1010123456033,72,,1,2,4,1,2,,13.9,10,0,0.0106667,4,0,13,,0,0,0,0,0,0,0,0,0,,12,8,,0,0,0,0
1602714610471,10,1010123456033,72,,1,2,4,1,2,,14.3,10,0,0.0053012,2,0,12,,0,0,0,0,0,0,0,0,0,,14,10,,0,0,0,0
1602714610721,10,1010123456033,72,,1,2,4,1,2,,10.7,10,0,0.0108916,6,0,12.6,,1.5,12,0,0.1,5,0,0,3.85596,31,,10,8,,0,0,0,1.83333
1602714610971,10,1010123456033,72,,1,2,4,1,2,,2.02151,93,0,0.0255422,38,0,9.8,,0,0,0,0,0,0,0,0,0,,160,156,,0,0,0,0
1602714611221,10,1010123456033,72,,1,2,4,1,2,,10.3659,41,0,0.0275663,17,0,7.66667,,0,0,0,0,0,0,0,0,0,,43,42,,0,0,0,0
1602714611471,10,1010123456033,72,,1,2,4,1,2,,1.45902,61,0,0.0133333,24,0,10.25,,0,0,0,0,0,0,0,0,0,,99,96,,0,0,0,0
1602714611721,10,1010123456033,72,,1,2,4,1,2,,0,0,0,0,0,0,11.3333,,0,0,0,0,0,0,0,0,0,,0,0,,0,0,0,0
1602714611971,10,1010123456033,72,,1,2,4,1,2,,17,5,0,0.00533333,2,0,14,,0,0,0,0,0,0,0,0,0,,4,4,,0,0,0,0
1602714612221,10,1010123456033,72,,1,2,4,1,2,,11.5652,23,0,0.0117912,7,0,7.66667,,2.16667,12,0,0.1,5,0,0,9.3739,31,,39,36,,0,0,0,1.25
1602714612471,10,1010123456033,72,,1,2,4,1,2,,16,20,0,0.031261,11,0,9.33333,,0,0,0,0,0,0,0,0,0,,20,16,,0,0,0,0
1602714612721,10,1010123456033,72,,1,2,4,1,2,,0.713636,220,48,0.0323213,83,0,2.66667,,0,10,0,0.1,5,80,0,0,0,,390,386,,0,0,0,0
1602714612971,10,1010123456033,72,,1,2,4,1,2,,12.1944,36,0,0.0318072,20,0,10,,0,0,0,0,0,0,0,0,0,,47,40,,0,0,0,0
1602714613221,10,1010123456033,72,,1,2,4,1,2,,10.9412,17,0,0.010988,7,0,12,,0,0,0,0,0,0,0,0,0,,18,14,,0,0,0,0
1602714613471,10,1010123456033,72,,1,2,4,1,2,,7.82759,29,273,0.0170924,9,0,7,,0,0,0,0,0,0,0,0,0,,57,56,,0,0,0,0
1602714613721,10,1010123456033,72,,1,2,4,1,2,,4.43662,71,158,0.0340241,33,0,7.5,,13,9,0,0.1,4,50,0,10.6206,31,,279,272,,0,0,0,6.11111
1602714613971,10,1010123456033,72,,1,2,4,1,2,,5.10204,49,0,0.0230683,20,0,13.6667,,0,0,0,0,0,0,0,0,0,,69,68,,0,0,0,0
1602714614221,10,1010123456033,72,,1,2,4,1,2,,3.73973,73,0,0.0293333,30,0,7.5,,0,0,0,0,0,0,0,0,0,,118,112,,0,0,0,0
1602714614471,10,1010123456033,72,,1,2,4,1,2,,5.06,50,214,0.0177028,19,0,10.25,,0,0,0,0,0,0,0,0,0,,62,62,,0,0,0,0
1602714614721,10,1010123456033,72,,1,2,4,1,2,,16.037,27,0,0.0265382,10,0,13.25,,0.428571,14,0,0.1,6,0,0,4.34511,31,,34,26,,0,0,0,1
1602714614971,10,1010123456033,72,,1,2,4,1,2,,16.3939,33,0,0.0406104,14,0,13,,0,0,0,0,0,0,0,0,0,,27,28,,0,0,0,0
1602714615221,10,1010123456033,72,,1,2,4,1,2,,1.37097,62,0,0.0154217,26,0,8.8,,0,0,0,0,0,0,0,0,0,,100,100,,0,0,0,0
1602714615471,10,1010123456033,72,,1,2,4,1,2,,14.5,10,0,0.0106667,4,0,14,,0,0,0,0,0,0,0,0,0,,9,8,,0,0,0,0
1602714615721,10,1010123456033,72,,1,2,4,1,2,,17.3846,13,0,0.0160964,6,0,14,,0.173913,23,0,0.1,9,0,0,3.78869,31,,19,14,,0,0,0,1
1602714615971,10,1010123456033,72,,1,2,4,1,2,,13.1429,7,0,0.00549398,3,0,12.8,,0,0,0,0,0,0,0,0,0,,4,6,,0,0,0,0
1602714616221,10,1010123456033,72,,1,2,4,1,2,,17.6,10,0,0.0106024,4,0,13,,0,0,0,0,0,0,0,0,0,,13,8,,0,0,0,0
1602714616471,10,1010123456033,72,,1,2,4,1,2,,18.2632,19,0,0.0214618,8,0,8.66667,,0,0,0,0,0,0,0,0,0,,18,16,,0,0,0,0
1602714616721,10,1010123456033,72,,1,2,4,1,2,,17.6,5,0,0.00536546,2,0,13.6667,,3.36842,19,0,0.1,8,0,0,6.08629,31,,10,4,,0,0,0,1.47368
1602714616971,10,1010123456033,72,,1,2,4,1,2,,14.5,10,0,0.0106667,4,0,11.5,,0,0,0,0,0,0,0,0,0,,11,8,,0,0,0,0
1602714617221,10,1010123456033,72,,1,2,4,1,2,,5.07547,53,0,0.0230683,21,0,6.75,,0,0,0,0,0,0,0,0,0,,64,68,,0,0,0,0
1602714617471,10,1010123456033,72,,1,2,4,1,2,,13.5789,19,0,0.0163213,8,0,11.5,,0,0,0,0,0,0,0,0,0,,19,16,,0,0,0,0
1602714617721,10,1010123456033,72,,1,2,4,1,2,,17.6,5,0,0.00536546,2,0,12,,2.66667,9,0,0.1,4,0,0,10.107,31,,5,4,,0,0,0,1
1602714617971,10,1010123456033,72,,1,2,4,1,2,,16.6667,15,0,0.016,6,0,12.3333,,0,0,0,0,0,0,0,0,0,,16,12,,0,0,0,0
1602714618221,10,1010123456033,72,,1,2,4,1,2,,0,4,0,0.00533333,2,0,9.66667,,0,0,0,0,0,0,0,0,0,,5,4,,0,0,0,0
1602714618471,10,1010123456033,72,,1,2,4,1,2,,11.6667,12,0,0.0109558,5,0,8,,0,0,0,0,0,0,0,0,0,,17,12,,0,0,0,0
1602714618721,10,1010123456033,72,,1,2,4,1,2,,15.5417,24,0,0.0266667,10,0,14,,0.173913,23,0,0.1,9,0,0,6.48952,31,,25,20,,0,0,0,1
1602714618971,10,1010123456033,72,,1,2,4,1,2,,17,5,0,0.00533333,2,0,14,,0,0,0,0,0,0,0,0,0,,8,4,,0,0,0,0
1602714619221,10,1010123456033,72,,1,2,4,1,2,,13.25,20,0,0.0213333,8,0,10,,0,0,0,0,0,0,0,0,0,,20,16,,0,0,0,0
1602714619471,10,1010123456033,72,,1,2,4,1,2,,14.1667,12,0,0.00549398,3,0,8.5,,0,0,0,0,0,0,0,0,0,,15,12,,0,0,0,0
1602714619721,10,1010123456033,72,,1,2,4,1,2,,4.36735,49,0,0.0283695,22,0,10.5,,1.3,10,0,0.1,4,0,0,7.92302,31,,75,70,,0,0,0,1
1602714619971,10,1010123456033,72,,1,2,4,1,2,,1.79104,67,0,0.0187952,27,0,8,,0,0,0,0,0,0,0,0,0,,106,104,,0,0,0,0
1602714620221,10,1010123456033,72,,1,2,4,1,2,,13.9,20,0,0.0213976,8,0,10.75,,0,0,0,0,0,0,0,0,0,,24,20,,0,0,0,0
1602714620471,10,1010123456033,72,,1,2,4,1,2,,4.55263,76,0,0.0293655,30,0,10.5,,0,0,0,0,0,0,0,0,0,,122,116,,0,0,0,0
1602714620721,10,1010123456033,72,,1,2,4,1,2,,20.4,10,0,0.0157108,4,0,8,,0.545455,11,1132,0.1,4,0,0,5.01431,31,,26,20,,0,0,0,1
1602714620971,10,1010123456033,72,,1,2,4,1,2,,14.5,16,0,0.0160321,6,0,11.6667,,0.1,12,0,0.1,5,0,0,5.06031,0,,17,12,,0,0,0,1
1602714621221,10,1010123456033,72,,1,2,4,1,2,,11.5385,13,0,0.0106024,4,0,12.3333,,0,0,0,0,0,0,0,0,0,,20,12,,0,0,0,0
1602714621471,10,1010123456033,72,,1,2,4,1,2,,12.375,8,0,0.005751,4,0,8.5,,0,0,0,0,0,0,0,0,0,,5,6,,0,0,0,0
1602714621721,10,1010123456033,72,,1,2,4,1,2,,9.72727,11,0,0.0055261,4,0,6.2,,3.73333,30,0,0.1,13,30.7692,0,5.41964,31,,11,10,,0,0,0,3.4
1602714621971,10,1010123456033,72,,1,2,4,1,2,,15.8889,9,0,0.0106667,4,0,13.3333,,0,0,0,0,0,0,0,0,0,,8,8,,0,0,0,0
1602714622221,10,1010123456033,72,,1,2,4,1,2,,6.45614,57,0,0.0286265,22,0,10.6667,,0,0,0,0,0,0,0,0,0,,70,66,,0,0,0,0
1602714622471,10,1010123456033,72,,1,2,4,1,2,,15.25,16,0,0.0159357,6,0,13.5,,0,0,0,0,0,0,0,0,0,,16,12,,0,0,0,0
1602714622722,10,1010123456033,72,,1,2,4,1,2,,15.0833,12,0,0.010688,5,0,11,,9.09091,22,0,0.1,9,44.4444,0,6.58434,31,,19,14,,0,0,0,5.5
1602714622971,10,1010123456033,72,,1,2,4,1,2,,13.9375,16,0,0.0161285,6,0,7.5,,0,0,0,0,0,0,0,0,0,,47,48,,0,0,0,0
1602714623221,10,1010123456033,72,,1,2,4,1,2,,15.6,10,0,0.0109237,4,0,10.4,,0,0,0,0,0,0,0,0,0,,13,10,,0,0,0,0
1602714623471,10,1010123456033,72,,1,2,4,1,2,,17,5,0,0.00533333,2,0,11.5,,0,0,0,0,0,0,0,0,0,,8,4,,0,0,0,0
1602714623721,10,1010123456033,72,,1,2,4,1,2,,0,0,0,0,0,0,10.4,,0,0,0,0,0,0,0,0,0,,0,0,,0,0,0,0
1602714623971,10,1010123456033,72,,1,2,4,1,2,,3.5625,48,0,0.0178313,19,0,7.66667,,0.1,22,0,0.1,9,0,0,6.94929,31,,81,76,,0,0,0,1
1602714624221,10,1010123456033,72,,1,2,4,1,2,,15.1579,19,0,0.0213333,8,0,10.6667,,0,0,0,0,0,0,0,0,0,,40,16,,0,0,0,0
1602714624471,10,1010123456033,72,,1,2,4,1,2,,0,0,0,0,0,0,11,,0,0,0,0,0,0,0,0,0,,0,0,,0,0,0,0
1602714624721,10,1010123456033,72,,1,2,4,1,2,,11.9474,19,0,0.0162249,8,0,12.3333,,0.1,22,0,0.1,9,0,0,4.94112,31,,23,16,,0,0,0,1
1602714624971,10,1010123456033,72,,1,2,4,1,2,,16.2,25,0,0.0213655,8,0,13.5,,0,0,0,0,0,0,0,0,0,,41,24,,0,0,0,0
1602714625221,10,1010123456033,72,,1,2,4,1,2,,13.75,32,6,0.0375261,15,0,11.3333,,0,0,0,0,0,0,0,0,0,,38,32,,0,0,0,0
1602714625471,10,1010123456033,72,,1,2,4,1,2,,1.70213,94,0,0.0306827,39,0,8,,0,0,0,0,0,0,0,0,0,,161,156,,0,0,0,0
1602714625721,10,1010123456033,72,,1,2,4,1,2,,17.6,5,0,0.00536546,2,0,11,,0.482759,29,0,0.1,12,0,0,4.75973,31,,4,4,,0,0,0,1
1602714625971,10,1010123456033,72,,1,2,4,1,2,,13.4,5,0,0.00536546,2,0,13,,0,0,0,0,0,0,0,0,0,,6,4,,0,0,0,0
1602714626221,10,1010123456033,72,,1,2,4,1,2,,17,5,0,0.00533333,2,0,11.25,,0,0,0,0,0,0,0,0,0,,5,4,,0,0,0,0
1602714626471,10,1010123456033,72,,1,2,4,1,2,,0.991597,119,0,0.0164177,47,0,9.2,,0,0,0,0,0,0,0,0,0,,174,174,,0,0,0,0
1602714626721,10,1010123456033,72,,1,2,4,1,2,,12,10,0,0.0103775,3,0,10.3333,,1.26667,15,0,0.1,6,0,0,10.3032,31,,10,8,,0,0,0,1
1602714626971,10,1010123456033,72,,1,2,4,1,2,,14.5,6,0,0.00562249,3,0,9.33333,,0,0,0,0,0,0,0,0,0,,3,4,,0,0,0,0
1602714627221,10,1010123456033,72,,1,2,4,1,2,,3.25,48,0,0.0106667,17,0,10.8,,0,0,0,0,0,0,0,0,0,,116,110,,0,0,0,0
1602714627471,10,1010123456033,72,,1,2,4,1,2,,16.8125,16,0,0.0232932,8,0,13.5,,0,0,0,0,0,0,0,0,0,,14,12,,0,0,0,0
1602714627721,10,1010123456033,72,,1,2,4,1,2,,15.3333,15,0,0.016,6,0,14,,0.1,28,0,0.1,11,0,0,4.61221,31,,16,12,,0,0,0,1.07143
1602714627971,10,1010123456033,72,,1,2,4,1,2,,12,5,0,0.00533333,2,0,13.6667,,0,0,0,0,0,0,0,0,0,,3,4,,0,0,0,0
1602714628221,10,1010123456033,72,,1,2,4,1,2,,12,15,0,0.0106667,4,0,11.25,,0,0,0,0,0,0,0,0,0,,14,12,,0,0,0,0
1602714628471,10,1010123456033,72,,1,2,4,1,2,,14,11,0,0.0161606,7,0,9.8,,0,0,0,0,0,0,0,0,0,,15,16,,0,0,0,0
1602714628721,10,1010123456033,72,,1,2,4,1,2,,16.7273,11,0,0.0106667,4,0,13,,0.1,15,0,0.1,6,0,0,7.57231,31,,8,8,,0,0,0,1
1602714628971,10,1010123456033,72,,1,2,4,1,2,,15.1944,36,0,0.0268916,11,0,12,,0,0,0,0,0,0,0,0,0,,34,26,,0,0,0,0
1602714629221,10,1010123456033,72,,1,2,4,1,2,,3.44776,67,0,0.0291406,29,0,10.5,,0,0,0,0,0,0,0,0,0,,118,112,,0,0,0,0
1602714629471,10,1010123456033,72,,1,2,4,1,2,,16.0588,17,0,0.0213012,7,0,12.3333,,0,0,0,0,0,0,0,0,0,,16,14,,0,0,0,0
1602714629721,10,1010123456033,72,,1,2,4,1,2,,17,5,0,0.00533333,2,0,9.25,,15,12,0,0,4,100,0,4.39476,0,,2,4,,0,0,0,10
1602714629971,10,1010123456033,72,,1,2,4,1,2,,17.6,5,0,0.0053012,2,0,13,,0,0,0,0,0,0,0,0,0,,4,4,,0,0,0,0
1602714630221,10,1010123456033,72,,1,2,4,1,2,,14.95,20,0,0.0213333,8,0,13,,0,0,0,0,0,0,0,0,0,,20,16,,0,0,0,0
1602714630471,10,1010123456033,72,,1,2,4,1,2,,15.9167,12,158,0.0159036,5,0,13.3333,,0.1,3,0,0.1,1,0,0,6.10986,31,,17,12,,0,0,0,1
1602714630721,10,1010123456033,72,,1,2,4,1,2,,14.3889,18,0,0.0160964,7,0,11.6667,,1.23529,17,0,0.1,7,0,0,6.65159,0,,15,14,,0,0,0,1.11765
1602714630971,10,1010123456033,72,,1,2,4,1,2,,0,0,0,0,0,0,8.75,,0,0,0,0,0,0,0,0,0,,0,0,,0,0,0,0
1602714631221,10,1010123456033,72,,1,2,4,1,2,,13.6667,15,0,0.016,6,0,11,,0,0,0,0,0,0,0,0,0,,17,12,,0,0,0,0
1602714631471,10,1010123456033,72,,1,2,4,1,2,,8.28571,42,0,0.0225863,17,0,8.25,,0,0,0,0,0,0,0,0,0,,34,34,,0,0,0,0
1602714631721,10,1010123456033,72,,1,2,4,1,2,,15.6364,11,158,0.0106667,4,0,9.66667,,0.3,20,0,0.1,8,0,0,8.8244,31,,62,58,,0,0,0,1
1602714631971,10,1010123456033,72,,1,2,4,1,2,,16,9,0,0.0106024,4,0,13,,0,0,0,0,0,0,0,0,0,,119,116,,0,0,0,0
1602714632221,10,1010123456033,72,,1,2,4,1,2,,3.83333,30,0,0.0120803,12,0,9,,0,0,0,0,0,0,0,0,0,,49,44,,0,0,0,0
1602714632471,10,1010123456033,72,,1,2,4,1,2,,17,5,0,0.00533333,2,0,8,,0,0,0,0,0,0,0,0,0,,6,4,,0,0,0,0
1602714632721,10,1010123456033,72,,1,2,4,1,2,,17,5,0,0.00533333,2,0,11.6,,0,0,0,0,0,0,0,0,0,,7,4,,0,0,0,0
1602714632971,10,1010123456033,72,,1,2,4,1,2,,12,5,0,0.00533333,2,0,12.3333,,0.1,24,0,0.1,10,0,0,4.76269,31,,2,4,,0,0,0,1
1602714633221,10,1010123456033,72,,1,2,4,1,2,,18,24,14,0.0214297,8,0,13,,0,0,0,0,0,0,0,0,0,,25,18,,0,0,0,0
1602714633471,10,1010123456033,72,,1,2,4,1,2,,13.0769,13,0,0.0160964,6,0,13,,0,0,0,0,0,0,0,0,0,,13,10,,0,0,0,0
1602714633721,10,1010123456033,72,,1,2,4,1,2,,16.5833,24,0,0.0212691,8,0,13,,0.24,25,0,0.1,10,10,0,3.59926,31,,27,20,,0,0,0,1.72
1602714633971,10,1010123456033,72,,1,2,4,1,2,,1.09836,61,0,0.0187952,27,0,6.66667,,0,0,0,0,0,0,0,0,0,,108,104,,0,0,0,0
1602714634221,10,1010123456033,72,,1,2,4,1,2,,17.6,5,0,0.00536546,2,0,12.5,,0,0,0,0,0,0,0,0,0,,5,4,,0,0,0,0
1602714634471,10,1010123456033,72,,1,2,4,1,2,,15.65,20,0,0.0160643,6,0,14,,0,0,0,0,0,0,0,0,0,,20,16,,0,0,0,0
1602714634721,10,1010123456033,72,,1,2,4,1,2,,0,0,0,0.00533333,2,0,7.8,,6.25,8,0,0.1,3,0,0,17.2805,31,,0,0,,0,0,0,1
1602714634971,10,1010123456033,72,,1,2,4,1,2,,3.35211,71,0,0.0239036,28,0,10.8,,0,0,0,0,0,0,0,0,0,,111,110,,0,0,0,0
1602714635221,10,1010123456033,72,,1,2,4,1,2,,21.625,8,0,0.0104418,3,0,7.33333,,0,0,0,0,0,0,0,0,0,,7,6,,0,0,0,0
1602714635471,10,1010123456033,72,,1,2,4,1,2,,17.3333,15,0,0.0107309,4,0,13,,0,0,0,0,0,0,0,0,0,,16,12,,0,0,0,0
1602714635721,10,1010123456033,72,,1,2,4,1,2,,16.5263,19,0,0.0267952,10,0,10.8,,0.1,33,0,0.1,13,7.69231,0,4.84724,31,,19,16,,0,0,0,1.54545
1602714635971,10,1010123456033,72,,1,2,4,1,2,,0,0,0,0,0,0,6.25,,0,0,0,0,0,0,0,0,0,,0,0,,0,0,0,0
1602714636221,10,1010123456033,72,,1,2,4,1,2,,1.34921,63,0,0.0134618,25,0,13,,0,0,0,0,0,0,0,0,0,,106,102,,0,0,0,0
1602714636471,10,1010123456033,72,,1,2,4,1,2,,5.8,35,0,0.0176386,15,0,9,,0,0,0,0,0,0,0,0,0,,67,62,,0,0,0,0
1602714636721,10,1010123456033,72,,1,2,4,1,2,,9.11111,36,0,0.0222329,15,0,8.25,,3.64286,14,0,0.1,5,0,0,8.05455,31,,36,38,,0,0,0,2.07143
1602714636971,10,1010123456033,72,,1,2,4,1,2,,13,12,0,0.0108273,5,0,12,,0,0,0,0,0,0,0,0,0,,11,10,,0,0,0,0
1602714637221,10,1010123456033,72,,1,2,4,1,2,,16.1818,11,0,0.00533333,2,0,10,,0,0,0,0,0,0,0,0,0,,12,8,,0,0,0,0
1602714637471,10,1010123456033,72,,1,2,4,1,2,,13.3333,12,0,0.0161606,7,0,11.25,,0,0,0,0,0,0,0,0,0,,10,10,,0,0,0,0
1602714637721,10,1010123456033,72,,1,2,4,1,2,,12.7692,13,0,0.0160643,6,0,9.83333,,12,7,0,0.1,3,33.3333,0,11.5991,31,,15,12,,0,0,0,5
1602714637971,10,1010123456033,72,,1,2,4,1,2,,15.6154,26,0,0.0266988,10,0,13,,0,0,0,0,0,0,0,0,0,,19,20,,0,0,0,0
1602714638221,10,1010123456033,72,,1,2,4,1,2,,13.9,10,0,0.0106667,4,0,10.6667,,0,0,0,0,0,0,0,0,0,,10,8,,0,0,0,0
1602714638471,10,1010123456033,72,,1,2,4,1,2,,11.1333,15,0,0.0111165,6,0,9.4,,0,0,0,0,0,0,0,0,0,,20,16,,0,0,0,0
1602714638721,10,1010123456033,72,,1,2,4,1,2,,0,0,0,0,0,0,13.3333,,0,0,0,0,0,0,0,0,0,,0,0,,0,0,0,0
1602714638971,10,1010123456033,72,,1,2,4,1,2,,6.27027,37,0,0.0226185,15,0,9.4,,3,30,0,0.1,12,0,0,12.1841,31,,64,62,,0,0,0,1
1602714639221,10,1010123456033,72,,1,2,4,1,2,,16,6,0,0.0053012,2,0,11.3333,,0,0,0,0,0,0,0,0,0,,4,4,,0,0,0,0
1602714639471,10,1010123456033,72,,1,2,4,1,2,,9.36364,22,0,0.0163534,9,0,7.33333,,15,3,200,0.1,1,0,0,20.2795,31,,51,50,,0,0,0,1
1602714639721,10,1010123456033,72,,1,2,4,1,2,,0.1,58,0,0.00812851,23,0,4.75,,6.19048,21,0,0.1,9,44.4444,0,10.7006,31,,192,200,,0,0,0,4.42857
1602714639971,10,1010123456033,72,,1,2,4,1,2,,5.75,32,259,0.0131406,11,0,11,,0,0,0,0,0,0,0,0,0,,96,92,,0,0,0,0
1602714640221,10,1010123456033,72,,1,2,4,1,2,,8.625,8,0,0.00906024,4,0,11.3333,,0,0,0,0,0,0,0,0,0,,16,16,,0,0,0,0
1602714640471,10,1010123456033,72,,1,2,4,1,2,,1.37097,62,0,0.0134618,25,0,6.4,,0,0,0,0,0,0,0,0,0,,103,100,,0,0,0,0
1602714640721,10,1010123456033,72,,1,2,4,1,2,,0.1,111,0,0.0159036,45,0,7.75,,0,4,0,0.1,2,0,0,0,31,,216,218,,0,0,0,0
1602714640971,10,1010123456033,72,,1,2,4,1,2,,11,8,0,0.00536546,3,0,10,,0,0,0,0,0,0,0,0,0,,9,8,,0,0,0,0
1602714641221,10,1010123456033,72,,1,2,4,1,2,,15.75,20,0,0.0212691,8,0,13,,0,0,0,0,0,0,0,0,0,,20,16,,0,0,0,0
1602714641471,10,1010123456033,72,,1,2,4,1,2,,0,4,0,0.00536546,2,0,3.5,,0,0,0,0,0,0,0,0,0,,3,4,,0,0,0,0
1602714641721,10,1010123456033,72,,1,2,4,1,2,,17.6,10,0,0.0106667,4,0,13,,15,12,0,0,4,100,0,4.22862,0,,11,8,,0,0,0,10
1602714641971,10,1010123456033,72,,1,2,4,1,2,,21,7,0,0.0104418,3,0,7.33333,,0,0,0,0,0,0,0,0,0,,7,6,,0,0,0,0
1602714642221,10,1010123456033,72,,1,2,4,1,2,,0.1,58,0,0.00812851,23,0,10,,0,0,0,0,0,0,0,0,0,,97,96,,0,0,0,0
1602714642471,10,1010123456033,72,,1,2,4,1,2,,2.10526,57,0,0.0182169,23,0,5.5,,0,0,0,0,0,0,0,0,0,,94,92,,0,0,0,0
1602714642721,10,1010123456033,72,,1,2,4,1,2,,20.1429,7,0,0.010506,3,0,9.66667,,0.555556,36,0,0.1,14,28.5714,0,8.98867,31,,108,106,,0,0,0,3.80556
1602714642971,10,1010123456033,72,,1,2,4,1,2,,15.5,10,0,0.0107309,4,0,13,,0,0,0,0,0,0,0,0,0,,8,8,,0,0,0,0
1602714643221,10,1010123456033,72,,1,2,4,1,2,,16,10,0,0.0106667,4,0,9.8,,0,0,0,0,0,0,0,0,0,,11,8,,0,0,0,0
1602714643471,10,1010123456033,72,,1,2,4,1,2,,15.1818,11,0,0.0104096,3,0,9.75,,0,0,0,0,0,0,0,0,0,,14,10,,0,0,0,0
1602714643721,10,1010123456033,72,,1,2,4,1,2,,13.7647,17,0,0.0162892,7,0,14,,14,9,0,0,4,100,0,2.95082,0,,9,12,,0,0,0,10
1602714643971,10,1010123456033,72,,1,2,4,1,2,,12.0833,12,158,0.0107952,5,0,4.33333,,0,0,0,0,0,0,0,0,0,,13,12,,0,0,0,0
1602714644221,10,1010123456033,72,,1,2,4,1,2,,11.3077,13,0,0.0107952,5,0,10.75,,0,0,0,0,0,0,0,0,0,,11,12,,0,0,0,0
1602714644471,10,1010123456033,72,,1,2,4,1,2,,17.1579,19,0,0.0212691,8,0,13,,0,0,0,0,0,0,0,0,0,,18,18,,0,0,0,0
1602714644721,10,1010123456033,72,,1,2,4,1,2,,12.9123,57,0,0.0486426,24,0,11,,0.1,24,0,0.1,10,0,0,5.10609,31,,72,60,,0,0,0,1
1602714644971,10,1010123456033,72,,1,2,4,1,2,,0,4,0,0.00533333,2,0,14,,0,0,0,0,0,0,0,0,0,,3,4,,0,0,0,0
1602714645221,10,1010123456033,72,,1,2,4,1,2,,17,11,0,0.0106345,4,0,10,,0,0,0,0,0,0,0,0,0,,11,8,,0,0,0,0
1602714645471,10,1010123456033,72,,1,2,4,1,2,,13.6333,30,0,0.0269237,12,0,11.75,,0,0,0,0,0,0,0,0,0,,29,24,,0,0,0,0
1602714645721,10,1010123456033,72,,1,2,4,1,2,,0,0,0,0,0,0,10.25,,13.12,50,0,0.103068,20,60,0,8.09097,31,,0,0,,0,0,0,6.82
1602714645971,10,1010123456033,72,,1,2,4,1,2,,3.83333,36,0,0.0121767,16,0,10,,0,0,0,0,0,0,0,0,0,,92,94,,0,0,0,0
1602714646221,10,1010123456033,72,,1,2,4,1,2,,18.1429,35,0,0.0426667,14,0,11.5,,0,0,0,0,0,0,0,0,0,,32,28,,0,0,0,0
1602714646471,10,1010123456033,72,,1,2,4,1,2,,9.5,12,0,0.00565462,5,0,10.6667,,0,0,0,0,0,0,0,0,0,,10,10,,0,0,0,0
1602714646721,10,1010123456033,72,,1,2,4,1,2,,10.1,30,0,0.0220402,13,0,8,,8.72973,37,0,0.1,15,60,0,6.33821,31,,83,92,,0,0,0,6.91892
1602714646971,10,1010123456033,72,,1,2,4,1,2,,16.8667,15,0,0.0160643,6,0,11.75,,0,0,0,0,0,0,0,0,0,,15,12,,0,0,0,0
1602714647221,10,1010123456033,72,,1,2,4,1,2,,17.3,10,0,0.0106988,4,0,12.4,,0,0,0,0,0,0,0,0,0,,16,10,,0,0,0,0
1602714647471,10,1010123456033,72,,1,2,4,1,2,,0,4,0,0.0053012,2,0,12.75,,0,0,0,0,0,0,0,0,0,,5,4,,0,0,0,0
1602714647721,10,1010123456033,72,,1,2,4,1,2,,10.875,8,0,0.00546185,3,0,11,,0.1,25,0,0.1,10,0,0,4.69762,31,,10,8,,0,0,0,1.24
1602714647971,10,1010123456033,72,,1,2,4,1,2,,13.2,10,0,0.0106345,4,0,8,,0,0,0,0,0,0,0,0,0,,20,16,,0,0,0,0
1602714648221,10,1010123456033,72,,1,2,4,1,2,,8.52,25,0,0.0164819,10,0,11.1667,,0,0,0,0,0,0,0,0,0,,36,36,,0,0,0,0
1602714648471,10,1010123456033,72,,1,2,4,1,2,,14.7647,17,0,0.0161606,7,0,11.5,,0,0,0,0,0,0,0,0,0,,13,16,,0,0,0,0
1602714648721,10,1010123456033,72,,1,2,4,1,2,,17.6,10,0,0.0106667,4,0,10.6667,,0.1,24,0,0.1,10,0,0,6.14078,31,,12,8,,0,0,0,1
1602714648971,10,1010123456033,72,,1,2,4,1,2,,0,0,0,0,0,0,10.25,,0,0,0,0,0,0,0,0,0,,0,0,,0,0,0,0
1602714649221,10,1010123456033,72,,1,2,4,1,2,,15.5,10,0,0.0107309,4,0,9,,0,0,0,0,0,0,0,0,0,,11,8,,0,0,0,0
1602714649471,10,1010123456033,72,,1,2,4,1,2,,13.36,50,0,0.0429558,18,0,13,,0,2,0,0.1,1,0,0,0,31,,91,76,,0,0,0,0
1602714649721,10,1010123456033,72,,1,2,4,1,2,,2.06,50,0,0.0179277,22,0,10.6,,1.10526,19,0,0.1,8,0,0,12.173,0,,83,80,,0,0,0,1
1602714649971,10,1010123456033,72,,1,2,4,1,2,,17.1429,14,0,0.0160321,6,0,12.75,,0,0,0,0,0,0,0,0,0,,13,12,,0,0,0,0
1602714650221,10,1010123456033,72,,1,2,4,1,2,,14.85,20,0,0.0213976,8,0,8.5,,0,0,0,0,0,0,0,0,0,,20,16,,0,0,0,0
1602714650471,10,1010123456033,72,,1,2,4,1,2,,17.75,8,0,0.0105382,3,0,11.6,,0,0,0,0,0,0,0,0,0,,12,8,,0,0,0,0
1602714650721,10,1010123456033,72,,1,2,4,1,2,,14.3846,13,0,0.0108594,5,0,8.75,,0,8,0,0,4,100,0,0,0,,10,10,,0,0,0,0
1602714650971,10,1010123456033,72,,1,2,4,1,2,,15.6364,22,0,0.0213976,8,0,10.25,,0,0,0,0,0,0,0,0,0,,21,16,,0,0,0,0
1602714651221,10,1010123456033,72,,1,2,4,1,2,,17.6,5,158,0.00536546,2,0,10.25,,0,0,0,0,0,0,0,0,0,,8,4,,0,0,0,0
1602714651471,10,1010123456033,72,,1,2,4,1,2,,1.5,62,0,0.013494,25,0,10.6667,,0,0,0,0,0,0,0,0,0,,99,100,,0,0,0,0
1602714651721,10,1010123456033,72,,1,2,4,1,2,,20.1538,13,0,0.0159357,5,0,13,,0.1,28,0,0.1,10,0,0,6.60274,31,,16,10,,0,0,0,1
1602714651971,10,1010123456033,72,,1,2,4,1,2,,0,0,0,0,0,0,12,,0,0,0,0,0,0,0,0,0,,0,0,,0,0,0,0
1602714652221,10,1010123456033,72,,1,2,4,1,2,,13.9,10,0,0.0106667,4,0,9.25,,0,0,0,0,0,0,0,0,0,,14,8,,0,0,0,0
1602714652471,10,1010123456033,72,,1,2,4,1,2,,15.8571,28,0,0.0269237,11,0,6.33333,,0.1,3,193,0.1,1,0,0,5.62943,31,,22,22,,0,0,0,1
1602714652721,10,1010123456033,72,,1,2,4,1,2,,0,0,0,0,0,0,10.25,,3.62162,37,0,0.1,16,25,0,7.51535,0,,0,0,,0,0,0,2.7027
1602714652971,10,1010123456033,72,,1,2,4,1,2,,0,0,0,0,0,0,8.5,,0,0,0,0,0,0,0,0,0,,0,0,,0,0,0,0
1602714653221,10,1010123456033,72,,1,2,4,1,2,,11.8462,13,0,0.0108594,5,0,11,,0,0,0,0,0,0,0,0,0,,15,12,,0,0,0,0
1602714653471,10,1010123456033,72,,1,2,4,1,2,,14.1111,18,0,0.0162892,7,0,11,,0,2,185,0.1,1,0,0,0,31,,24,20,,0,0,0,0
1602714653721,10,1010123456033,72,,1,2,4,1,2,,5.02632,38,0,0.0173173,15,0,6.33333,,1.03448,29,0,0.1,12,0,0,5.8271,0,,56,52,,0,0,0,1
1602714653971,10,1010123456033,72,,1,2,4,1,2,,0,0,0,0,0,0,10.25,,0,0,0,0,0,0,0,0,0,,0,0,,0,0,0,0
1602714654221,10,1010123456033,72,,1,2,4,1,2,,9.81818,11,0,0.00565462,4,0,10.2,,0,0,0,0,0,0,0,0,0,,39,38,,0,0,0,0
1602714654471,10,1010123456033,72,,1,2,4,1,2,,11.8077,26,0,0.0163855,10,0,5,,0,2,0,0.1,1,0,0,0,31,,30,20,,0,0,0,0
1602714654721,10,1010123456033,72,,1,2,4,1,2,,3.52632,19,0,0.00607229,8,0,8.2,,12,52,0,0.1,22,68.1818,0,7.66851,0,,29,30,,0,0,0,7.48077
1602714654971,10,1010123456033,72,,1,2,4,1,2,,5.7973,74,0,0.0292691,30,0,10.3333,,0,0,0,0,0,0,0,0,0,,104,94,,0,0,0,0
1602714655221,10,1010123456033,72,,1,2,4,1,2,,17.6,5,0,0.00536546,2,0,11.6667,,0,0,0,0,0,0,0,0,0,,6,4,,0,0,0,0
1602714655471,10,1010123456033,72,,1,2,4,1,2,,19.1818,11,0,0.0159357,5,0,11.2,,0,0,0,0,0,0,0,0,0,,14,10,,0,0,0,0
1602714655721,10,1010123456033,72,,1,2,4,1,2,,0.1,78,95,0.00989558,28,0,1,,0,4,0,0.1,2,0,0,0,31,,176,176,,0,0,0,0
1602714655971,10,1010123456033,72,,1,2,4,1,2,,4.69565,46,0,0.0223293,23,0,13,,0,0,0,0,0,0,0,0,0,,123,132,,0,0,0,0
1602714656221,10,1010123456033,72,,1,2,4,1,2,,13.75,8,0,0.00549398,3,0,10.6667,,0,0,0,0,0,0,0,0,0,,6,6,,0,0,0,0
1602714656471,10,1010123456033,72,,1,2,4,1,2,,1.63492,63,0,0.0186667,26,0,11.3333,,0,0,0,0,0,0,0,0,0,,112,108,,0,0,0,0
1602714656721,10,1010123456033,72,,1,2,4,1,2,,14.75,12,0,0.0106667,4,0,13,,11.2,15,0,0.1,5,80,0,4.13233,0,,15,12,,0,0,0,8.4
1602714656971,10,1010123456033,72,,1,2,4,1,2,,10.4062,32,0,0.0221044,12,0,10.8333,,0,0,0,0,0,0,0,0,0,,37,32,,0,0,0,0
1602714657221,10,1010123456033,72,,1,2,4,1,2,,14.6667,21,0,0.0214297,8,0,10.2,,0,0,0,0,0,0,0,0,0,,17,16,,0,0,0,0
1602714657471,10,1010123456033,72,,1,2,4,1,2,,3.80303,66,0,0.0237751,27,0,10.5,,0,0,0,0,0,0,0,0,0,,120,118,,0,0,0,0
1602714657721,10,1010123456033,72,,1,2,4,1,2,,4.63415,41,0,0.0172209,16,0,9.4,,12.8824,17,0,0.1,6,66.6667,0,9.31543,31,,71,68,,0,0,0,7.47059
1602714657971,10,1010123456033,72,,1,2,4,1,2,,14.6875,16,0,0.0159679,6,0,10.5,,0,0,0,0,0,0,0,0,0,,14,12,,0,0,0,0
1602714658221,10,1010123456033,72,,1,2,4,1,2,,17.6,5,0,0.0053012,2,0,12.75,,0,0,0,0,0,0,0,0,0,,6,4,,0,0,0,0
1602714658471,10,1010123456033,72,,1,2,4,1,2,,15.2381,21,0,0.0160321,6,0,13,,0,0,0,0,0,0,0,0,0,,22,16,,0,0,0,0
1602714658721,10,1010123456033,72,,1,2,4,1,2,,9.78571,14,0,0.0164498,8,0,11.25,,0,8,0,0,4,100,0,0,0,,16,16,,0,0,0,0
1602714658971,10,1010123456033,72,,1,2,4,1,2,,14.3929,28,0,0.0268594,11,0,12.2,,0,0,0,0,0,0,0,0,0,,24,24,,0,0,0,0
1602714659221,10,1010123456033,72,,1,2,4,1,2,,16.8125,16,0,0.0160321,6,0,13,,0,0,0,0,0,0,0,0,0,,16,12,,0,0,0,0
1602714659471,10,1010123456033,72,,1,2,4,1,2,,16.7,10,0,0.0106988,4,0,10.25,,0.1,3,193,0.1,1,0,0,5.08648,31,,7,8,,0,0,0,1
1602714659721,10,1010123456033,72,,1,2,4,1,2,,0,0,0,0,0,0,8,,1.875,24,0,0.1,10,0,0,8.89326,0,,0,0,,0,0,0,1.25
1602714659971,10,1010123456033,72,,1,2,4,1,2,,15.6316,19,0,0.0213333,8,0,9.33333,,0,0,0,0,0,0,0,0,0,,25,18,,0,0,0,0
1602714660221,10,1010123456033,72,,1,2,4,1,2,,16.6667,24,0,0.0265703,10,0,11.6667,,0,0,0,0,0,0,0,0,0,,31,20,,0,0,0,0
1602714660471,10,1010123456033,72,,1,2,4,1,2,,14.5714,14,0,0.0160643,6,0,9.16667,,0,2,0,0.1,1,0,0,0,31,,18,12,,0,0,0,0
1602714660721,10,1010123456033,72,,1,2,4,1,2,,5.7963,54,0,0.0283695,22,0,10.4,,2.88889,9,0,0.1,4,0,0,8.27066,0,,92,84,,0,0,0,1
1602714660971,10,1010123456033,72,,1,2,4,1,2,,4.38889,54,0,0.0178313,20,0,7,,0,0,0,0,0,0,0,0,0,,83,80,,0,0,0,0
1602714661221,10,1010123456033,72,,1,2,4,1,2,,16,6,0,0.0106667,4,0,12.6,,0,2,0,0.1,1,0,0,0,31,,7,4,,0,0,0,0
1602714661471,10,1010123456033,72,,1,2,4,1,2,,10.8,15,0,0.0108273,6,0,11.25,,0,2,200,0.1,1,0,0,0,31,,19,16,,0,0,0,0
1602714661721,10,1010123456033,72,,1,2,4,1,2,,12.8333,12,0,0.010988,5,0,13,,1.84615,13,0,0.1,5,0,0,5.63608,0,,15,12,,0,0,0,1.23077
1602714661971,10,1010123456033,72,,1,2,4,1,2,,20.75,4,0,0.00536546,2,0,8.33333,,0,0,0,0,0,0,0,0,0,,6,4,,0,0,0,0
1602714662221,10,1010123456033,72,,1,2,4,1,2,,17.6,5,0,0.00536546,2,0,9.33333,,0,0,0,0,0,0,0,0,0,,6,4,,0,0,0,0
1602714662471,10,1010123456033,72,,1,2,4,1,2,,14.0769,13,0,0.0107952,5,0,12.25,,0,0,0,0,0,0,0,0,0,,15,12,,0,0,0,0
1602714662721,10,1010123456033,72,,1,2,4,1,2,,13.2,10,0,0.0106345,4,0,12.3333,,0.1,16,0,0.1,7,0,0,4.54266,31,,11,8,,0,0,0,1
1602714662971,10,1010123456033,72,,1,2,4,1,2,,15.5,10,0,0.0106667,4,0,10.75,,0,0,0,0,0,0,0,0,0,,10,8,,0,0,0,0
1602714663221,10,1010123456033,72,,1,2,4,1,2,,13.4,5,0,0.00536546,2,0,6.5,,0,0,0,0,0,0,0,0,0,,4,4,,0,0,0,0
1602714663471,10,1010123456033,72,,1,2,4,1,2,,8.72727,22,0,0.0166747,9,0,8.6,,0,0,0,0,0,0,0,0,0,,51,36,,0,0,0,0
1602714663721,10,1010123456033,72,,1,2,4,1,2,,12.4615,13,0,0.0107631,5,0,10.25,,3.95652,23,0,0.1,9,0,0,11.8556,31,,12,12,,0,0,0,1
1602714663971,10,1010123456033,72,,1,2,4,1,2,,0,0,0,0,0,0,12.6667,,0,0,0,0,0,0,0,0,0,,0,0,,0,0,0,0
1602714664221,10,1010123456033,72,,1,2,4,1,2,,13.9,10,0,0.0106667,4,0,9.33333,,0,0,0,0,0,0,0,0,0,,44,44,,0,0,0,0
1602714664471,10,1010123456033,72,,1,2,4,1,2,,0.610169,59,0,0.0133012,24,0,8.66667,,0,0,0,0,0,0,0,0,0,,103,104,,0,0,0,0
1602714664721,10,1010123456033,72,,1,2,4,1,2,,13.619,21,0,0.0162249,8,0,8.6,,1.28571,14,0,0.1,6,0,0,6.14467,31,,19,16,,0,0,0,1.42857
1602714664971,10,1010123456033,72,,1,2,4,1,2,,14.3333,12,0,0.0107631,5,0,13,,0,0,0,0,0,0,0,0,0,,11,10,,0,0,0,0
1602714665221,10,1010123456033,72,,1,2,4,1,2,,15.5,14,0,0.0160964,6,0,13,,0,0,0,0,0,0,0,0,0,,15,12,,0,0,0,0
1602714665471,10,1010123456033,72,,1,2,4,1,2,,14.3478,23,0,0.0213976,9,0,7.33333,,0,1,74,0.1,1,0,0,0,31,,24,20,,0,0,0,0
1602714665721,10,1010123456033,72,,1,2,4,1,2,,4.10145,69,0,0.0239036,28,0,9.33333,,0.1,21,0,0.1,9,0,0,4.53555,0,,107,104,,0,0,0,1
1602714665971,10,1010123456033,72,,1,2,4,1,2,,0,0,0,0,0,0,13,,0,0,0,0,0,0,0,0,0,,0,0,,0,0,0,0
1602714666221,10,1010123456033,72,,1,2,4,1,2,,17.8667,15,0,0.0161285,6,0,13,,0,0,0,0,0,0,0,0,0,,15,12,,0,0,0,0
1602714666471,10,1010123456033,72,,1,2,4,1,2,,13.4,5,0,0.00536546,2,0,13,,0,0,0,0,0,0,0,0,0,,4,4,,0,0,0,0
1602714666721,10,1010123456033,72,,1,2,4,1,2,,7.5,10,0,0.00568675,4,0,10.5,,0,0,0,0,0,0,0,0,0,,13,12,,0,0,0,0
1602714666971,10,1010123456033,72,,1,2,4,1,2,,16,10,315,0.0106667,4,0,10.25,,0.1,15,0,0.1,6,0,0,5.04133,31,,62,60,,0,0,0,1
1602714667221,10,1010123456033,72,,1,2,4,1,2,,1,89,0,0.019759,36,0,9.66667,,0,0,0,0,0,0,0,0,0,,179,180,,0,0,0,0
1602714667471,10,1010123456033,72,,1,2,4,1,2,,20,8,0,0.0105703,3,0,11.3333,,0,0,0,0,0,0,0,0,0,,7,6,,0,0,0,0
1602714667721,10,1010123456033,72,,1,2,4,1,2,,16,10,0,0.0106667,4,0,13,,0.173913,23,0,0.1,10,0,0,5.74955,31,,9,8,,0,0,0,1
1602714667971,10,1010123456033,72,,1,2,4,1,2,,13.9,10,0,0.0106667,4,0,11.2,,0,0,0,0,0,0,0,0,0,,11,8,,0,0,0,0
1602714668221,10,1010123456033,72,,1,2,4,1,2,,16.6471,17,0,0.0160643,6,0,13,,0,0,0,0,0,0,0,0,0,,13,12,,0,0,0,0
1602714668471,10,1010123456033,72,,1,2,4,1,2,,13.3846,13,0,0.0108594,5,0,7.66667,,0,0,0,0,0,0,0,0,0,,14,10,,0,0,0,0
1602714668721,10,1010123456033,72,,1,2,4,1,2,,16,10,0,0.0053012,2,0,13,,0.444444,27,0,0.1,10,0,0,5.82469,31,,8,8,,0,0,0,1
1602714668971,10,1010123456033,72,,1,2,4,1,2,,17.6,5,0,0.0106667,4,0,12.75,,0,0,0,0,0,0,0,0,0,,5,4,,0,0,0,0
1602714669221,10,1010123456033,72,,1,2,4,1,2,,14.4,10,0,0.0106024,4,0,12,,0,0,0,0,0,0,0,0,0,,12,8,,0,0,0,0
1602714669471,10,1010123456033,72,,1,2,4,1,2,,10.75,8,0,0.00542972,3,0,11.75,,0,0,0,0,0,0,0,0,0,,9,8,,0,0,0,0
1602714669721,10,1010123456033,72,,1,2,4,1,2,,8.65714,70,0,0.0339598,27,0,9,,15.4203,69,0,0.1,30,83.3333,0,5.93204,31,,71,68,,0,0,0,8.73913
1602714669971,10,1010123456033,72,,1,2,4,1,2,,14.5,6,0,0.00533333,2,0,13.5,,0,0,0,0,0,0,0,0,0,,3,4,,0,0,0,0
1602714670221,10,1010123456033,72,,1,2,4,1,2,,0,0,0,0,0,0,11,,0,0,0,0,0,0,0,0,0,,0,0,,0,0,0,0
1602714670471,10,1010123456033,72,,1,2,4,1,2,,9.10714,28,123,0.016,6,0,9.33333,,0,0,0,0,0,0,0,0,0,,39,36,,0,0,0,0
1602714670721,10,1010123456033,72,,1,2,4,1,2,,2.2807,57,0,0.0191165,29,0,8.8,,8.75,40,0,0.1,16,50,0,8.51175,31,,94,90,,0,0,0,5.45
1602714670971,10,1010123456033,72,,1,2,4,1,2,,10.2105,19,0,0.0111807,8,0,11,,0,0,0,0,0,0,0,0,0,,18,18,,0,0,0,0
1602714671221,10,1010123456033,72,,1,2,4,1,2,,3.1,20,109,0.0064257,5,0,7.5,,0,0,0,0,0,0,0,0,0,,58,56,,0,0,0,0
1602714671471,10,1010123456033,72,,1,2,4,1,2,,1.09009,111,0,0.0258635,48,0,10.25,,0,0,0,0,0,0,0,0,0,,230,228,,0,0,0,0
1602714671721,10,1010123456033,72,,1,2,4,1,2,,14.3846,13,0,0.0160643,6,0,8.25,,15.0833,48,0,0.1,20,80,0,6.74583,31,,14,12,,0,0,0,8.5
1602714671971,10,1010123456033,72,,1,2,4,1,2,,16.8182,33,30,0.0267952,10,0,13,,0,0,0,0,0,0,0,0,0,,41,28,,0,0,0,0
1602714672221,10,1010123456033,72,,1,2,4,1,2,,12,8,0,0.0159679,6,0,13,,0,0,0,0,0,0,0,0,0,,7,6,,0,0,0,0
1602714672471,10,1010123456033,72,,1,2,4,1,2,,0,0,0,0,0,0,7.5,,0,0,0,0,0,0,0,0,0,,0,0,,0,0,0,0
1602714672721,10,1010123456033,72,,1,2,4,1,2,,7.24138,58,0,0.0272771,21,0,13,,2.61538,13,0,0.1,6,0,0,6.62807,31,,99,86,,0,0,0,1.30769
1602714672971,10,1010123456033,72,,1,2,4,1,2,,13.2353,17,0,0.0278554,10,0,12.3333,,0,0,0,0,0,0,0,0,0,,17,14,,0,0,0,0
1602714673221,10,1010123456033,72,,1,2,4,1,2,,3.55,20,0,0.00613655,8,0,7,,0,0,0,0,0,0,0,0,0,,27,28,,0,0,0,0
1602714673471,10,1010123456033,72,,1,2,4,1,2,,9.46667,15,0,0.0108916,6,0,10.6667,,0,0,0,0,0,0,0,0,0,,18,16,,0,0,0,0
1602714673721,10,1010123456033,72,,1,2,4,1,2,,11.2963,27,0,0.0216867,11,0,13.25,,5.68,25,0,0.1,11,36.3636,0,7.47444,31,,29,24,,0,0,0,4.24
1602714673971,10,1010123456033,72,,1,2,4,1,2,,15.5,10,0,0.0107309,4,0,10.6,,0,0,0,0,0,0,0,0,0,,10,8,,0,0,0,0
1602714674221,10,1010123456033,72,,1,2,4,1,2,,16.28,25,0,0.0267631,10,0,13,,0,0,0,0,0,0,0,0,0,,20,20,,0,0,0,0
1602714674471,10,1010123456033,72,,1,2,4,1,2,,15.0714,42,0,0.0427952,16,0,12.3333,,0,0,0,0,0,0,0,0,0,,38,34,,0,0,0,0
1602714674721,10,1010123456033,72,,1,2,4,1,2,,14.5,6,0,0.00533333,2,0,7,,5.53846,26,0,0.1,10,40,0,6.53435,31,,6,4,,0,0,0,5.15385
1602714674971,10,1010123456033,72,,1,2,4,1,2,,13.7333,15,0,0.0160321,6,0,13,,0,0,0,0,0,0,0,0,0,,17,12,,0,0,0,0
1602714675221,10,1010123456033,72,,1,2,4,1,2,,0,0,0,0,0,0,10.8,,0,0,0,0,0,0,0,0,0,,0,0,,0,0,0,0
1602714675471,10,1010123456033,72,,1,2,4,1,2,,8,45,0,0.0227791,19,0,9,,0,0,0,0,0,0,0,0,0,,58,52,,0,0,0,0
1602714675721,10,1010123456033,72,,1,2,4,1,2,,16.9091,22,0,0.0266345,9,0,9.5,,3.51724,29,0,0.1,13,30.7692,0,9.29361,31,,25,18,,0,0,0,3.17241
1602714675971,10,1010123456033,72,,1,2,4,1,2,,15.2381,21,0,0.0203695,7,0,13,,0,0,0,0,0,0,0,0,0,,21,16,,0,0,0,0
1602714676221,10,1010123456033,72,,1,2,4,1,2,,0,0,0,0.00102811,1,0,11.25,,0,0,0,0,0,0,0,0,0,,0,0,,0,0,0,0
1602714676471,10,1010123456033,72,,1,2,4,1,2,,0.887097,62,0,0.013494,25,0,9.75,,0,0,0,0,0,0,0,0,0,,106,104,,0,0,0,0
1602714676721,10,1010123456033,72,,1,2,4,1,2,,14.8889,9,0,0.0106667,4,0,9.33333,,0.1,11,0,0.1,5,0,0,3.74341,31,,11,8,,0,0,0,1
1602714676971,10,1010123456033,72,,1,2,4,1,2,,10.7059,17,158,0.0163534,8,0,9.6,,0.1,3,0,0.1,1,0,0,25.8754,0,,25,24,,0,0,0,1
1602714677221,10,1010123456033,72,,1,2,4,1,2,,3.1,70,0,0.0239679,28,0,8.33333,,0,0,0,0,0,0,0,0,0,,106,100,,0,0,0,0
1602714677471,10,1010123456033,72,,1,2,4,1,2,,9.47619,21,0,0.0111807,8,0,8.5,,0,0,0,0,0,0,0,0,0,,20,18,,0,0,0,0
1602714677721,10,1010123456033,72,,1,2,4,1,2,,16.619,21,0,0.0213333,8,0,13,,15,12,0,0,4,100,0,4.59581,0,,32,26,,0,0,0,10
1602714677971,10,1010123456033,72,,1,2,4,1,2,,16.0556,18,0,0.0161285,7,0,10.25,,0,0,0,0,0,0,0,0,0,,17,16,,0,0,0,0
1602714678221,10,1010123456033,72,,1,2,4,1,2,,3.19118,68,0,0.0240643,28,0,9.33333,,0,0,0,0,0,0,0,0,0,,140,136,,0,0,0,0
1602714678471,10,1010123456033,72,,1,2,4,1,2,,14.8,15,0,0.0160964,6,0,13,,0,0,0,0,0,0,0,0,0,,16,12,,0,0,0,0
1602714678721,10,1010123456033,72,,1,2,4,1,2,,13.4,10,0,0.0107309,4,0,10.4,,2.84848,33,0,0.1,12,8.33333,0,6.52545,31,,11,8,,0,0,0,2.18182
1602714678971,10,1010123456033,72,,1,2,4,1,2,,17,6,0,0.00533333,2,0,13,,0,0,0,0,0,0,0,0,0,,5,4,,0,0,0,0
1602714679221,10,1010123456033,72,,1,2,4,1,2,,16.6667,9,0,0.0106667,4,0,13,,0,0,0,0,0,0,0,0,0,,13,8,,0,0,0,0
1602714679471,10,1010123456033,72,,1,2,4,1,2,,0.1,54,0,0.008,22,0,7.75,,0,0,0,0,0,0,0,0,0,,107,106,,0,0,0,0
1602714679721,10,1010123456033,72,,1,2,4,1,2,,16,5,0,0.0053012,2,0,12.75,,6.85714,7,149951,0.1,3,33.3333,0,11.005,31,,10,6,,0,0,0,6.14286
1602714679971,10,1010123456033,72,,1,2,4,1,2,,18.5385,13,0,0.015743,5,0,12.5,,0.1,20,0,0.1,8,0,0,4.26021,0,,13,10,,0,0,0,1.2
1602714680221,10,1010123456033,72,,1,2,4,1,2,,3.76316,38,0,0.00697189,15,0,11.2,,0,0,0,0,0,0,0,0,0,,32,30,,0,0,0,0
1602714680471,10,1010123456033,72,,1,2,4,1,2,,1.45313,64,0,0.013494,25,0,10.25,,0,0,0,0,0,0,0,0,0,,110,108,,0,0,0,0
1602714680721,10,1010123456033,72,,1,2,4,1,2,,17.2143,14,0,0.0107309,4,0,9,,13.2593,54,0,0.102554,20,60,0,7.20527,31,,15,14,,0,0,0,7.07407
1602714680971,10,1010123456033,72,,1,2,4,1,2,,13.7333,15,0,0.0213333,8,0,13,,0,0,0,0,0,0,0,0,0,,16,12,,0,0,0,0
1602714681221,10,1010123456033,72,,1,2,4,1,2,,1.46667,60,0,0.0134297,25,0,10.25,,0,0,0,0,0,0,0,0,0,,103,100,,0,0,0,0
1602714681471,10,1010123456033,72,,1,2,4,1,2,,14.4,5,0,0.0053012,2,0,10.25,,0,0,0,0,0,0,0,0,0,,3,4,,0,0,0,0
1602714681721,10,1010123456033,72,,1,2,4,1,2,,9.33333,12,0,0.00562249,5,0,11,,1.14286,21,0,0.1,8,0,0,8.07763,31,,9,10,,0,0,0,1
1602714681972,10,1010123456033,72,,1,2,4,1,2,,0,0,0,0,0,0,11.4,,0,0,0,0,0,0,0,0,0,,0,0,,0,0,0,0
1602714682221,10,1010123456033,72,,1,2,4,1,2,,15.625,8,0,0.0106024,3,0,13,,0,0,0,0,0,0,0,0,0,,14,8,,0,0,0,0
1602714682471,10,1010123456033,72,,1,2,4,1,2,,13.9,10,0,0.0106667,4,0,3.5,,0,0,0,0,0,0,0,0,0,,11,8,,0,0,0,0
1602714682721,10,1010123456033,72,,1,2,4,1,2,,0.439024,82,158,0.0144257,33,0,10.25,,1.28571,14,0,0.1,6,0,0,4.44298,31,,211,208,,0,0,0,1.28571
1602714682971,10,1010123456033,72,,1,2,4,1,2,,16.6667,9,0,0.0107309,4,0,4.66667,,0,0,0,0,0,0,0,0,0,,9,8,,0,0,0,0
1602714683221,10,1010123456033,72,,1,2,4,1,2,,10.2308,26,0,0.0168032,11,0,11.75,,0,0,0,0,0,0,0,0,0,,28,26,,0,0,0,0
1602714683471,10,1010123456033,72,,1,2,4,1,2,,14.5455,11,0,0.0107309,4,0,13,,0.1,3,200,0.1,1,0,0,5.9615,31,,10,8,,0,0,0,1
1602714683721,10,1010123456033,72,,1,2,4,1,2,,18.7692,13,0,0.0158072,5,0,13,,0.1,25,0,0.1,10,0,0,8.74397,0,,15,12,,0,0,0,1
1602714683971,10,1010123456033,72,,1,2,4,1,2,,0,0,158,0,0,0,8,,0,0,0,0,0,0,0,0,0,,82,86,,0,0,0,0
1602714684221,10,1010123456033,72,,1,2,4,1,2,,8.8125,32,0,0.0168353,13,0,8.33333,,0,0,0,0,0,0,0,0,0,,39,36,,0,0,0,0
1602714684471,10,1010123456033,72,,1,2,4,1,2,,13.9,10,0,0.0106667,4,0,10.25,,0,0,0,0,0,0,0,0,0,,6,8,,0,0,0,0
1602714684721,10,1010123456033,72,,1,2,4,1,2,,3.46575,73,0,0.0241606,29,0,10.8,,0.1,36,0,0.1,15,33.3333,0,3.60783,31,,114,108,,0,0,0,3.75
1602714684971,10,1010123456033,72,,1,2,4,1,2,,16,6,0,0.0053012,2,0,13,,0,0,0,0,0,0,0,0,0,,5,4,,0,0,0,0
1602714685221,10,1010123456033,72,,1,2,4,1,2,,10.8,15,0,0.0108916,6,0,12,,0,0,0,0,0,0,0,0,0,,18,16,,0,0,0,0
1602714685471,10,1010123456033,72,,1,2,4,1,2,,16,6,0,0.0053012,2,0,13,,0,0,0,0,0,0,0,0,0,,3,4,,0,0,0,0
1602714685721,10,1010123456033,72,,1,2,4,1,2,,17.6,5,0,0.00536546,2,0,10.5,,1.05,20,0,0.1,8,0,0,6.8653,31,,4,4,,0,0,0,1
1602714685971,10,1010123456033,72,,1,2,4,1,2,,13.4,5,0,0.00536546,2,0,7,,0,0,0,0,0,0,0,0,0,,4,4,,0,0,0,0
1602714686221,10,1010123456033,72,,1,2,4,1,2,,7.5,14,0,0.00587952,6,0,9.4,,0,0,0,0,0,0,0,0,0,,12,12,,0,0,0,0
1602714686471,10,1010123456033,72,,1,2,4,1,2,,1.67619,105,0,0.0257028,42,0,7.66667,,0,0,0,0,0,0,0,0,0,,173,170,,0,0,0,0
1602714686721,10,1010123456033,72,,1,2,4,1,2,,0,0,0,0,0,0,13,,0.4,20,0,0.1,8,0,0,5.28514,31,,0,0,,0,0,0,1
1602714686971,10,1010123456033,72,,1,2,4,1,2,,15.2,10,0,0.0106024,4,0,13,,0,0,0,0,0,0,0,0,0,,14,10,,0,0,0,0
1602714687221,10,1010123456033,72,,1,2,4,1,2,,18.2,5,0,0.00533333,2,0,11.3333,,0,0,0,0,0,0,0,0,0,,6,4,,0,0,0,0
1602714687471,10,1010123456033,72,,1,2,4,1,2,,17.4762,21,0,0.0195984,6,0,12.5,,0,0,0,0,0,0,0,0,0,,30,18,,0,0,0,0
1602714687721,10,1010123456033,72,,1,2,4,1,2,,6.64444,45,0,0.034988,22,0,10.25,,0.1,20,0,0.1,8,0,0,6.23541,31,,71,70,,0,0,0,1
1602714687971,10,1010123456033,72,,1,2,4,1,2,,17.6,5,0,0.00536546,2,0,11.8,,0,0,0,0,0,0,0,0,0,,6,4,,0,0,0,0
1602714688221,10,1010123456033,72,,1,2,4,1,2,,16,10,0,0.0106024,4,0,10,,0,0,0,0,0,0,0,0,0,,7,8,,0,0,0,0
1602714688471,10,1010123456033,72,,1,2,4,1,2,,0,0,0,0,0,0,11.6,,0,0,0,0,0,0,0,0,0,,0,0,,0,0,0,0
1602714688721,10,1010123456033,72,,1,2,4,1,2,,17.1364,22,0,0.0214297,8,0,8.5,,3.70968,31,0,0.1,13,30.7692,0,7.74036,31,,24,18,,0,0,0,3.32258
1602714688971,10,1010123456033,72,,1,2,4,1,2,,15.5,16,0,0.0160321,6,0,13,,0,0,0,0,0,0,0,0,0,,13,12,,0,0,0,0
1602714689221,10,1010123456033,72,,1,2,4,1,2,,18,3,0,0.00517269,1,0,11.3333,,0,0,0,0,0,0,0,0,0,,4,4,,0,0,0,0
1602714689471,10,1010123456033,72,,1,2,4,1,2,,7.25,28,0,0.0166426,11,0,8.5,,0,0,0,0,0,0,0,0,0,,41,40,,0,0,0,0
1602714689721,10,1010123456033,72,,1,2,4,1,2,,7.875,64,0,0.0335743,26,0,11,,1.17647,17,0,0.1,7,0,0,5.30455,31,,84,74,,0,0,0,1
1602714689971,10,1010123456033,72,,1,2,4,1,2,,1,41,0,0.00713253,16,0,8,,0,0,0,0,0,0,0,0,0,,51,52,,0,0,0,0
1602714690221,10,1010123456033,72,,1,2,4,1,2,,11.8667,15,0,0.0108916,6,0,11.25,,0,0,0,0,0,0,0,0,0,,13,12,,0,0,0,0
1602714690471,10,1010123456033,72,,1,2,4,1,2,,15.1333,15,0,0.0160321,6,0,13,,0,0,0,0,0,0,0,0,0,,17,12,,0,0,0,0
1602714690721,10,1010123456033,72,,1,2,4,1,2,,14.7,20,0,0.0213976,8,0,13,,0.307692,26,0,0.1,11,9.09091,0,3.24357,31,,19,16,,0,0,0,1.69231
1602714690971,10,1010123456033,72,,1,2,4,1,2,,8.5,44,0,0.0225542,15,0,10.8,,0,0,0,0,0,0,0,0,0,,66,60,,0,0,0,0
1602714691221,10,1010123456033,72,,1,2,4,1,2,,0,0,0,0.00542972,2,0,11,,0,0,0,0,0,0,0,0,0,,0,0,,0,0,0,0
1602714691471,10,1010123456033,72,,1,2,4,1,2,,12.2941,17,0,0.0161285,7,0,13,,0.1,3,200,0.1,1,0,0,4.95757,31,,32,16,,0,0,0,1
1602714691722,10,1010123456033,72,,1,2,4,1,2,,7.31818,44,2,0.013472,10,0,10.75,,0.1,22,0,0.1,9,0,0,3.85407,0,,40,36,,0,0,0,2.22727
1602714691971,10,1010123456033,72,,1,2,4,1,2,,5.21429,28,0,0.0153574,18,0,11.6667,,0,0,0,0,0,0,0,0,0,,45,42,,0,0,0,0
1602714692221,10,1010123456033,72,,1,2,4,1,2,,12.4815,27,0,0.0218153,11,0,9.5,,0,0,0,0,0,0,0,0,0,,20,22,,0,0,0,0
1602714692471,10,1010123456033,72,,1,2,4,1,2,,3.17778,45,217,0.0128514,10,0,9.33333,,0,0,0,0,0,0,0,0,0,,74,72,,0,0,0,0
1602714692721,10,1010123456033,72,,1,2,4,1,2,,1.77174,92,0,0.0299759,45,0,10.25,,1,17,0,0.1,6,0,0,9.11479,31,,260,256,,0,0,0,1.17647
1602714692971,10,1010123456033,72,,1,2,4,1,2,,1.2,60,0,0.0134297,25,0,9.33333,,0,0,0,0,0,0,0,0,0,,107,106,,0,0,0,0
1602714693221,10,1010123456033,72,,1,2,4,1,2,,11.6452,31,0,0.0217831,12,0,10.8,,0,0,0,0,0,0,0,0,0,,42,32,,0,0,0,0
1602714693471,10,1010123456033,72,,1,2,4,1,2,,8,26,0,0.0166426,11,0,8,,0,0,0,0,0,0,0,0,0,,43,42,,0,0,0,0
1602714693721,10,1010123456033,72,,1,2,4,1,2,,0,0,0,0,0,0,13,,0,0,0,0,0,0,0,0,0,,0,0,,0,0,0,0
1602714693971,10,1010123456033,72,,1,2,4,1,2,,15.5,6,0,0.00536546,2,0,10.5,,1.09677,31,0,0.1,12,0,0,6.34796,31,,6,4,,0,0,0,1
1602714694221,10,1010123456033,72,,1,2,4,1,2,,14.4,5,0,0.0053012,2,0,8.25,,0,0,0,0,0,0,0,0,0,,4,4,,0,0,0,0
1602714694471,10,1010123456033,72,,1,2,4,1,2,,12.8571,7,0,0.00542972,3,0,11.8,,0,0,0,0,0,0,0,0,0,,9,8,,0,0,0,0
1602714694721,10,1010123456033,72,,1,2,4,1,2,,12.1667,24,0,0.0164819,10,0,10.6,,1.06667,15,0,0.1,6,0,0,11.3468,31,,19,20,,0,0,0,1
1602714694971,10,1010123456033,72,,1,2,4,1,2,,15.4706,17,0,0.0212048,7,0,13,,0,0,0,0,0,0,0,0,0,,21,16,,0,0,0,0
1602714695221,10,1010123456033,72,,1,2,4,1,2,,14.1111,27,0,0.0269558,11,0,10,,0,0,0,0,0,0,0,0,0,,35,26,,0,0,0,0
1602714695471,10,1010123456033,72,,1,2,4,1,2,,14.8889,9,0,0.0106667,4,0,10,,0,0,0,0,0,0,0,0,0,,9,10,,0,0,0,0
1602714695721,10,1010123456033,72,,1,2,4,1,2,,0,4,0,0.00536546,2,0,9.5,,0.75,24,0,0.1,10,0,0,5.02827,31,,5,4,,0,0,0,1.08333
1602714695971,10,1010123456033,72,,1,2,4,1,2,,16.2727,11,30,0.0107309,4,0,13,,0,0,0,0,0,0,0,0,0,,8,10,,0,0,0,0
1602714696221,10,1010123456033,72,,1,2,4,1,2,,13.7692,13,0,0.0160321,6,0,12.3333,,0,2,0,0.1,1,0,0,0,31,,12,10,,0,0,0,0
1602714696471,10,1010123456033,72,,1,2,4,1,2,,0,0,0,0,0,0,13,,0,0,0,0,0,0,0,0,0,,0,0,,0,0,0,0
1602714696721,10,1010123456033,72,,1,2,4,1,2,,15.1053,19,0,0.0214618,8,0,13,,0.24,25,0,0.1,10,0,0,4.27447,31,,21,18,,0,0,0,1.12
1602714696971,10,1010123456033,72,,1,2,4,1,2,,10.5161,31,0,0.0220402,13,0,9.5,,0,0,0,0,0,0,0,0,0,,48,30,,0,0,0,0
1602714697221,10,1010123456033,72,,1,2,4,1,2,,14.7308,26,0,0.021494,10,0,11,,0,0,0,0,0,0,0,0,0,,20,20,,0,0,0,0
1602714697471,10,1010123456033,72,,1,2,4,1,2,,2.8,65,0,0.0187631,26,0,10,,0,0,0,0,0,0,0,0,0,,107,100,,0,0,0,0
1602714697721,10,1010123456033,72,,1,2,4,1,2,,16.2,15,158,0.0160321,6,0,13,,0.1,21,0,0.1,9,0,0,3.15652,31,,14,12,,0,0,0,1
1602714697971,10,1010123456033,72,,1,2,4,1,2,,14.8,15,0,0.0160964,6,0,13,,0,0,0,0,0,0,0,0,0,,15,12,,0,0,0,0
1602714698221,10,1010123456033,72,,1,2,4,1,2,,7.66667,24,0,0.0167711,11,0,10,,0,0,0,0,0,0,0,0,0,,34,32,,0,0,0,0
1602714698471,10,1010123456033,72,,1,2,4,1,2,,0,0,0,0,0,0,13,,0,0,0,0,0,0,0,0,0,,0,0,,0,0,0,0
1602714698721,10,1010123456033,72,,1,2,4,1,2,,0,4,0,0.00536546,2,0,13,,0.1,13,0,0.1,5,0,0,4.21888,31,,5,4,,0,0,0,1
1602714698971,10,1010123456033,72,,1,2,4,1,2,,16.4583,24,0,0.0268273,10,0,11.5,,0,2,0,0.1,1,0,0,0,0,,30,20,,0,0,0,0
1602714699221,10,1010123456033,72,,1,2,4,1,2,,6.1791,67,0,0.0219759,25,0,8.4,,0,0,0,0,0,0,0,0,0,,57,60,,0,0,0,0
1602714699471,10,1010123456033,72,,1,2,4,1,2,,13.4,5,158,0.00716466,4,0,13,,0,0,0,0,0,0,0,0,0,,6,4,,0,0,0,0
1602714699721,10,1010123456033,72,,1,2,4,1,2,,17.5,30,0,0.037751,12,0,11,,7.77778,18,0,0.1,8,50,0,6.37378,31,,33,26,,0,0,0,5
1602714699971,10,1010123456033,72,,1,2,4,1,2,,13.6154,13,0,0.0108594,5,0,9.33333,,0,0,0,0,0,0,0,0,0,,39,14,,0,0,0,0
1602714700221,10,1010123456033,72,,1,2,4,1,2,,0,0,0,0,0,0,8.6,,0,0,0,0,0,0,0,0,0,,0,0,,0,0,0,0
1602714700471,10,1010123456033,72,,1,2,4,1,2,,0,2,0,0.00517269,1,0,11.25,,0,0,0,0,0,0,0,0,0,,7,4,,0,0,0,0
1602714700721,10,1010123456033,72,,1,2,4,1,2,,5.96875,32,41,0.00722892,6,0,7,,3.27273,22,0,0.1,10,40,0,4.75038,31,,33,32,,0,0,0,4.27273
1602714700971,10,1010123456033,72,,1,2,4,1,2,,11.12,25,0,0.0211727,17,0,11,,0,0,0,0,0,0,0,0,0,,21,20,,0,0,0,0
1602714701221,10,1010123456033,72,,1,2,4,1,2,,16.7273,11,0,0.0106024,4,0,13,,0,0,0,0,0,0,0,0,0,,11,8,,0,0,0,0
1602714701471,10,1010123456033,72,,1,2,4,1,2,,1.71795,39,60,0.00748594,8,0,8,,0,0,0,0,0,0,0,0,0,,190,180,,0,0,0,0
1602714701721,10,1010123456033,72,,1,2,4,1,2,,3.23529,34,0,0.0116305,22,0,9,,2.4,15,0,0.1,6,0,0,10.6632,31,,75,66,,0,0,0,1.13333
1602714701971,10,1010123456033,72,,1,2,4,1,2,,16,10,0,0.0106667,4,0,12.5,,0,0,0,0,0,0,0,0,0,,9,8,,0,0,0,0
1602714702221,10,1010123456033,72,,1,2,4,1,2,,13.8571,28,0,0.021751,11,0,8.4,,0,0,0,0,0,0,0,0,0,,34,24,,0,0,0,0
1602714702471,10,1010123456033,72,,1,2,4,1,2,,17.6,5,0,0.00536546,2,0,8.5,,0,0,0,0,0,0,0,0,0,,8,4,,0,0,0,0
1602714702721,10,1010123456033,72,,1,2,4,1,2,,4.9375,32,0,0.0117912,13,0,9.5,,0,8,0,0,4,100,0,0,0,,41,38,,0,0,0,0
1602714702971,10,1010123456033,72,,1,2,4,1,2,,15.5,10,0,0.0107309,4,0,13,,0,0,0,0,0,0,0,0,0,,5,8,,0,0,0,0
1602714703221,10,1010123456033,72,,1,2,4,1,2,,17.6,5,0,0.0053012,2,0,12.75,,0,0,0,0,0,0,0,0,0,,5,4,,0,0,0,0
1602714703471,10,1010123456033,72,,1,2,4,1,2,,0,0,0,0,0,0,12.5,,0,0,0,0,0,0,0,0,0,,0,0,,0,0,0,0
1602714703721,10,1010123456033,72,,1,2,4,1,2,,13,27,0,0.0216225,11,0,11.25,,3.2963,27,0,0.1,11,0,0,5.29025,31,,23,22,,0,0,0,1.14815
1602714703971,10,1010123456033,72,,1,2,4,1,2,,0,4,0,0.0053012,2,0,10.6667,,0,0,0,0,0,0,0,0,0,,4,4,,0,0,0,0
1602714704221,10,1010123456033,72,,1,2,4,1,2,,12.3846,13,0,0.0116305,5,0,12.3333,,0,0,0,0,0,0,0,0,0,,14,14,,0,0,0,0
1602714704471,10,1010123456033,72,,1,2,4,1,2,,15.6364,11,0,0.0107631,4,0,8.33333,,0,0,0,0,0,0,0,0,0,,11,8,,0,0,0,0
1602714704721,10,1010123456033,72,,1,2,4,1,2,,9.48,25,0,0.0114056,10,0,8,,1.75,32,0,0.1,13,0,0,9.02449,31,,21,22,,0,0,0,1
1602714704971,10,1010123456033,72,,1,2,4,1,2,,17.6,5,0,0.0053012,2,0,12.75,,0,0,0,0,0,0,0,0,0,,6,4,,0,0,0,0
1602714705221,10,1010123456033,72,,1,2,4,1,2,,3.39394,33,0,0.0119518,14,0,8,,0,0,0,0,0,0,0,0,0,,90,80,,0,0,0,0
1602714705471,10,1010123456033,72,,1,2,4,1,2,,5.4,40,128,0.0117912,9,0,7.4,,0,2,200,0.1,1,0,0,0,31,,31,34,,0,0,0,0
1602714705721,10,1010123456033,72,,1,2,4,1,2,,3.61739,115,0,0.0366265,51,0,10.8,,6.6,30,0,0.1,12,33.3333,0,11.586,0,,177,172,,0,0,0,4.6
1602714705971,10,1010123456033,72,,1,2,4,1,2,,15.4375,16,0,0.0212048,7,0,13,,0,0,0,0,0,0,0,0,0,,18,16,,0,0,0,0
1602714706221,10,1010123456033,72,,1,2,4,1,2,,9.2,15,0,0.0108916,6,0,9.5,,0,0,0,0,0,0,0,0,0,,17,16,,0,0,0,0
1602714706471,10,1010123456033,72,,1,2,4,1,2,,17.7333,15,0,0.0160643,6,0,12.5,,0,0,0,0,0,0,0,0,0,,9,12,,0,0,0,0
1602714706721,10,1010123456033,72,,1,2,4,1,2,,7.48,25,0,0.0107309,9,0,9.5,,1.61538,13,0,0.1,6,0,0,6.9987,31,,24,24,,0,0,0,1
1602714706971,10,1010123456033,72,,1,2,4,1,2,,18,3,0,0.00587952,2,0,10.6667,,0,0,0,0,0,0,0,0,0,,7,4,,0,0,0,0
1602714707221,10,1010123456033,72,,1,2,4,1,2,,17.6,5,0,0.00536546,2,0,13,,0,0,0,0,0,0,0,0,0,,6,4,,0,0,0,0
1602714707471,10,1010123456033,72,,1,2,4,1,2,,0,0,0,0,0,0,9.66667,,0,0,0,0,0,0,0,0,0,,0,0,,0,0,0,0
1602714707722,10,1010123456033,72,,1,2,4,1,2,,9.51515,33,0,0.016864,13,0,8.5,,0.1,13,0,0.1,5,0,0,3.85452,31,,20,26,,0,0,0,1
1602714707971,10,1010123456033,72,,1,2,4,1,2,,10.3636,11,0,0.005751,4,0,12.25,,0,0,0,0,0,0,0,0,0,,9,8,,0,0,0,0
1602714708221,10,1010123456033,72,,1,2,4,1,2,,16.5556,9,0,0.0106667,4,0,9.83333,,0,0,0,0,0,0,0,0,0,,8,8,,0,0,0,0
1602714708471,10,1010123456033,72,,1,2,4,1,2,,8.75,8,155,0.00536546,2,0,8,,0,0,0,0,0,0,0,0,0,,8,6,,0,0,0,0
1602714708721,10,1010123456033,72,,1,2,4,1,2,,3.22857,35,0,0.0122088,15,0,11.6,,0.1,24,0,0.1,9,0,0,3.77689,31,,56,56,,0,0,0,1
1602714708971,10,1010123456033,72,,1,2,4,1,2,,0.1,52,0,0.0077751,21,0,7.5,,0,0,0,0,0,0,0,0,0,,97,98,,0,0,0,0
1602714709221,10,1010123456033,72,,1,2,4,1,2,,15.5455,33,0,0.0321285,12,0,12.75,,0,0,0,0,0,0,0,0,0,,40,30,,0,0,0,0
1602714709471,10,1010123456033,72,,1,2,4,1,2,,15.8,5,0,0.0106988,4,0,10.2,,0,0,0,0,0,0,0,0,0,,3,4,,0,0,0,0
1602714709721,10,1010123456033,72,,1,2,4,1,2,,8,31,0,0.0114699,10,0,11.5,,4.63636,11,0,0.1,4,0,0,12.3868,31,,40,38,,0,0,0,1
1602714709971,10,1010123456033,72,,1,2,4,1,2,,0,0,0,0.00533333,2,0,11.6,,0,0,0,0,0,0,0,0,0,,0,0,,0,0,0,0
1602714710221,10,1010123456033,72,,1,2,4,1,2,,0,4,0,0.00536546,2,0,13,,0,0,0,0,0,0,0,0,0,,3,4,,0,0,0,0
1602714710471,10,1010123456033,72,,1,2,4,1,2,,11,21,0,0.0066506,4,0,7,,0,0,0,0,0,0,0,0,0,,15,16,,0,0,0,0
1602714710721,10,1010123456033,72,,1,2,4,1,2,,13.4,5,0,0.0097992,6,0,13,,5,10,0,0.1,4,0,0,5.96965,31,,5,4,,0,0,0,3.4
1602714710971,10,1010123456033,72,,1,2,4,1,2,,0,0,0,0,0,0,3.5,,0,0,0,0,0,0,0,0,0,,0,0,,0,0,0,0
1602714711221,10,1010123456033,72,,1,2,4,1,2,,7.2,20,0,0.011245,8,0,10.5,,0,0,0,0,0,0,0,0,0,,26,24,,0,0,0,0
1602714711471,10,1010123456033,72,,1,2,4,1,2,,9.12,25,0,0.0166747,10,0,7.33333,,0,0,0,0,0,0,0,0,0,,29,28,,0,0,0,0
1602714711721,10,1010123456033,72,,1,2,4,1,2,,18.9444,18,0,0.0212048,7,0,10.8333,,2,36,0,0.1,14,28.5714,0,5.65336,31,,20,14,,0,0,0,3.08333
1602714711971,10,1010123456033,72,,1,2,4,1,2,,14.75,20,0,0.0214618,8,0,13,,0,0,0,0,0,0,0,0,0,,12,16,,0,0,0,0
1602714712221,10,1010123456033,72,,1,2,4,1,2,,15.1333,15,0,0.0160321,6,0,13,,0,0,0,0,0,0,0,0,0,,16,12,,0,0,0,0
1602714712471,10,1010123456033,72,,1,2,4,1,2,,10,25,0,0.0165783,10,0,9.8,,0,0,0,0,0,0,0,0,0,,29,28,,0,0,0,0
1602714712721,10,1010123456033,72,,1,2,4,1,2,,17.2059,34,0,0.0373012,14,0,12.5,,0.1,24,0,0.1,10,0,0,4.41399,31,,32,28,,0,0,0,1.125
1602714712971,10,1010123456033,72,,1,2,4,1,2,,1.01899,158,0,0.0353414,64,0,8.33333,,0,0,0,0,0,0,0,0,0,,279,276,,0,0,0,0
1602714713221,10,1010123456033,72,,1,2,4,1,2,,9.71429,14,0,0.0108916,6,0,9,,0,0,0,0,0,0,0,0,0,,19,16,,0,0,0,0
1602714713471,10,1010123456033,72,,1,2,4,1,2,,16.375,16,0,0.0160321,6,0,9,,0,0,0,0,0,0,0,0,0,,17,12,,0,0,0,0
1602714713721,10,1010123456033,72,,1,2,4,1,2,,15,11,0,0.0106667,4,0,10.25,,11.1429,42,0,0.1,16,56.25,0,8.46032,31,,10,8,,0,0,0,6.14286
1602714713971,10,1010123456033,72,,1,2,4,1,2,,15.3103,29,0,0.0267631,10,0,13,,0,0,0,0,0,0,0,0,0,,28,24,,0,0,0,0
1602714714221,10,1010123456033,72,,1,2,4,1,2,,14.25,12,0,0.0145542,6,0,10.6667,,0,0,0,0,0,0,0,0,0,,15,10,,0,0,0,0
1602714714471,10,1010123456033,72,,1,2,4,1,2,,16.4375,16,0,0.0175422,7,0,9,,0,0,0,0,0,0,0,0,0,,15,12,,0,0,0,0
1602714714721,10,1010123456033,72,,1,2,4,1,2,,3.24324,37,0,0.0121767,15,0,9.5,,11.7931,58,0,0.1,25,80,0,6.76401,31,,56,56,,0,0,0,7.77586
1602714714971,10,1010123456033,72,,1,2,4,1,2,,19.3529,17,0,0.0212048,7,0,12.25,,0,0,0,0,0,0,0,0,0,,17,14,,0,0,0,0
1602714715221,10,1010123456033,72,,1,2,4,1,2,,15,21,0,0.0214618,8,0,13,,0,0,0,0,0,0,0,0,0,,22,16,,0,0,0,0
1602714715471,10,1010123456033,72,,1,2,4,1,2,,15.8,10,0,0.0106667,4,0,11.75,,0,0,0,0,0,0,0,0,0,,12,8,,0,0,0,0
1602714715721,10,1010123456033,72,,1,2,4,1,2,,3.32,50,0,0.0127871,20,0,7.8,,1.09091,22,0,0.1,9,0,0,10.7876,31,,38,40,,0,0,0,1
1602714715971,10,1010123456033,72,,1,2,4,1,2,,0,3,0,0.00539759,2,0,12,,0,0,0,0,0,0,0,0,0,,6,4,,0,0,0,0
1602714716221,10,1010123456033,72,,1,2,4,1,2,,11.125,8,0,0.0055261,4,0,6.5,,0,0,0,0,0,0,0,0,0,,6,8,,0,0,0,0
1602714716471,10,1010123456033,72,,1,2,4,1,2,,1,39,179,0.00517269,12,0,3,,0,0,0,0,0,0,0,0,0,,59,56,,0,0,0,0
1602714716721,10,1010123456033,72,,1,2,4,1,2,,3.84,75,0,0.0210442,34,0,10.3333,,0.375,24,0,0.1,9,0,0,5.03631,31,,81,64,,0,0,0,1.25
1602714716971,10,1010123456033,72,,1,2,4,1,2,,4.58333,24,0,0.0116948,11,0,9.66667,,0,0,0,0,0,0,0,0,0,,42,24,,0,0,0,0
1602714717221,10,1010123456033,72,,1,2,4,1,2,,19,14,0,0.019245,5,0,12.6667,,0,0,0,0,0,0,0,0,0,,20,14,,0,0,0,0
1602714717471,10,1010123456033,72,,1,2,4,1,2,,13.4,5,0,0.00713253,3,0,9,,0,0,0,0,0,0,0,0,0,,5,4,,0,0,0,0
1602714717721,10,1010123456033,72,,1,2,4,1,2,,7.4,10,0,0.0055261,4,0,11.4,,1.55556,9,1151,0.1,4,0,0,4.93689,31,,13,12,,0,0,0,1
1602714717971,10,1010123456033,72,,1,2,4,1,2,,17.9,10,0,0.0106988,4,0,12.6667,,0.1,15,0,0.1,6,0,0,4.49479,0,,9,8,,0,0,0,1
1602714718221,10,1010123456033,72,,1,2,4,1,2,,16.8,30,0,0.0268594,10,0,12.6667,,0,0,0,0,0,0,0,0,0,,25,24,,0,0,0,0
1602714718471,10,1010123456033,72,,1,2,4,1,2,,15.5,6,0,0.0107631,4,0,12.6667,,0,0,0,0,0,0,0,0,0,,3,4,,0,0,0,0
1602714718721,10,1010123456033,72,,1,2,4,1,2,,17.8462,13,0,0.0158715,5,0,12.5,,0.1,22,0,0.1,9,0,0,4.28317,31,,15,12,,0,0,0,1.54545
1602714718971,10,1010123456033,72,,1,2,4,1,2,,14.4,5,0,0.0053012,2,0,6.5,,0,0,0,0,0,0,0,0,0,,5,4,,0,0,0,0
1602714719221,10,1010123456033,72,,1,2,4,1,2,,11.2791,43,0,0.0328996,17,0,9.25,,0,0,0,0,0,0,0,0,0,,55,50,,0,0,0,0
1602714719471,10,1010123456033,72,,1,2,4,1,2,,5.21429,42,0,0.0173815,17,0,12,,0,2,200,0.1,1,0,0,0,31,,58,54,,0,0,0,0
1602714719721,10,1010123456033,72,,1,2,4,1,2,,8.13333,15,0,0.00587952,6,0,8,,0.1,18,0,0.1,7,0,0,3.51419,0,,14,12,,0,0,0,1.22222
1602714719971,10,1010123456033,72,,1,2,4,1,2,,17.6,5,158,0.00536546,2,0,9,,0,0,0,0,0,0,0,0,0,,89,86,,0,0,0,0
1602714720221,10,1010123456033,72,,1,2,4,1,2,,14.6,10,0,0.0106988,4,0,11.8,,0,0,0,0,0,0,0,0,0,,13,14,,0,0,0,0
1602714720471,10,1010123456033,72,,1,2,4,1,2,,8.1579,38,0,0.0224578,15,0,9.25,,0.1,3,200,0.1,1,0,0,5.46206,31,,56,52,,0,0,0,1
1602714720721,10,1010123456033,72,,1,2,4,1,2,,13.45,20,158,0.0161928,8,0,11.6,,0.1,24,0,0.1,10,10,0,3.92234,0,,34,18,,0,0,0,2.125
1602714720971,10,1010123456033,72,,1,2,4,1,2,,12.9286,14,0,0.0107309,5,0,12.6667,,0,0,0,0,0,0,0,0,0,,13,12,,0,0,0,0
1602714721221,10,1010123456033,72,,1,2,4,1,2,,14.8,15,0,0.0160964,6,0,11.8,,0,0,0,0,0,0,0,0,0,,17,12,,0,0,0,0
1602714721471,10,1010123456033,72,,1,2,4,1,2,,13.4,5,0,0.00536546,2,0,13,,0.1,3,27,0.1,1,0,0,6.88221,31,,6,4,,0,0,0,1
1602714721721,10,1010123456033,72,,1,2,4,1,2,,0,0,0,0,0,0,10,,7.625,24,0,0.1,9,44.4444,0,8.66081,0,,0,0,,0,0,0,5.5
1602714721971,10,1010123456033,72,,1,2,4,1,2,,0.771429,35,0,0.00706827,14,0,6.66667,,0,0,0,0,0,0,0,0,0,,63,60,,0,0,0,0
1602714722221,10,1010123456033,72,,1,2,4,1,2,,15.2353,17,0,0.0161606,7,0,11,,0,0,0,0,0,0,0,0,0,,21,16,,0,0,0,0
1602714722471,10,1010123456033,72,,1,2,4,1,2,,15.5,10,0,0.0106667,4,0,9.25,,0,0,0,0,0,0,0,0,0,,11,8,,0,0,0,0
1602714722721,10,1010123456033,72,,1,2,4,1,2,,3.01961,51,107,0.00793574,14,0,9.5,,0.1,16,0,0.1,7,0,0,6.91622,31,,30,42,,0,0,0,1
1602714722971,10,1010123456033,72,,1,2,4,1,2,,4.02703,37,0,0.011759,21,0,12.3333,,0,0,0,0,0,0,0,0,0,,20,30,,0,0,0,0
1602714723221,10,1010123456033,72,,1,2,4,1,2,,12.0645,31,0,0.026988,13,0,9.6,,0,0,0,0,0,0,0,0,0,,38,34,,0,0,0,0
1602714723471,10,1010123456033,72,,1,2,4,1,2,,15.5,10,0,0.0106988,4,0,13,,0,0,0,0,0,0,0,0,0,,12,8,,0,0,0,0
1602714723721,10,1010123456033,72,,1,2,4,1,2,,11.3636,22,0,0.0165783,9,0,8.5,,15.3846,65,0,0.1,27,77.7778,0,5.26967,31,,27,24,,0,0,0,8.36923
1602714723971,10,1010123456033,72,,1,2,4,1,2,,14.5385,13,0,0.0108916,5,0,10.3333,,0,0,0,0,0,0,0,0,0,,16,10,,0,0,0,0
1602714724221,10,1010123456033,72,,1,2,4,1,2,,6.67391,46,0,0.0225863,18,0,8,,0,0,0,0,0,0,0,0,0,,71,64,,0,0,0,0
1602714724471,10,1010123456033,72,,1,2,4,1,2,,3.78378,74,0,0.0240964,29,0,8.75,,0.1,3,0,0.1,1,0,0,5.92035,31,,108,110,,0,0,0,1
1602714724721,10,1010123456033,72,,1,2,4,1,2,,17.3158,19,0,0.016,6,0,12,,0.4,25,0,0.1,10,0,0,8.49,0,,19,16,,0,0,0,1
1602714724971,10,1010123456033,72,,1,2,4,1,2,,17,9,0,0.0160321,6,0,8.5,,0,0,0,0,0,0,0,0,0,,8,8,,0,0,0,0
1602714725221,10,1010123456033,72,,1,2,4,1,2,,6.16667,36,0,0.0171245,14,0,9,,0,0,0,0,0,0,0,0,0,,58,54,,0,0,0,0
1602714725471,10,1010123456033,72,,1,2,4,1,2,,18,5,0,0.00533333,2,0,12,,0,0,0,0,0,0,0,0,0,,4,4,,0,0,0,0
1602714725721,10,1010123456033,72,,1,2,4,1,2,,17.6,10,0,0.0107309,4,0,9.66667,,0.1,24,0,0.1,9,0,0,8.32679,31,,12,8,,0,0,0,1
1602714725971,10,1010123456033,72,,1,2,4,1,2,,10.8261,23,0,0.0165783,9,0,9.66667,,0,0,0,0,0,0,0,0,0,,25,20,,0,0,0,0
1602714726221,10,1010123456033,72,,1,2,4,1,2,,1.31169,77,0,0.015004,29,0,6.6,,0,0,0,0,0,0,0,0,0,,162,160,,0,0,0,0
1602714726471,10,1010123456033,72,,1,2,4,1,2,,9.25,20,0,0.0153896,10,0,10.75,,0,0,0,0,0,0,0,0,0,,20,16,,0,0,0,0
1602714726721,10,1010123456033,72,,1,2,4,1,2,,4,75,0,0.0292369,30,0,9.33333,,0.1,23,0,0.1,10,0,0,5.75097,31,,118,116,,0,0,0,1
1602714726971,10,1010123456033,72,,1,2,4,1,2,,13.4,5,0,0.00536546,2,0,11,,0,0,0,0,0,0,0,0,0,,5,4,,0,0,0,0
1602714727221,10,1010123456033,72,,1,2,4,1,2,,0,0,0,0,0,0,9.8,,0,0,0,0,0,0,0,0,0,,0,0,,0,0,0,0
1602714727471,10,1010123456033,72,,1,2,4,1,2,,4.01163,86,0,0.0248675,35,0,10.5,,0,0,0,0,0,0,0,0,0,,69,70,,0,0,0,0
1602714727721,10,1010123456033,72,,1,2,4,1,2,,16.8,15,0,0.0160643,6,0,9.66667,,0.1,13,0,0.1,5,0,0,3.59966,31,,18,12,,0,0,0,1
1602714727971,10,1010123456033,72,,1,2,4,1,2,,6,26,0,0.0113735,10,0,8.66667,,0,0,0,0,0,0,0,0,0,,34,32,,0,0,0,0
1602714728221,10,1010123456033,72,,1,2,4,1,2,,2.625,72,0,0.0242249,29,0,9.33333,,0,0,0,0,0,0,0,0,0,,123,116,,0,0,0,0
1602714728471,10,1010123456033,72,,1,2,4,1,2,,13.55,20,0,0.0161606,8,0,10.4,,0,0,0,0,0,0,0,0,0,,15,16,,0,0,0,0
1602714728721,10,1010123456033,72,,1,2,4,1,2,,13.4,5,0,0.00536546,2,0,12.5,,0.1,25,0,0.1,10,0,0,4.38767,31,,3,4,,0,0,0,1.32
1602714728971,10,1010123456033,72,,1,2,4,1,2,,15.8,5,0,0.00533333,2,0,10.25,,0,0,0,0,0,0,0,0,0,,5,4,,0,0,0,0
1602714729221,10,1010123456033,72,,1,2,4,1,2,,16.6667,9,0,0.0107309,4,0,12.75,,0,0,0,0,0,0,0,0,0,,12,8,,0,0,0,0
1602714729471,10,1010123456033,72,,1,2,4,1,2,,18.2,5,0,0.00533333,2,0,10.75,,0,0,0,0,0,0,0,0,0,,5,4,,0,0,0,0
1602714729721,10,1010123456033,72,,1,2,4,1,2,,0,0,0,0,0,0,10.8,,0,0,0,0,0,0,0,0,0,,0,0,,0,0,0,0
1602714729971,10,1010123456033,72,,1,2,4,1,2,,7.425,40,0,0.0174137,16,0,10,,8.03846,52,0,0.1,21,57.1429,0,7.5193,31,,29,34,,0,0,0,6.19231
1602714730221,10,1010123456033,72,,1,2,4,1,2,,3.83582,67,0,0.0189558,28,0,10.1667,,0,0,0,0,0,0,0,0,0,,87,86,,0,0,0,0
1602714730471,10,1010123456033,72,,1,2,4,1,2,,11.3571,14,0,0.0110522,6,0,7,,0,0,0,0,0,0,0,0,0,,19,16,,0,0,0,0
1602714730721,10,1010123456033,72,,1,2,4,1,2,,14.8333,12,0,0.0107952,5,0,13,,0.1,28,0,0.1,11,0,0,4.32111,31,,5,10,,0,0,0,1.32143
1602714730971,10,1010123456033,72,,1,2,4,1,2,,6.63636,33,0,0.016996,13,0,9.66667,,0,0,0,0,0,0,0,0,0,,42,44,,0,0,0,0
1602714731221,10,1010123456033,72,,1,2,4,1,2,,18.2,5,0,0.00533333,2,0,12,,0,0,0,0,0,0,0,0,0,,4,4,,0,0,0,0
1602714731471,10,1010123456033,72,,1,2,4,1,2,,17.35,20,0,0.0214618,8,0,11.6667,,0,0,0,0,0,0,0,0,0,,17,16,,0,0,0,0
1602714731721,10,1010123456033,72,,1,2,4,1,2,,13.8,10,0,0.0107952,4,0,13,,0.1,23,0,0.1,9,0,0,11.5531,31,,10,8,,0,0,0,1
1602714731971,10,1010123456033,72,,1,2,4,1,2,,15.5,16,0,0.0160964,6,0,13,,0,0,0,0,0,0,0,0,0,,18,12,,0,0,0,0
1602714732221,10,1010123456033,72,,1,2,4,1,2,,15.4839,31,0,0.0214297,8,0,10,,0,0,0,0,0,0,0,0,0,,27,24,,0,0,0,0
1602714732471,10,1010123456033,72,,1,2,4,1,2,,17.6,10,0,0.0163213,8,0,12,,0,2,193,0.1,1,0,0,0,31,,11,8,,0,0,0,0
1602714732721,10,1010123456033,72,,1,2,4,1,2,,15.8,5,0,0.00533333,2,0,7.66667,,6.16216,37,0,0.1,16,37.5,0,7.40641,0,,5,4,,0,0,0,4.64865
1602714732971,10,1010123456033,72,,1,2,4,1,2,,12.9062,32,0,0.0274699,13,0,10.3333,,0,0,0,0,0,0,0,0,0,,44,34,,0,0,0,0
1602714733221,10,1010123456033,72,,1,2,4,1,2,,1.55556,27,0,0.0066506,11,0,8,,0,0,0,0,0,0,0,0,0,,41,40,,0,0,0,0
1602714733471,10,1010123456033,72,,1,2,4,1,2,,8.58333,24,0,0.0114699,10,0,7,,0,0,0,0,0,0,0,0,0,,26,22,,0,0,0,0
1602714733721,10,1010123456033,72,,1,2,4,1,2,,13.5,12,0,0.0107309,5,0,13,,0.1,26,0,0.1,10,0,0,7.50719,31,,15,12,,0,0,0,1
1602714733971,10,1010123456033,72,,1,2,4,1,2,,15.5,6,0,0.00536546,2,0,12.5,,0,0,0,0,0,0,0,0,0,,5,4,,0,0,0,0
1602714734221,10,1010123456033,72,,1,2,4,1,2,,0,0,158,0,0,0,11,,0,0,0,0,0,0,0,0,0,,1,0,,0,0,0,0
1602714734471,10,1010123456033,72,,1,2,4,1,2,,17.1,10,0,0.0107631,4,0,10.25,,0,0,0,0,0,0,0,0,0,,10,10,,0,0,0,0
1602714734721,10,1010123456033,72,,1,2,4,1,2,,18.2,5,0,0.00533333,2,0,11.3333,,2.5,8,16281,0.1,3,0,0,7.41121,31,,5,4,,0,0,0,1
1602714734971,10,1010123456033,72,,1,2,4,1,2,,3.7,50,0,0.0232932,21,0,9.8,,0.923077,13,0,0.1,5,0,0,4.96076,0,,91,82,,0,0,0,1
1602714735221,10,1010123456033,72,,1,2,4,1,2,,19.8333,12,0,0.0158715,5,0,8.25,,0,0,0,0,0,0,0,0,0,,18,10,,0,0,0,0
1602714735471,10,1010123456033,72,,1,2,4,1,2,,0,0,0,0,0,0,6.5,,0,0,0,0,0,0,0,0,0,,0,0,,0,0,0,0
1602714735721,10,1010123456033,72,,1,2,4,1,2,,0,0,0,0,0,0,9,,0,0,0,0,0,0,0,0,0,,0,0,,0,0,0,0
1602714735971,10,1010123456033,72,,1,2,4,1,2,,17.6,5,158,0.00536546,2,0,11.75,,0.928571,28,0,0.1,11,0,0,4.66026,31,,4,4,,0,0,0,1
1602714736221,10,1010123456033,72,,1,2,4,1,2,,16.1,30,158,0.0320964,12,0,7,,0,0,0,0,0,0,0,0,0,,33,30,,0,0,0,0
1602714736471,10,1010123456033,72,,1,2,4,1,2,,0.109375,64,149,0.00812851,23,0,10.25,,0,0,0,0,0,0,0,0,0,,104,106,,0,0,0,0
1602714736721,10,1010123456033,72,,1,2,4,1,2,,4.49524,105,0,0.0311325,45,0,7.75,,1.57895,19,0,0.1,8,0,0,9.52201,31,,111,96,,0,0,0,1.31579
1602714736971,10,1010123456033,72,,1,2,4,1,2,,17.8571,14,0,0.0160643,6,0,13,,0,0,0,0,0,0,0,0,0,,20,12,,0,0,0,0
1602714737221,10,1010123456033,72,,1,2,4,1,2,,17.6,5,0,0.0053012,2,0,9.33333,,0,0,0,0,0,0,0,0,0,,6,4,,0,0,0,0
1602714737471,10,1010123456033,72,,1,2,4,1,2,,0,4,0,0.00533333,2,0,11.6667,,0,0,0,0,0,0,0,0,0,,5,4,,0,0,0,0
1602714737721,10,1010123456033,72,,1,2,4,1,2,,14,13,0,0.0107631,5,0,9.6,,14,12,0,0,4,100,0,7.51903,0,,11,12,,0,0,0,10
1602714737971,10,1010123456033,72,,1,2,4,1,2,,1.54237,59,0,0.0134618,25,0,11.5,,0,0,0,0,0,0,0,0,0,,141,140,,0,0,0,0
1602714738221,10,1010123456033,72,,1,2,4,1,2,,16.5909,22,0,0.021494,9,0,7.66667,,0,0,0,0,0,0,0,0,0,,22,18,,0,0,0,0
1602714738471,10,1010123456033,72,,1,2,4,1,2,,0,0,0,0,0,0,8.25,,0,0,0,0,0,0,0,0,0,,0,0,,0,0,0,0
1602714738721,10,1010123456033,72,,1,2,4,1,2,,3.94915,59,0,0.0235823,25,0,8,,8.7,30,0,0.1,11,27.2727,0,10.3417,31,,81,80,,0,0,0,3.93333
1602714738971,10,1010123456033,72,,1,2,4,1,2,,10.5641,39,0,0.0274699,16,0,10.3333,,0,0,0,0,0,0,0,0,0,,47,42,,0,0,0,0
1602714739221,10,1010123456033,72,,1,2,4,1,2,,8.52,25,0,0.011502,10,0,6,,0,0,0,0,0,0,0,0,0,,19,22,,0,0,0,0
1602714739471,10,1010123456033,72,,1,2,4,1,2,,1,38,0,0.00690763,15,0,9,,0,0,0,0,0,0,0,0,0,,52,50,,0,0,0,0
1602714739721,10,1010123456033,72,,1,2,4,1,2,,3.27397,73,106,0.0186345,22,0,6.5,,1.875,16,0,0.1,7,0,0,9.52744,31,,108,106,,0,0,0,1.0625
1602714739971,10,1010123456033,72,,1,2,4,1,2,,9.58823,51,0,0.0386827,26,0,11.2,,0,0,0,0,0,0,0,0,0,,65,56,,0,0,0,0
1602714740221,10,1010123456033,72,,1,2,4,1,2,,0.444444,117,0,0.016257,46,0,7.33333,,0,0,0,0,0,0,0,0,0,,231,224,,0,0,0,0
1602714740471,10,1010123456033,72,,1,2,4,1,2,,16.6667,15,0,0.0214297,8,0,11.6667,,0,0,0,0,0,0,0,0,0,,15,12,,0,0,0,0
1602714740721,10,1010123456033,72,,1,2,4,1,2,,17.8,10,0,0.0106667,4,0,11,,13.0417,24,0,0.1,9,55.5556,0,8.79534,31,,14,8,,0,0,0,6.66667
1602714740972,10,1010123456033,72,,1,2,4,1,2,,7.3,20,0,0.011008,8,0,6,,0,0,0,0,0,0,0,0,0,,27,24,,0,0,0,0
1602714741221,10,1010123456033,72,,1,2,4,1,2,,15.25,12,0,0.0166426,5,0,12,,0,0,0,0,0,0,0,0,0,,13,10,,0,0,0,0
1602714741471,10,1010123456033,72,,1,2,4,1,2,,0,0,0,0,0,0,8.33333,,0,0,0,0,0,0,0,0,0,,0,0,,0,0,0,0
1602714741721,10,1010123456033,72,,1,2,4,1,2,,9.05882,17,0,0.010988,7,0,8.5,,5.1,10,0,0.1,4,0,0,11.3953,31,,23,20,,0,0,0,1.6
1602714741971,10,1010123456033,72,,1,2,4,1,2,,17,14,0,0.0160643,6,0,8.8,,0,0,0,0,0,0,0,0,0,,15,12,,0,0,0,0
1602714742221,10,1010123456033,72,,1,2,4,1,2,,14.4,10,0,0.0106667,4,0,11.75,,0,0,0,0,0,0,0,0,0,,13,8,,0,0,0,0
1602714742471,10,1010123456033,72,,1,2,4,1,2,,17.9091,11,0,0.0107309,4,0,9,,0,0,0,0,0,0,0,0,0,,11,8,,0,0,0,0
1602714742721,10,1010123456033,72,,1,2,4,1,2,,0.764706,17,0,0.00610442,8,0,7.6,,3.04,25,0,0.1,10,0,0,6.81506,31,,53,52,,0,0,0,1.68
1602714742971,10,1010123456033,72,,1,2,4,1,2,,0,0,0,0,0,0,9.75,,0,0,0,0,0,0,0,0,0,,0,0,,0,0,0,0
1602714743221,10,1010123456033,72,,1,2,4,1,2,,4.675,80,0,0.0295261,31,0,9.8,,0,0,0,0,0,0,0,0,0,,119,112,,0,0,0,0
1602714743471,10,1010123456033,72,,1,2,4,1,2,,16.6,15,0,0.016,6,0,7,,0,0,0,0,0,0,0,0,0,,14,12,,0,0,0,0
1602714743721,10,1010123456033,72,,1,2,4,1,2,,13.0769,13,0,0.0109558,6,0,8.25,,1.92,25,0,0.1,9,0,0,8.65524,31,,14,12,,0,0,0,1.6
1602714743971,10,1010123456033,72,,1,2,4,1,2,,0.1,54,0,0.008,22,0,4.33333,,0,0,0,0,0,0,0,0,0,,97,96,,0,0,0,0
1602714744221,10,1010123456033,72,,1,2,4,1,2,,17.4,10,0,0.0107309,4,0,12.6667,,0,0,0,0,0,0,0,0,0,,11,8,,0,0,0,0
1602714744471,10,1010123456033,72,,1,2,4,1,2,,13.1944,36,0,0.0218474,12,0,11,,0,0,0,0,0,0,0,0,0,,38,30,,0,0,0,0
1602714744721,10,1010123456033,72,,1,2,4,1,2,,16.4,15,0,0.0213976,8,0,10.75,,0.666667,18,0,0.1,6,0,0,4.85894,31,,11,12,,0,0,0,1.16667
1602714744971,10,1010123456033,72,,1,2,4,1,2,,17.1818,11,0,0.0159036,5,0,8.66667,,0,0,0,0,0,0,0,0,0,,18,12,,0,0,0,0
1602714745221,10,1010123456033,72,,1,2,4,1,2,,1,64,0,0.0136225,26,0,4.5,,0,0,0,0,0,0,0,0,0,,112,108,,0,0,0,0
1602714745471,10,1010123456033,72,,1,2,4,1,2,,9.1,10,0,0.00562249,3,0,10,,0,0,0,0,0,0,0,0,0,,19,16,,0,0,0,0
1602714745721,10,1010123456033,72,,1,2,4,1,2,,18.4444,18,0,0.0263454,8,0,9.25,,0.1,23,0,0.1,9,0,0,5.63304,31,,76,86,,0,0,0,1.08696
1602714745971,10,1010123456033,72,,1,2,4,1,2,,16.8571,14,0,0.0160964,6,0,11.5,,0,0,0,0,0,0,0,0,0,,14,12,,0,0,0,0
1602714746221,10,1010123456033,72,,1,2,4,1,2,,0,6,0,0.010506,3,0,7.25,,0,0,0,0,0,0,0,0,0,,14,8,,0,0,0,0
1602714746471,10,1010123456033,72,,1,2,4,1,2,,18.6,5,0,0.00533333,2,0,6,,0,0,0,0,0,0,0,0,0,,6,4,,0,0,0,0
1602714746721,10,1010123456033,72,,1,2,4,1,2,,5.15,40,0,0.0173173,16,0,13,,0.1,19,0,0.1,8,0,0,4.54459,31,,91,80,,0,0,0,1
1602714746971,10,1010123456033,72,,1,2,4,1,2,,2.58904,73,0,0.0191807,29,0,6,,0,0,0,0,0,0,0,0,0,,113,110,,0,0,0,0
1602714747221,10,1010123456033,72,,1,2,4,1,2,,10.5294,17,0,0.0111486,7,0,9.4,,0,0,0,0,0,0,0,0,0,,20,18,,0,0,0,0
1602714747471,10,1010123456033,72,,1,2,4,1,2,,12.8571,7,0,0.00542972,3,0,11.5,,0,0,0,0,0,0,0,0,0,,10,8,,0,0,0,0
1602714747721,10,1010123456033,72,,1,2,4,1,2,,16.2727,11,0,0.0158394,5,0,8.75,,3.47619,42,0,0.1,18,27.7778,0,5.3396,31,,20,14,,0,0,0,3.28571
1602714747971,10,1010123456033,72,,1,2,4,1,2,,16.1579,19,0,0.021494,7,0,12,,0,0,0,0,0,0,0,0,0,,25,18,,0,0,0,0
1602714748221,10,1010123456033,72,,1,2,4,1,2,,18.2,5,0,0.00533333,2,0,9.16667,,0,0,0,0,0,0,0,0,0,,9,4,,0,0,0,0
1602714748471,10,1010123456033,72,,1,2,4,1,2,,0.1,57,158,0.00812851,23,0,2.66667,,0,2,0,0.1,1,0,0,0,31,,102,106,,0,0,0,0
1602714748721,10,1010123456033,72,,1,2,4,1,2,,4.35821,67,0,0.0238715,28,0,9.66667,,14.2105,38,0,0.1,14,64.2857,0,7.20341,0,,96,96,,0,0,0,6.84211
1602714748971,10,1010123456033,72,,1,2,4,1,2,,0,0,0,0,0,0,10.3333,,0,0,0,0,0,0,0,0,0,,0,0,,0,0,0,0
1602714749221,10,1010123456033,72,,1,2,4,1,2,,0,0,0,0,0,0,7.75,,0,0,0,0,0,0,0,0,0,,0,0,,0,0,0,0
1602714749471,10,1010123456033,72,,1,2,4,1,2,,10.8667,15,0,0.0109237,6,0,10.25,,0,0,0,0,0,0,0,0,0,,20,20,,0,0,0,0
1602714749721,10,1010123456033,72,,1,2,4,1,2,,18.4,5,0,0.00539759,2,0,10.25,,2.36364,11,0,0.1,5,0,0,11.1571,31,,6,4,,0,0,0,1
1602714749971,10,1010123456033,72,,1,2,4,1,2,,15.7619,21,0,0.0215582,9,0,9.25,,0,0,0,0,0,0,0,0,0,,20,18,,0,0,0,0
1602714750221,10,1010123456033,72,,1,2,4,1,2,,2.50685,73,0,0.0141044,29,0,11.75,,0,0,0,0,0,0,0,0,0,,59,58,,0,0,0,0
1602714750471,10,1010123456033,72,,1,2,4,1,2,,13.2222,18,0,0.0177671,7,0,9.75,,0,0,0,0,0,0,0,0,0,,24,20,,0,0,0,0
1602714750721,10,1010123456033,72,,1,2,4,1,2,,16,7,0,0.010506,3,0,10.4,,13.3455,55,0,0.1,22,72.7273,0,6.67127,31,,11,8,,0,0,0,7.58182
1602714750971,10,1010123456033,72,,1,2,4,1,2,,16.08,25,0,0.0268273,10,0,9.66667,,0,0,0,0,0,0,0,0,0,,20,20,,0,0,0,0
1602714751221,10,1010123456033,72,,1,2,4,1,2,,10.125,24,0,0.0164177,10,0,6.75,,0,0,0,0,0,0,0,0,0,,30,28,,0,0,0,0
1602714751471,10,1010123456033,72,,1,2,4,1,2,,16.4545,11,0,0.0106667,4,0,10.6667,,0,2,151,0.1,1,0,0,0,31,,10,8,,0,0,0,0
1602714751721,10,1010123456033,72,,1,2,4,1,2,,11.6154,26,0,0.0163855,10,0,9.66667,,0.1,10,0,0.1,4,0,0,3.7268,0,,16,20,,0,0,0,1
1602714751971,10,1010123456033,72,,1,2,4,1,2,,0.1,58,0,0.00812851,23,0,6.75,,0,0,0,0,0,0,0,0,0,,224,236,,0,0,0,0
1602714752221,10,1010123456033,72,,1,2,4,1,2,,18.2,5,0,0.00533333,2,0,12,,0,0,0,0,0,0,0,0,0,,5,4,,0,0,0,0
1602714752471,10,1010123456033,72,,1,2,4,1,2,,17,11,0,0.0106667,4,0,12,,0,0,0,0,0,0,0,0,0,,9,8,,0,0,0,0
1602714752721,10,1010123456033,72,,1,2,4,1,2,,12.8333,12,0,0.0107631,5,0,9,,0.1,25,0,0.1,9,0,0,3.66537,31,,20,10,,0,0,0,1
1602714752971,10,1010123456033,72,,1,2,4,1,2,,9.27586,29,0,0.0218474,12,0,10.5,,0,0,0,0,0,0,0,0,0,,43,36,,0,0,0,0
1602714753221,10,1010123456033,72,,1,2,4,1,2,,11.875,8,0,0.00549398,3,0,11.75,,0,0,0,0,0,0,0,0,0,,9,8,,0,0,0,0
1602714753471,10,1010123456033,72,,1,2,4,1,2,,16.6667,9,0,0.0107309,4,0,10.6,,0,0,0,0,0,0,0,0,0,,11,8,,0,0,0,0
1602714753722,10,1010123456033,72,,1,2,4,1,2,,3.47143,70,0,0.021312,21,0,9,,0.1,25,0,0.1,10,10,0,4.43268,31,,110,108,,0,0,0,2.08
1602714753971,10,1010123456033,72,,1,2,4,1,2,,0.1,3,0,0.00282731,8,0,11.6667,,0,0,0,0,0,0,0,0,0,,0,0,,0,0,0,0
1602714754221,10,1010123456033,72,,1,2,4,1,2,,17.5,6,47,0.00539759,2,0,11.5,,0,0,0,0,0,0,0,0,0,,9,6,,0,0,0,0
1602714754471,10,1010123456033,72,,1,2,4,1,2,,4.92683,41,0,0.01751,17,0,6,,0,0,0,0,0,0,0,0,0,,66,62,,0,0,0,0
1602714754721,10,1010123456033,72,,1,2,4,1,2,,18.2,5,0,0.00533333,2,0,11.6667,,0.173913,23,0,0.1,9,0,0,7.70911,31,,3,4,,0,0,0,1
1602714754971,10,1010123456033,72,,1,2,4,1,2,,3.17143,35,0,0.0121124,14,0,7,,0,0,0,0,0,0,0,0,0,,68,64,,0,0,0,0
1602714755221,10,1010123456033,72,,1,2,4,1,2,,12.4545,11,0,0.0107952,5,0,9,,0,0,0,0,0,0,0,0,0,,16,14,,0,0,0,0
1602714755471,10,1010123456033,72,,1,2,4,1,2,,13.4,5,0,0.00536546,2,0,8.66667,,0,0,0,0,0,0,0,0,0,,5,4,,0,0,0,0
1602714755721,10,1010123456033,72,,1,2,4,1,2,,11.6129,31,45,0.0161285,8,0,5.4,,0,4,0,0,2,100,0,0,0,,27,28,,0,0,0,0
1602714755971,10,1010123456033,72,,1,2,4,1,2,,12.8,15,0,0.0165462,10,0,8.75,,5.8,25,0,0.1,10,60,0,5.30197,31,,11,14,,0,0,0,6.4
1602714756221,10,1010123456033,72,,1,2,4,1,2,,13.4,15,158,0.0160964,6,0,8.33333,,0,0,0,0,0,0,0,0,0,,41,28,,0,0,0,0
1602714756471,10,1010123456033,72,,1,2,4,1,2,,2.15789,57,0,0.0131084,24,0,7.75,,0,0,0,0,0,0,0,0,0,,157,160,,0,0,0,0
1602714756721,10,1010123456033,72,,1,2,4,1,2,,2.75,32,74,0.00742169,8,0,6,,6.09091,22,0,0.1,9,44.4444,0,7.64828,31,,83,80,,0,0,0,4.27273
1602714756971,10,1010123456033,72,,1,2,4,1,2,,1.875,32,0,0.0113414,19,0,12,,0.1,6,0,0.1,2,0,0,6.24244,0,,51,48,,0,0,0,1
1602714757221,10,1010123456033,72,,1,2,4,1,2,,9.33333,36,0,0.0224257,14,0,8,,0,0,0,0,0,0,0,0,0,,47,40,,0,0,0,0
1602714757471,10,1010123456033,72,,1,2,4,1,2,,8.83333,24,0,0.0113735,10,0,6,,0,0,0,0,0,0,0,0,0,,24,22,,0,0,0,0
1602714757721,10,1010123456033,72,,1,2,4,1,2,,0,0,0,0,0,0,8.4,,0,0,0,0,0,0,0,0,0,,0,0,,0,0,0,0
1602714757971,10,1010123456033,72,,1,2,4,1,2,,3.48571,35,0,0.0119839,14,0,7.25,,0.782609,23,0,0.1,9,0,0,7.80364,31,,64,60,,0,0,0,1.26087
1602714758221,10,1010123456033,72,,1,2,4,1,2,,15.2273,22,0,0.0221687,9,0,12.6667,,0,0,0,0,0,0,0,0,0,,19,20,,0,0,0,0
1602714758471,10,1010123456033,72,,1,2,4,1,2,,17,9,158,0.00938153,3,0,9.33333,,0,0,0,0,0,0,0,0,0,,13,8,,0,0,0,0
1602714758721,10,1010123456033,72,,1,2,4,1,2,,17.0476,42,0,0.0439197,17,0,11,,9.65517,29,0,0.1,12,41.6667,0,9.07746,31,,37,32,,0,0,0,4.48276
1602714758971,10,1010123456033,72,,1,2,4,1,2,,18.6154,26,0,0.0318394,10,0,12.3333,,0,0,0,0,0,0,0,0,0,,33,22,,0,0,0,0
1602714759221,10,1010123456033,72,,1,2,4,1,2,,0,8,0,0.0106667,4,0,10,,0,0,0,0,0,0,0,0,0,,12,12,,0,0,0,0
1602714759471,10,1010123456033,72,,1,2,4,1,2,,4.14286,63,0,0.0235181,25,0,6.33333,,0,0,0,0,0,0,0,0,0,,98,92,,0,0,0,0
1602714759721,10,1010123456033,72,,1,2,4,1,2,,18.4,5,0,0.00539759,2,0,9.4,,1,12,0,0.1,4,0,0,7.97249,31,,6,4,,0,0,0,1
1602714759971,10,1010123456033,72,,1,2,4,1,2,,1.08451,71,144,0.0138153,27,0,6,,0,0,0,0,0,0,0,0,0,,133,128,,0,0,0,0
1602714760221,10,1010123456033,72,,1,2,4,1,2,,2.05435,92,0,0.0254137,39,0,9.8,,0,0,0,0,0,0,0,0,0,,135,134,,0,0,0,0
1602714760471,10,1010123456033,72,,1,2,4,1,2,,17.5,22,0,0.0214618,8,0,7.4,,0,0,0,0,0,0,0,0,0,,17,16,,0,0,0,0
1602714760721,10,1010123456033,72,,1,2,4,1,2,,12.1667,18,0,0.0163213,7,0,9.75,,1.52174,23,0,0.1,9,0,0,7.8322,31,,25,20,,0,0,0,1.34783
1602714760971,10,1010123456033,72,,1,2,4,1,2,,17.7,10,0,0.0106667,4,0,11,,0,0,0,0,0,0,0,0,0,,8,8,,0,0,0,0
1602714761221,10,1010123456033,72,,1,2,4,1,2,,18.1176,34,0,0.0371084,13,0,11.6667,,0,0,0,0,0,0,0,0,0,,34,26,,0,0,0,0
1602714761471,10,1010123456033,72,,1,2,4,1,2,,17.5,20,0,0.0215904,8,0,11.3333,,0,0,0,0,0,0,0,0,0,,23,16,,0,0,0,0
1602714761721,10,1010123456033,72,,1,2,4,1,2,,0,0,0,0,0,0,12,,0,0,0,0,0,0,0,0,0,,0,0,,0,0,0,0
1602714761971,10,1010123456033,72,,1,2,4,1,2,,17.3333,21,0,0.0107631,4,0,10.5,,4.2069,29,0,0.1,12,33.3333,0,8.44474,31,,17,16,,0,0,0,3.48276
1602714762221,10,1010123456033,72,,1,2,4,1,2,,5.46154,39,0,0.0280482,21,0,10.8,,0,0,0,0,0,0,0,0,0,,34,34,,0,0,0,0
1602714762471,10,1010123456033,72,,1,2,4,1,2,,4.87879,66,0,0.0186667,27,0,9.25,,0,2,25,0.1,1,0,0,0,31,,52,54,,0,0,0,0
1602714762721,10,1010123456033,72,,1,2,4,1,2,,17.7,10,0,0.0107309,4,0,8,,0.1,24,0,0.1,10,0,0,4.02521,0,,11,8,,0,0,0,1
1602714762971,10,1010123456033,72,,1,2,4,1,2,,17.8182,11,0,0.0106667,4,0,8.75,,0,0,0,0,0,0,0,0,0,,12,8,,0,0,0,0
1602714763221,10,1010123456033,72,,1,2,4,1,2,,1.46032,63,0,0.0135261,25,0,8.33333,,0,0,0,0,0,0,0,0,0,,154,162,,0,0,0,0
1602714763471,10,1010123456033,72,,1,2,4,1,2,,0,0,0,0,0,0,8.8,,0,0,0,0,0,0,0,0,0,,0,0,,0,0,0,0
1602714763721,10,1010123456033,72,,1,2,4,1,2,,0,0,0,0,0,0,8,,0,0,0,0,0,0,0,0,0,,0,0,,0,0,0,0
1602714763971,10,1010123456033,72,,1,2,4,1,2,,0,0,0,0,0,0,10.3333,,0,0,0,0,0,0,0,0,0,,0,0,,0,0,0,0
1602714764221,10,1010123456033,72,,1,2,4,1,2,,0,0,0,0,0,0,12,,0,0,0,0,0,0,0,0,0,,0,0,,0,0,0,0
1602714764471,10,1010123456033,72,,1,2,4,1,2,,0,0,0,0,0,0,8,,0,0,0,0,0,0,0,0,0,,0,0,,0,0,0,0
1602714764721,10,1010123456033,72,,1,2,4,1,2,,0,0,0,0,0,0,8,,0,0,0,0,0,0,0,0,0,,0,0,,0,0,0,0
1602714764971,10,1010123456033,72,,1,2,4,1,2,,0,0,0,0,0,0,7.66667,,0,0,0,0,0,0,0,0,0,,0,0,,0,0,0,0
1602714765221,10,1010123456033,72,,1,2,4,1,2,,0,0,0,0,0,0,7,,0,2,0,0.1,1,0,0,0,31,,0,0,,0,0,0,0
1602714765471,10,1010123456033,72,,1,2,4,1,2,,0,0,0,0,0,0,9,,0,0,0,0,0,0,0,0,0,,0,0,,0,0,0,0
1602714765721,10,1010123456033,72,,1,2,4,1,2,,0,0,0,0,0,0,6.5,,0,0,0,0,0,0,0,0,0,,0,0,,0,0,0,0
1602714765971,10,1010123456033,72,,1,2,4,1,2,,0,0,0,0,0,0,10,,0,0,0,0,0,0,0,0,0,,0,0,,0,0,0,0
1602714766221,10,1010123456033,72,,1,2,4,1,2,,0,0,0,0,0,0,10.5,,0,0,0,0,0,0,0,0,0,,0,0,,0,0,0,0
1602714766471,10,1010123456033,72,,1,2,4,1,2,,0,0,0,0,0,0,10.6667,,0,0,0,0,0,0,0,0,0,,0,0,,0,0,0,0
1602714766721,10,1010123456033,72,,1,2,4,1,2,,0,0,0,0,0,0,7.5,,0,0,0,0,0,0,0,0,0,,0,0,,0,0,0,0
1602714766971,10,1010123456033,72,,1,2,4,1,2,,0,0,0,0,0,0,12.25,,0,0,0,0,0,0,0,0,0,,0,0,,0,0,0,0
1602714767221,10,1010123456033,72,,1,2,4,1,2,,0,0,0,0,0,0,10.6667,,0,0,0,0,0,0,0,0,0,,0,0,,0,0,0,0
1602714767471,10,1010123456033,72,,1,2,4,1,2,,0,0,0,0,0,0,8,,0,0,0,0,0,0,0,0,0,,0,0,,0,0,0,0
1602714767721,10,1010123456033,72,,1,2,4,1,2,,0,0,0,0,0,0,11,,0,0,0,0,0,0,0,0,0,,0,0,,0,0,0,0
1602714767971,10,1010123456033,72,,1,2,4,1,2,,0,0,0,0,0,0,9.5,,0,0,0,0,0,0,0,0,0,,0,0,,0,0,0,0
1602714768221,10,1010123456033,72,,1,2,4,1,2,,0,0,0,0,0,0,10.6667,,0,0,0,0,0,0,0,0,0,,0,0,,0,0,0,0
1602714768471,10,1010123456033,72,,1,2,4,1,2,,0,0,0,0,0,0,13,,0,0,0,0,0,0,0,0,0,,0,0,,0,0,0,0
1602714768721,10,1010123456033,72,,1,2,4,1,2,,0,0,0,0,0,0,8,,0,0,0,0,0,0,0,0,0,,0,0,,0,0,0,0
1602714768971,10,1010123456033,72,,1,2,4,1,2,,0,0,0,0,0,0,7.5,,0,0,0,0,0,0,0,0,0,,0,0,,0,0,0,0
1602714769221,10,1010123456033,72,,1,2,4,1,2,,0,0,0,0,0,0,5.5,,0,0,0,0,0,0,0,0,0,,0,0,,0,0,0,0
1602714769471,10,1010123456033,72,,1,2,4,1,2,,0,0,0,0,0,0,0.1,,0,0,0,0,0,0,0,0,0,,0,0,,0,0,0,0
1602714769721,10,1010123456033,72,,1,2,4,1,2,,0,0,0,0,0,0,2,,0,0,0,0,0,0,0,0,0,,0,0,,0,0,0,0
1602714769971,10,1010123456033,72,,1,2,4,1,2,,0,0,0,0,0,0,1,,0,0,0,0,0,0,0,0,0,,0,0,,0,0,0,0
1602714770221,10,1010123456033,72,,1,2,4,1,2,,0,0,0,0,0,0,9,,0,0,0,0,0,0,0,0,0,,0,0,,0,0,0,0
1602714770471,10,1010123456033,72,,1,2,4,1,2,,0,0,0,0,0,0,13,,0,0,0,0,0,0,0,0,0,,0,0,,0,0,0,0
1602714770721,10,1010123456033,72,,1,2,4,1,2,,0,0,0,0,0,0,6.66667,,0,0,0,0,0,0,0,0,0,,0,0,,0,0,0,0
1602714770971,10,1010123456033,72,,1,2,4,1,2,,0,0,0,0,0,0,2.66667,,0,0,0,0,0,0,0,0,0,,0,0,,0,0,0,0
1602714771221,10,1010123456033,72,,1,2,4,1,2,,0,0,0,0,0,0,4.5,,0,0,0,0,0,0,0,0,0,,0,0,,0,0,0,0
1602714771471,10,1010123456033,72,,1,2,4,1,2,,0,0,0,0,0,0,11,,0,0,0,0,0,0,0,0,0,,0,0,,0,0,0,0
1602714771721,10,1010123456033,72,,1,2,4,1,2,,0,0,0,0,0,0,1,,0,0,0,0,0,0,0,0,0,,0,0,,0,0,0,0
1602714771971,10,1010123456033,72,,1,2,4,1,2,,0,0,0,0,0,0,8.66667,,0,0,0,0,0,0,0,0,0,,0,0,,0,0,0,0
1602714772221,10,1010123456033,72,,1,2,4,1,2,,0,0,0,0,0,0,2.5,,15,12,0,0,4,100,0,0.1,0,,0,0,,0,0,0,10
1602714772471,10,1010123456033,72,,1,2,4,1,2,,0,0,0,0,0,0,5,,0,0,0,0,0,0,0,0,0,,0,0,,0,0,0,0
1602714772721,10,1010123456033,72,,1,2,4,1,2,,0,0,0,0,0,0,2.33333,,0,0,0,0,0,0,0,0,0,,0,0,,0,0,0,0
1602714772971,10,1010123456033,72,,1,2,4,1,2,,0,0,0,0,0,0,1,,0,0,0,0,0,0,0,0,0,,0,0,,0,0,0,0
1602714773221,10,1010123456033,72,,1,2,4,1,2,,0,0,0,0,0,0,2,,0,0,0,0,0,0,0,0,0,,0,0,,0,0,0,0
1602714773471,10,1010123456033,72,,1,2,4,1,2,,0,0,0,0,0,0,4.8,,0,0,0,0,0,0,0,0,0,,0,0,,0,0,0,0
1602714773721,10,1010123456033,72,,1,2,4,1,2,,0,0,0,0,0,0,0.1,,0,0,0,0,0,0,0,0,0,,0,0,,0,0,0,0
1602714773971,10,1010123456033,72,,1,2,4,1,2,,0,0,0,0,0,0,0.1,,0,0,0,0,0,0,0,0,0,,0,0,,0,0,0,0
1602714774221,10,1010123456033,72,,1,2,4,1,2,,0,0,0,0,0,0,5.33333,,0,0,0,0,0,0,0,0,0,,0,0,,0,0,0,0
1602714774471,10,1010123456033,72,,1,2,4,1,2,,0,0,0,0,0,0,2.66667,,0,0,0,0,0,0,0,0,0,,0,0,,0,0,0,0
1602714774721,10,1010123456033,72,,1,2,4,1,2,,0,0,0,0,0,0,1,,0,0,0,0,0,0,0,0,0,,0,0,,0,0,0,0
1602714774971,10,1010123456033,72,,1,2,4,1,2,,0,0,0,0,0,0,9,,0,0,0,0,0,0,0,0,0,,0,0,,0,0,0,0
1602714775221,10,1010123456033,72,,1,2,4,1,2,,0,0,0,0,0,0,4,,0,0,0,0,0,0,0,0,0,,0,0,,0,0,0,0
1602714775471,10,1010123456033,72,,1,2,4,1,2,,0,0,0,0,0,0,6.5,,0,0,0,0,0,0,0,0,0,,0,0,,0,0,0,0
1602714775721,10,1010123456033,72,,1,2,4,1,2,,0,0,0,0,0,0,3.5,,0,0,0,0,0,0,0,0,0,,0,0,,0,0,0,0
1602714775971,10,1010123456033,72,,1,2,4,1,2,,0,0,0,0,0,0,2,,0,0,0,0,0,0,0,0,0,,0,0,,0,0,0,0
1602714776221,10,1010123456033,72,,1,2,4,1,2,,0,0,0,0,0,0,8,,0,0,0,0,0,0,0,0,0,,0,0,,0,0,0,0
1602714776471,10,1010123456033,72,,1,2,4,1,2,,0,0,0,0,0,0,2.66667,,0,0,0,0,0,0,0,0,0,,0,0,,0,0,0,0
1602714776721,10,1010123456033,72,,1,2,4,1,2,,0,0,0,0,0,0,13,,0,0,0,0,0,0,0,0,0,,0,0,,0,0,0,0
1602714776971,10,1010123456033,72,,1,2,4,1,2,,0,0,0,0,0,0,3.25,,0,0,0,0,0,0,0,0,0,,0,0,,0,0,0,0
1602714777221,10,1010123456033,72,,1,2,4,1,2,,0,0,0,0,0,0,5.5,,0,0,0,0,0,0,0,0,0,,0,0,,0,0,0,0
1602714777471,10,1010123456033,72,,1,2,4,1,2,,0,0,0,0,0,0,2,,0,0,0,0,0,0,0,0,0,,0,0,,0,0,0,0
1602714777721,10,1010123456033,72,,1,2,4,1,2,,0,0,0,0,0,0,6.25,,0,0,0,0,0,0,0,0,0,,0,0,,0,0,0,0
1602714777971,10,1010123456033,72,,1,2,4,1,2,,0,0,0,0,0,0,4,,0,0,0,0,0,0,0,0,0,,0,0,,0,0,0,0
1602714778221,10,1010123456033,72,,1,2,4,1,2,,0,0,0,0,0,0,8,,0,0,0,0,0,0,0,0,0,,0,0,,0,0,0,0
1602714778471,10,1010123456033,72,,1,2,4,1,2,,0,0,0,0,0,0,3,,0,0,0,0,0,0,0,0,0,,0,0,,0,0,0,0
1602714778721,10,1010123456033,72,,1,2,4,1,2,,0,0,0,0,0,0,0.1,,0,0,0,0,0,0,0,0,0,,0,0,,0,0,0,0
1602714778971,10,1010123456033,72,,1,2,4,1,2,,0,0,0,0,0,0,7,,0,0,0,0,0,0,0,0,0,,0,0,,0,0,0,0
