Timestamp,num_ues,IMSI,RNTI,,slicing_enabled,slice_id,slice_prb,power_multiplier,scheduling_policy,,dl_mcs,dl_n_samples,dl_buffer [bytes],tx_brate downlink [Mbps],tx_pkts downlink,tx_errors downlink (%),dl_cqi,,ul_mcs,ul_n_samples,ul_buffer [bytes],rx_brate uplink [Mbps],rx_pkts uplink,rx_errors uplink (%),ul_rssi,ul_sinr,phr,,sum_requested_prbs,sum_granted_prbs,,dl_pmi,dl_ri,ul_n,ul_turbo_iters
1602380684989,8,1010123456020,74,,1,1,4,1,1,,5.72727,11,0,0.005984,5,0,0.1,,1.46154,13,0,0.1,5,0,0,6.81009,31,,2,16,,0,0,0,1.23077
1602380685239,8,1010123456020,74,,1,1,4,1,1,,5.8125,80,16372,0.03136,31,0,0.1,,1.21739,23,0,0.1,10,40,0,3.27577,31,,0,88,,0,0,0,4.3913
1602380685489,8,1010123456020,74,,1,1,4,1,1,,5.55882,136,45403,0.039168,53,0,0.1,,0.909091,55,0,0.1,22,18.1818,0,3.50627,31,,262,120,,0,0,0,3.32727
1602380685739,8,1010123456020,74,,1,1,4,1,1,,5.75676,148,74475,0.038528,57,0,0.1,,0.1,25,0,0.1,10,30,0,2.75559,31,,290,114,,0,0,0,3.96
1602380685989,8,1010123456020,74,,1,1,4,1,1,,5.77099,131,103639,0.035968,53,0,5,,0.1,51,0,0.1,20,5,0,3.34773,31,,292,104,,0,0,0,1.68627
1602380686239,8,1010123456020,74,,1,1,4,1,1,,5.96,150,132613,0.04256,61,0,0.1,,0,0,0,0,0,0,0,0,0,,274,122,,0,0,0,0
1602380686489,8,1010123456020,74,,1,1,4,1,1,,5.425,160,161630,0.039648,61,0,5,,0,0,0,0,0,0,0,0,0,,277,128,,0,0,0,0
1602380686739,8,1010123456020,74,,1,1,4,1,1,,9.8,160,183603,0.082528,67,0,8,,0.1,131,0,0.1,53,16.9811,0,2.51649,31,,280,130,,0,0,0,2.58015
1602380686989,8,1010123456020,74,,1,1,4,1,1,,8.79433,141,183303,0.067392,59,0,5.5,,0.1,85,0,0.1,35,34.2857,0,2.1248,31,,278,112,,0,0,0,4.41176
1602380687239,9,1010123456020,74,,1,1,4,1,1,,6.77181,149,183464,0.046944,58,0,5,,0.1,49,0,0.1,21,4.7619,0,2.92166,31,,280,122,,0,0,0,1.44898
1602380687489,9,1010123456020,74,,1,1,4,1,1,,5.77519,129,183971,0.037216,55,0,5,,0.328358,67,0,0.1,27,29.6296,0,3.34168,31,,284,110,,0,0,0,4.1194
1602380687739,10,1010123456020,74,,1,1,4,1,1,,5.82353,119,184586,0.03216,47,0,0.1,,4,3,0,0.1,1,0,0,3.63872,31,,281,94,,0,0,0,1
1602380687989,10,1010123456020,74,,1,1,4,1,1,,5.58475,118,183804,0.03104,47,0,5,,0.1,73,0,0.1,29,27.5862,0,2.53915,31,,273,94,,0,0,0,3.45205
1602380688239,10,1010123456020,74,,1,1,4,1,1,,5.64655,116,184453,0.031296,47,0,4,,0,0,0,0,0,0,0,0,0,,274,94,,0,0,0,0
1602380688489,10,1010123456020,74,,1,1,4,1,1,,3.7265,117,183959,0.021472,47,0,0.1,,0,0,0,0,0,0,0,0,0,,286,100,,0,0,0,0
1602380688739,10,1010123456020,74,,1,1,4,1,1,,3.39655,116,183506,0.020352,48,0,0.1,,0,2,0,0.1,1,0,0,0,31,,273,102,,0,0,0,0
1602380688989,10,1010123456020,74,,1,1,4,1,1,,17.0154,130,184197,0.120736,53,0,9,,0,0,0,0,0,0,0,0,0,,271,102,,0,0,0,0
1602380689239,10,1010123456020,74,,1,1,4,1,1,,17.2927,123,183469,0.123872,51,0,0.1,,0,0,0,0,0,0,0,0,0,,285,100,,0,0,0,0
1602380689489,10,1010123456020,74,,1,1,4,1,1,,16.4762,126,184365,0.107552,47,0,0.1,,0,0,0,0,0,0,0,0,0,,267,100,,0,0,0,0
1602380689739,10,1010123456020,74,,1,1,4,1,1,,16.8487,119,183902,0.112224,47,0,0.1,,0,6,0,0.1,3,66.6667,0,0,31,,276,102,,0,0,0,0
1602380689989,10,1010123456020,74,,1,1,4,1,1,,16.6972,109,183569,0.11472,47,0,0.1,,0,0,0,0,0,0,0,0,0,,275,90,,0,0,0,0
1602380690239,10,1010123456020,74,,1,1,4,1,1,,16.0305,131,184323,0.116576,52,0,0.1,,0,0,0,0,0,0,0,0,0,,273,108,,0,0,0,0
1602380690489,10,1010123456020,74,,1,1,4,1,1,,15.8468,111,184022,0.104704,47,0,0.1,,0,0,0,0,0,0,0,0,0,,267,96,,0,0,0,0
1602380690739,10,1010123456020,74,,1,1,4,1,1,,16.5229,109,183897,0.108544,46,0,0.1,,0,2,0,0.1,1,0,0,0,31,,276,86,,0,0,0,0
1602380690989,10,1010123456020,74,,1,1,4,1,1,,16.9147,129,183278,0.113248,47,0,0.1,,0,0,0,0,0,0,0,0,0,,276,98,,0,0,0,0
1602380691239,10,1010123456020,74,,1,1,4,1,1,,16.4922,128,184197,0.109472,47,0,0.1,,0.1,3,0,0.1,1,0,0,1.85963,31,,277,98,,0,0,0,3
1602380691489,10,1010123456020,74,,1,1,4,1,1,,17.4083,120,183407,0.12496,51,0,0.1,,0.1,3,0,0.1,1,0,0,1.70276,31,,265,100,,0,0,0,3
1602380691739,10,1010123456020,74,,1,1,4,1,1,,16.8981,108,183112,0.105088,44,0,0.1,,0.1,3,0,0.1,1,0,0,1.69231,31,,267,90,,0,0,0,1
1602380691989,10,1010123456020,74,,1,1,4,1,1,,16.9412,136,183463,0.137408,57,0,0.1,,0,0,0,0,0,0,0,0,0,,275,110,,0,0,0,0
1602380692239,10,1010123456020,74,,1,1,4,1,1,,17.0252,119,184449,0.112704,46,0,0.1,,0.1,3,0,0.1,1,0,0,2.19364,31,,275,92,,0,0,0,1
1602380692489,10,1010123456020,74,,1,1,4,1,1,,16.6667,105,184172,0.107552,45,0,0.1,,0,2,0,0.1,1,0,0,0,31,,262,90,,0,0,0,0
1602380692739,10,1010123456020,74,,1,1,4,1,1,,16.688,125,183532,0.114784,50,0,0.1,,0,0,0,0,0,0,0,0,0,,270,102,,0,0,0,0
1602380692989,10,1010123456020,74,,1,1,4,1,1,,16.36,125,184474,0.120544,52,0,0.1,,0,0,0,0,0,0,0,0,0,,274,98,,0,0,0,0
1602380693239,10,1010123456020,74,,1,1,4,1,1,,17.0759,145,183332,0.12848,53,0,0.1,,0,0,0,0,0,0,0,0,0,,272,112,,0,0,0,0
1602380693489,10,1010123456020,74,,1,1,4,1,1,,17.1983,121,184052,0.115072,48,0,0.1,,0.1,8,0,0.1,3,66.6667,0,0.602458,31,,268,100,,0,0,0,7.75
1602380693739,10,1010123456020,74,,1,1,4,1,1,,17.4196,112,183604,0.121984,50,0,0.1,,0,0,0,0,0,0,0,0,0,,267,92,,0,0,0,0
1602380693989,10,1010123456020,74,,1,1,4,1,1,,16.7768,112,183275,0.107936,45,0,0.1,,0.1,6,0,0.1,2,50,0,1.54456,31,,274,90,,0,0,0,6
1602380694239,10,1010123456020,74,,1,1,4,1,1,,16.4626,147,183574,0.133568,58,0,0.1,,0,0,0,0,0,0,0,0,0,,276,118,,0,0,0,0
1602380694489,10,1010123456020,74,,1,1,4,1,1,,16.5736,129,184405,0.113312,48,0,9,,0,0,0,0,0,0,0,0,0,,277,100,,0,0,0,0
1602380694739,10,1010123456020,74,,1,1,4,1,1,,17.754,126,183330,0.138688,56,0,9,,0.1,3,0,0.1,1,0,0,2.83231,31,,272,106,,0,0,0,1
1602380694989,10,1010123456020,74,,1,1,4,1,1,,17.1259,135,183736,0.128864,53,0,0.1,,0.1,9,0,0.1,3,66.6667,0,1.20018,31,,269,108,,0,0,0,7.33333
1602380695239,10,1010123456020,74,,1,1,4,1,1,,6.06364,110,184279,0.038784,46,0,5.5,,0,0,0,0,0,0,0,0,0,,267,90,,0,0,0,0
1602380695489,10,1010123456020,74,,1,1,4,1,1,,3.53636,110,183838,0.020352,46,0,0.1,,0,2,0,0.1,1,0,0,0,31,,283,90,,0,0,0,0
1602380695739,10,1010123456020,74,,1,1,4,1,1,,8.60976,123,183823,0.051072,48,0,7,,0.1,3,0,0.1,1,0,0,2.31094,31,,268,98,,0,0,0,1
1602380695989,10,1010123456020,74,,1,1,4,1,1,,10.6992,133,183307,0.068512,51,0,7,,0.1,73,0,0.1,30,46.6667,0,1.22342,31,,281,104,,0,0,0,6.39726
1602380696239,10,1010123456020,74,,1,1,4,1,1,,19.5462,130,183733,0.178784,52,0,8,,0.131148,61,0,0.1,24,16.6667,0,2.27621,31,,272,104,,0,0,0,3.13115
1602380696489,10,1010123456020,74,,1,1,4,1,1,,1,139,183574,0.011424,51,0,0.1,,0,0,0,0,0,0,0,0,0,,271,112,,0,0,0,0
1602380696739,10,1010123456020,74,,1,1,4,1,1,,2.25,120,183268,0.015872,50,0,4,,0.1,3,0,0.1,1,0,0,1.13677,31,,275,104,,0,0,0,1
1602380696989,10,1010123456020,74,,1,1,4,1,1,,2.2551,98,184447,0.013632,40,0,3,,0.1,3,0,0.1,1,0,0,0.305605,31,,271,96,,0,0,0,4
1602380697239,10,1010123456020,74,,1,1,4,1,1,,22.1369,168,184124,0.248992,69,0,12,,0,0,0,0,0,0,0,0,0,,275,132,,0,0,0,0
1602380697489,10,1010123456020,74,,1,1,4,1,1,,22.0985,132,184090,0.183008,49,0,0.1,,0,0,0,0,0,0,0,0,0,,267,102,,0,0,0,0
1602380697739,10,1010123456020,74,,1,1,4,1,1,,21.6847,111,183693,0.159648,43,0,0.1,,0,0,0,0,0,0,0,0,0,,267,84,,0,0,0,0
1602380697989,10,1010123456020,74,,1,1,4,1,1,,22.6471,119,183793,0.182624,47,0,0.1,,0,0,0,0,0,0,0,0,0,,286,96,,0,0,0,0
1602380698239,10,1010123456020,74,,1,1,4,1,1,,19.774,146,184394,0.179438,57,0,9,,0,0,0,0,0,0,0,0,0,,280,110,,0,0,0,0
1602380698489,10,1010123456020,74,,1,1,4,1,1,,13.6015,133,184273,0.10256,55,0,8,,0,0,0,0,0,0,0,0,0,,273,110,,0,0,0,0
1602380698739,10,1010123456020,74,,1,1,4,1,1,,12.7586,145,184203,0.10144,59,0,5,,0.1,97,810,0.1,40,0,0,2.38725,31,,265,118,,0,0,0,1.43299
1602380698989,10,1010123456020,74,,1,1,4,1,1,,10.2472,89,184484,0.038368,31,0,7,,0.1,49,0,0.1,20,0,0,2.28918,31,,272,68,,0,0,0,1.53061
1602380699239,10,1010123456020,74,,1,1,4,1,1,,7.78358,134,184545,0.05104,54,0,6,,0.1,56,0,0.1,22,4.54545,0,2.1031,31,,265,108,,0,0,0,2.14286
1602380699489,10,1010123456020,74,,1,1,4,1,1,,7.9434,106,183439,0.043264,45,0,5,,0.304348,46,0,0.1,19,0,0,3.40658,31,,277,88,,0,0,0,1.08696
1602380699739,10,1010123456020,74,,1,1,4,1,1,,7.26897,145,183536,0.048608,55,0,6,,0.1,57,0,0.1,22,4.54545,0,2.16783,31,,276,116,,0,0,0,1.78947
1602380699989,10,1010123456020,74,,1,1,4,1,1,,5.84868,152,183903,0.042592,62,0,5,,0.1,38,0,0.1,16,0,0,3.35783,31,,277,124,,0,0,0,1.05263
1602380700239,10,1010123456020,74,,1,1,4,1,1,,8.24793,121,183999,0.049344,47,0,3.66667,,0.1,3,0,0.1,1,0,0,1.19002,31,,283,112,,0,0,0,2
1602380700489,10,1010123456020,74,,1,1,4,1,1,,0,0,183999,0,0,0,0.1,,0,0,0,0,0,0,0,0,0,,275,108,,0,0,0,0
1602380700739,10,1010123456020,74,,1,1,4,1,1,,0,0,183999,0,0,0,0.1,,0,0,0,0,0,0,0,0,0,,276,108,,0,0,0,0
1602380700989,10,1010123456020,74,,1,1,4,1,1,,0,0,183999,0,0,0,0.1,,0,0,0,0,0,0,0,0,0,,282,116,,0,0,0,0
1602380701239,10,1010123456020,74,,1,1,4,1,1,,0,0,183999,0,0,0,0.1,,0,0,0,0,0,0,0,0,0,,276,100,,0,0,0,0
1602380701489,10,1010123456020,74,,1,1,4,1,1,,8.58621,29,183646,0.010624,10,0,6,,0,0,0,0,0,0,0,0,0,,275,104,,0,0,0,0
1602380701739,10,1010123456020,74,,1,1,4,1,1,,6.30612,98,184304,0.031136,40,0,4.5,,0.1,57,0,0.1,22,4.54545,0,2.35211,31,,280,82,,0,0,0,1.7193
1602380701989,10,1010123456020,74,,1,1,4,1,1,,7.73759,141,183844,0.054624,55,0,13,,0,0,0,0,0,0,0,0,0,,274,120,,0,0,0,0
1602380702239,10,1010123456020,74,,1,1,4,1,1,,24.1221,131,184048,0.237536,55,0,0.1,,0,0,0,0,0,0,0,0,0,,273,108,,0,0,0,0
1602380702489,10,1010123456020,74,,1,1,4,1,1,,23.3548,124,183347,0.211552,51,0,0.1,,0,0,0,0,0,0,0,0,0,,274,102,,0,0,0,0
1602380702739,10,1010123456020,74,,1,1,4,1,1,,25.5194,129,183325,0.242688,52,0,0.1,,0,0,0,0,0,0,0,0,0,,273,102,,0,0,0,0
1602380702989,10,1010123456020,74,,1,1,4,1,1,,25.2174,69,183888,0.128512,28,0,2,,0.1,3,0,0.1,1,0,0,2.10186,31,,270,88,,0,0,0,1
1602380703239,10,1010123456020,74,,1,1,4,1,1,,0,0,183888,0,0,0,0.1,,0,0,0,0,0,0,0,0,0,,275,102,,0,0,0,0
1602380703489,10,1010123456020,74,,1,1,4,1,1,,0,0,183888,0,0,0,0.1,,0,2,0,0.1,1,0,0,0,31,,271,100,,0,0,0,0
1602380703739,10,1010123456020,74,,1,1,4,1,1,,14,9,183660,0.007808,4,0,8,,0,2,0,0.1,1,0,0,0,31,,275,80,,0,0,0,0
1602380703989,10,1010123456020,74,,1,1,4,1,1,,12.0661,121,184400,0.073152,45,0,6.66667,,0.1,53,0,0.1,23,17.3913,0,2.07966,31,,275,92,,0,0,0,2.92453
1602380704239,10,1010123456020,74,,1,1,4,1,1,,5.7027,111,183677,0.029344,44,0,1,,0,0,0,0,0,0,0,0,0,,276,86,,0,0,0,0
1602380704489,10,1010123456020,74,,1,1,4,1,1,,0,0,183677,0,0,0,0.1,,0,2,0,0.1,1,0,0,0,31,,274,124,,0,0,0,0
1602380704739,10,1010123456020,74,,1,1,4,1,1,,0,0,183677,0,0,0,0.1,,0,0,0,0,0,0,0,0,0,,281,110,,0,0,0,0
1602380704989,10,1010123456020,74,,1,1,4,1,1,,18.0909,22,184412,0.0184,7,0,10,,0,2,0,0.1,1,0,0,0,31,,273,108,,0,0,0,0
1602380705239,10,1010123456020,74,,1,1,4,1,1,,18.9304,115,183438,0.130976,47,0,0.1,,0.795455,44,0,0.1,18,0,0,3.98499,31,,277,92,,0,0,0,1.09091
1602380705489,10,1010123456020,74,,1,1,4,1,1,,4.81579,76,184285,0.025248,31,0,4.5,,0,0,0,0,0,0,0,0,0,,276,82,,0,0,0,0
1602380705739,10,1010123456020,74,,1,1,4,1,1,,1,106,184165,0.008736,39,0,0.1,,0,0,0,0,0,0,0,0,0,,280,98,,0,0,0,0
1602380705989,10,1010123456020,74,,1,1,4,1,1,,1,84,184069,0.007168,32,0,0.1,,0,2,0,0.1,1,0,0,0,31,,276,90,,0,0,0,0
1602380706239,10,1010123456020,74,,1,1,4,1,1,,3.4,110,183562,0.02208,45,0,4.5,,0,0,0,0,0,0,0,0,0,,267,114,,0,0,0,0
1602380706489,10,1010123456020,74,,1,1,4,1,1,,4.15217,138,184114,0.03392,57,0,8,,0.1,3,0,0.1,1,0,0,7.0034,31,,275,116,,0,0,0,1
1602380706739,10,1010123456020,74,,1,1,4,1,1,,7.15126,119,184444,0.04304,48,0,3.5,,0.42735,117,0,0.1,46,8.69565,0,2.98712,31,,274,108,,0,0,0,2.11111
1602380706989,10,1010123456020,74,,1,1,4,1,1,,13.4444,9,184228,0.005472,3,0,8,,0,0,0,0,0,0,0,0,0,,269,94,,0,0,0,0
1602380707239,9,1010123456020,74,,1,1,4,1,1,,13.136,125,184492,0.086528,48,0,0.1,,0.1,52,0,0.1,22,18.1818,0,1.80131,31,,283,100,,0,0,0,4.09615
1602380707489,9,1010123456020,74,,1,1,4,1,1,,12.68,125,183258,0.094624,53,0,7.5,,0.1,91,0,0.1,35,60,0,1.42155,31,,277,102,,0,0,0,7.13187
1602380707739,9,1010123456020,74,,1,1,4,1,1,,14.3761,117,183243,0.097984,48,0,7,,0.1,64,0,0.1,25,28,0,1.86935,31,,272,98,,0,0,0,4.45312
1602380707989,9,1010123456020,74,,1,1,4,1,1,,9.7451,153,184085,0.072064,60,0,6,,0,0,0,0,0,0,0,0,0,,273,122,,0,0,0,0
1602380708239,9,1010123456020,74,,1,1,4,1,1,,10.4615,169,184654,0.08448,68,0,7,,0,0,0,0,0,0,0,0,0,,279,134,,0,0,0,0
1602380708489,9,1010123456020,74,,1,1,4,1,1,,9.62308,130,184343,0.060288,51,0,6,,0,2,0,0.1,1,0,0,0,31,,281,106,,0,0,0,0
1602380708739,9,1010123456020,74,,1,1,4,1,1,,10.2973,148,183686,0.07584,61,0,6.66667,,0.526316,76,0,0.1,28,32.1429,0,2.19214,31,,281,120,,0,0,0,4.34211
1602380708989,9,1010123456020,74,,1,1,4,1,1,,9.21642,134,183436,0.060896,53,0,6,,0,0,0,0,0,0,0,0,0,,277,106,,0,0,0,0
1602380709239,9,1010123456020,74,,1,1,4,1,1,,7.6859,156,183173,0.06144,63,0,6,,0,0,0,0,0,0,0,0,0,,284,128,,0,0,0,0
1602380709489,9,1010123456020,74,,1,1,4,1,1,,9.2,120,184316,0.062304,52,0,6.66667,,0,0,0,0,0,0,0,0,0,,285,104,,0,0,0,0
1602380709739,9,1010123456020,74,,1,1,4,1,1,,3.82353,102,183796,0.021248,41,0,4.5,,0,2,0,0.1,1,0,0,0,31,,274,98,,0,0,0,0
1602380709989,9,1010123456020,74,,1,1,4,1,1,,7,141,183906,0.051104,59,0,5,,0.1,42,0,0.1,20,5,0,1.84274,31,,280,116,,0,0,0,1.97619
1602380710239,9,1010123456020,74,,1,1,4,1,1,,11.1057,123,183331,0.067552,47,0,8,,0.1,3,0,0.1,1,0,0,0.999643,31,,285,96,,0,0,0,2
1602380710489,9,1010123456020,74,,1,1,4,1,1,,13.2951,122,183718,0.0888,49,0,2,,0,0,0,0,0,0,0,0,0,,277,110,,0,0,0,0
1602380710739,9,1010123456020,74,,1,1,4,1,1,,0,0,183718,0,0,0,0.1,,0,2,0,0.1,1,0,0,0,31,,277,122,,0,0,0,0
1602380710989,9,1010123456020,74,,1,1,4,1,1,,22.4444,9,183258,0.011616,3,0,12,,0,0,0,0,0,0,0,0,0,,277,102,,0,0,0,0
1602380711239,9,1010123456020,74,,1,1,4,1,1,,20.1119,143,183614,0.17968,57,0,11,,0.363636,44,0,0.1,19,10.5263,0,1.81306,31,,282,114,,0,0,0,2.31818
1602380711489,9,1010123456020,74,,1,1,4,1,1,,19.56,125,183447,0.152192,50,0,0.1,,0,0,0,0,0,0,0,0,0,,280,98,,0,0,0,0
1602380711739,9,1010123456020,74,,1,1,4,1,1,,14.4459,148,183903,0.124224,58,0,7,,0,6,0,0.1,3,66.6667,0,0,31,,277,126,,0,0,0,0
1602380711989,9,1010123456020,74,,1,1,4,1,1,,11.6293,116,183237,0.08,53,0,7,,0.1,55,0,0.1,23,8.69565,0,1.81559,31,,282,98,,0,0,0,2.85455
1602380712239,9,1010123456020,74,,1,1,4,1,1,,11.068,147,183746,0.078272,59,0,8,,0,0,0,0,0,0,0,0,0,,277,124,,0,0,0,0
1602380712489,9,1010123456020,74,,1,1,4,1,1,,11.0328,122,183182,0.07264,52,0,7,,0,0,0,0,0,0,0,0,0,,278,102,,0,0,0,0
1602380712739,9,1010123456020,74,,1,1,4,1,1,,17.0444,135,183057,0.143936,57,0,9,,0.1,52,0,0.1,18,5.55556,0,2.12233,31,,288,116,,0,0,0,2.07692
1602380712989,9,1010123456020,74,,1,1,4,1,1,,17.2692,156,183861,0.166848,64,0,7.5,,0,2,0,0.1,1,0,0,0,31,,281,130,,0,0,0,0
1602380713239,9,1010123456020,74,,1,1,4,1,1,,7.94737,133,183814,0.058272,55,0,6.5,,0.1,3,0,0.1,1,0,0,2.32036,31,,278,106,,0,0,0,1
1602380713489,9,1010123456020,74,,1,1,4,1,1,,10.4286,147,183162,0.07248,57,0,0.1,,0.1,3,0,0.1,1,0,0,2.68504,31,,278,118,,0,0,0,1
1602380713739,9,1010123456020,74,,1,1,4,1,1,,17.7984,124,183375,0.138208,54,0,11,,0.1,61,0,0.1,27,40.7407,0,1.43849,31,,277,102,,0,0,0,5.47541
1602380713989,9,1010123456020,74,,1,1,4,1,1,,19.5714,154,183620,0.1768,59,0,0.1,,0.1,3,0,0.1,1,0,0,0.914763,31,,282,122,,0,0,0,5
1602380714239,9,1010123456020,74,,1,1,4,1,1,,19.2422,128,184655,0.16368,55,0,0.1,,0,0,0,0,0,0,0,0,0,,271,106,,0,0,0,0
1602380714489,9,1010123456020,74,,1,1,4,1,1,,19.5809,136,183917,0.168256,56,0,0.1,,0,2,0,0.1,1,0,0,0,31,,273,112,,0,0,0,0
1602380714739,9,1010123456020,74,,1,1,4,1,1,,15.5455,132,183293,0.121216,52,0,6,,0.1,125,0,0.1,48,70.8333,0,1.10556,31,,273,102,,0,0,0,7.584
1602380714989,9,1010123456020,74,,1,1,4,1,1,,7.66923,130,183371,0.049856,51,0,0.1,,0,0,0,0,0,0,0,0,0,,265,102,,0,0,0,0
1602380715239,9,1010123456020,74,,1,1,4,1,1,,9.56818,132,184525,0.058752,50,0,7,,0.1,3,0,0.1,1,0,0,0.993333,31,,288,110,,0,0,0,2
1602380715489,9,1010123456020,74,,1,1,4,1,1,,12.1417,120,183571,0.084416,49,0,7.5,,0,8,0,0,4,100,0,0,0,,269,96,,0,0,0,0
1602380715739,9,1010123456020,74,,1,1,4,1,1,,18.0284,176,184171,0.215648,70,0,11,,0.1,119,0,0.1,47,70.2128,0,1.18574,31,,273,140,,0,0,0,7.71429
1602380715989,9,1010123456020,74,,1,1,4,1,1,,24.3965,116,183379,0.221088,49,0,0.1,,0.1,9,0,0.1,3,66.6667,0,0.911791,31,,271,96,,0,0,0,7
1602380716239,9,1010123456020,74,,1,1,4,1,1,,25.5688,109,184270,0.201792,42,0,0.1,,0,8,0,0,4,100,0,0,0,,281,88,,0,0,0,0
1602380716489,9,1010123456020,74,,1,1,4,1,1,,26.448,125,184336,0.23536,49,0,0.1,,0,0,0,0,0,0,0,0,0,,273,96,,0,0,0,0
1602380716739,9,1010123456020,74,,1,1,4,1,1,,22.5114,131,183738,0.214304,52,0,7,,0,8,0,0,4,100,0,0,0,,276,104,,0,0,0,0
1602380716989,9,1010123456020,74,,1,1,4,1,1,,10.3143,140,183250,0.065376,53,0,0.1,,0.1,12,0,0,4,100,0,0.582292,0,,280,110,,0,0,0,10
1602380717239,9,1010123456020,74,,1,1,4,1,1,,21.8241,108,183700,0.169632,45,0,8.5,,0.1,113,0,0.1,49,89.7959,0,0.685054,31,,287,108,,0,0,0,9.38938
1602380717489,9,1010123456020,74,,1,1,4,1,1,,25.391,133,183317,0.253376,54,0,0.1,,0.1,10,0,0,4,100,0,0.848169,0,,277,108,,0,0,0,10
1602380717739,9,1010123456020,74,,1,1,4,1,1,,25.9197,137,183867,0.267584,56,0,0.1,,0.1,3,0,0.1,1,0,0,1.54251,31,,274,110,,0,0,0,1
1602380717989,9,1010123456020,74,,1,1,4,1,1,,25.729,155,183289,0.303648,65,0,0.1,,0,8,0,0,4,100,0,0,0,,271,130,,0,0,0,0
1602380718239,9,1010123456020,74,,1,1,4,1,1,,26.32,150,183971,0.3088,62,0,0.1,,0,0,0,0,0,0,0,0,0,,282,124,,0,0,0,0
1602380718489,9,1010123456020,74,,1,1,4,1,1,,25.7042,142,183959,0.27552,58,0,0.1,,0.1,10,0,0,4,100,0,0.747899,0,,288,120,,0,0,0,10
1602380718739,9,1010123456020,74,,1,1,4,1,1,,26.5736,129,184432,0.28272,57,0,0.1,,0,8,0,0,4,100,0,0,0,,277,108,,0,0,0,0
1602380718989,9,1010123456020,74,,1,1,4,1,1,,26.5862,145,184237,0.280384,56,0,0.1,,0,0,0,0,0,0,0,0,0,,279,116,,0,0,0,0
1602380719239,9,1010123456020,74,,1,1,4,1,1,,25.7926,135,183773,0.252416,54,0,0.1,,0,8,0,0,4,100,0,0,0,,278,108,,0,0,0,0
1602380719489,9,1010123456020,74,,1,1,4,1,1,,21.784,125,183585,0.205376,53,0,7.5,,0.1,13,0,0,5,100,0,0.613518,0,,273,104,,0,0,0,10
1602380719739,9,1010123456020,74,,1,1,4,1,1,,13.4151,159,184163,0.126208,64,0,10.5,,0,6,0,0,3,100,0,0,0,,276,138,,0,0,0,0
1602380719989,9,1010123456020,74,,1,1,4,1,1,,9.65714,175,183291,0.083936,71,0,6,,5.52941,17,0,0.1,8,87.5,0,2.90186,31,,278,140,,0,0,0,8.41177
1602380720239,9,1010123456020,74,,1,1,4,1,1,,6.22917,144,183583,0.045952,60,0,5.5,,0.417722,158,0,0.1,64,85.9375,0,0.700776,31,,276,116,,0,0,0,8.93671
1602380720489,9,1010123456020,74,,1,1,4,1,1,,6.31783,129,183938,0.037888,50,0,6,,0.1,79,0,0.1,36,75,0,0.991501,31,,270,108,,0,0,0,8.13924
1602380720739,9,1010123456020,74,,1,1,4,1,1,,7.93706,143,183844,0.058912,60,0,5.5,,0.1,128,0,0.1,54,75.9259,0,0.897028,31,,272,114,,0,0,0,8.42188
1602380720989,9,1010123456020,74,,1,1,4,1,1,,5.8481,158,184161,0.043872,64,0,0.1,,0.1,18,0,0.1,7,85.7143,0,0.957128,0,,278,128,,0,0,0,8.83333
1602380721239,9,1010123456020,74,,1,1,4,1,1,,5.69325,163,184491,0.043584,65,0,0.1,,0,8,0,0.1,4,75,0,0,31,,278,130,,0,0,0,0
1602380721489,9,1010123456020,74,,1,1,4,1,1,,5.59603,151,183452,0.038368,58,0,0.1,,0.1,3,0,0.1,1,0,0,1.01806,31,,283,124,,0,0,0,4
1602380721739,9,1010123456020,74,,1,1,4,1,1,,7.84397,141,183365,0.058848,61,0,6.33333,,0.1,110,0,0.1,46,80.4348,0,1.02061,31,,273,116,,0,0,0,8.56364
1602380721989,9,1010123456020,74,,1,1,4,1,1,,5.65833,120,183995,0.030368,46,0,0.1,,0,8,0,0,4,100,0,0,0,,275,96,,0,0,0,0
1602380722239,9,1010123456020,74,,1,1,4,1,1,,8.97143,140,183631,0.056672,56,0,9.5,,0,0,0,0,0,0,0,0,0,,281,112,,0,0,0,0
1602380722489,9,1010123456020,74,,1,1,4,1,1,,23.6581,117,183364,0.20512,50,0,0.1,,0,8,0,0,4,100,0,0,0,,277,96,,0,0,0,0
1602380722739,9,1010123456020,74,,1,1,4,1,1,,12.5385,117,184070,0.076448,44,0,7,,0.1,3,0,0.1,1,0,0,3.79558,31,,270,90,,0,0,0,1
1602380722989,9,1010123456020,74,,1,1,4,1,1,,9.88372,129,183710,0.064608,53,0,5,,1.00813,123,0,0.1,49,81.6327,0,1.21676,31,,282,134,,0,0,0,8.79675
1602380723239,9,1010123456020,74,,1,1,4,1,1,,14.8662,142,184311,0.123456,57,0,0.1,,0.1,3,0,0.1,1,0,0,1.94532,31,,278,116,,0,0,0,2
1602380723489,9,1010123456020,74,,1,1,4,1,1,,16.0671,164,184118,0.156512,68,0,0.1,,0,0,0,0,0,0,0,0,0,,270,132,,0,0,0,0
1602380723739,9,1010123456020,74,,1,1,4,1,1,,15.0894,123,183780,0.10704,49,0,0.1,,0.1,68,0,0.1,27,51.8519,0,0.982253,31,,286,102,,0,0,0,6.54412
1602380723989,9,1010123456020,74,,1,1,4,1,1,,14.8608,158,183963,0.135072,63,0,0.1,,0,0,0,0,0,0,0,0,0,,278,130,,0,0,0,0
1602380724239,9,1010123456020,74,,1,1,4,1,1,,15.6069,145,184218,0.139008,62,0,0.1,,0,0,0,0,0,0,0,0,0,,273,122,,0,0,0,0
1602380724489,9,1010123456020,74,,1,1,4,1,1,,13.0826,121,184407,0.094816,51,0,6,,0.1,9,0,0.1,3,66.6667,0,1.22181,31,,273,102,,0,0,0,7
1602380724739,9,1010123456020,74,,1,1,4,1,1,,7.93701,127,184417,0.0503133,50,0,0.1,,0.1,7,428,0.1,3,33.3333,0,0.818366,31,,273,104,,0,0,0,7.14286
1602380724989,9,1010123456020,74,,1,1,4,1,1,,24.8387,155,182899,0.270747,61,0,13,,0.1,113,0,0.1,49,77.551,0,1.02271,31,,271,124,,0,0,0,8.74336
1602380725239,9,1010123456020,74,,1,1,4,1,1,,25.8028,142,184126,0.296576,60,0,0.1,,0.1,12,0,0.1,4,75,0,0.617352,31,,283,118,,0,0,0,8.25
1602380725489,9,1010123456020,74,,1,1,4,1,1,,26.475,160,184561,0.320352,65,0,0.1,,0,2,0,0,1,100,0,0,0,,278,128,,0,0,0,0
1602380725739,9,1010123456020,74,,1,1,4,1,1,,27.0192,104,183717,0.219424,43,0,0.1,,0,14,0,0,7,100,0,0,0,,275,84,,0,0,0,0
1602380725989,9,1010123456020,74,,1,1,4,1,1,,25.3926,163,184419,0.310976,64,0,0.1,,0,2,0,0.1,1,0,0,0,31,,276,128,,0,0,0,0
1602380726239,9,1010123456020,74,,1,1,4,1,1,,26.7105,152,183653,0.294784,58,0,0.1,,0,0,0,0,0,0,0,0,0,,285,120,,0,0,0,0
1602380726489,9,1010123456020,74,,1,1,4,1,1,,26.3766,154,183947,0.3336,65,0,0.1,,0,8,0,0,4,100,0,0,0,,283,126,,0,0,0,0
1602380726739,9,1010123456020,74,,1,1,4,1,1,,26.8696,138,183664,0.297344,58,0,0.1,,0,2,0,0.1,1,0,0,0,31,,281,114,,0,0,0,0
1602380726989,9,1010123456020,74,,1,1,4,1,1,,27,136,184037,0.271296,52,0,0.1,,0,0,0,0,0,0,0,0,0,,272,104,,0,0,0,0
1602380727239,9,1010123456020,74,,1,1,4,1,1,,25.3919,148,182848,0.265344,56,0,0.1,,0.1,9,0,0,4,100,0,0.606576,0,,278,116,,0,0,0,10
1602380727489,9,1010123456020,74,,1,1,4,1,1,,26.9913,115,183948,0.263168,50,0,0.1,,0,0,0,0,0,0,0,0,0,,284,94,,0,0,0,0
1602380727739,9,1010123456020,74,,1,1,4,1,1,,26.6,130,182839,0.257088,50,0,0.1,,0,0,0,0,0,0,0,0,0,,275,106,,0,0,0,0
1602380727989,9,1010123456020,74,,1,1,4,1,1,,26.404,99,183877,0.208256,42,0,0.1,,0.1,12,0,0,4,100,0,0.923877,0,,274,84,,0,0,0,10
1602380728239,9,1010123456020,74,,1,1,4,1,1,,27.063,127,183111,0.260576,49,0,0.1,,0,0,0,0,0,0,0,0,0,,286,98,,0,0,0,0
1602380728489,9,1010123456020,74,,1,1,4,1,1,,26.6761,142,183992,0.312704,60,0,0.1,,0,8,0,0,4,100,0,0,0,,280,118,,0,0,0,0
1602380728739,9,1010123456020,74,,1,1,4,1,1,,26.3293,164,184324,0.320256,64,0,0.1,,0,0,0,0,0,0,0,0,0,,272,128,,0,0,0,0
1602380728989,9,1010123456020,74,,1,1,4,1,1,,26.1733,150,183528,0.299424,61,0,0.1,,0.1,3,0,0.1,1,0,0,2.1723,31,,277,128,,0,0,0,5
1602380729239,9,1010123456020,74,,1,1,4,1,1,,26.6452,155,183562,0.313888,61,0,0.1,,0,0,0,0,0,0,0,0,0,,280,128,,0,0,0,0
1602380729489,9,1010123456020,74,,1,1,4,1,1,,26.1056,142,183155,0.30144,60,0,0.1,,0,0,0,0,0,0,0,0,0,,272,118,,0,0,0,0
1602380729739,9,1010123456020,74,,1,1,4,1,1,,26.5512,127,183549,0.285888,54,0,0.1,,0,8,0,0,4,100,0,0,0,,274,106,,0,0,0,0
1602380729989,9,1010123456020,74,,1,1,4,1,1,,26.9371,143,182959,0.299744,59,0,0.1,,0,0,0,0,0,0,0,0,0,,282,120,,0,0,0,0
1602380730239,9,1010123456020,74,,1,1,4,1,1,,26.7317,123,183682,0.257248,49,0,0.1,,0,0,0,0,0,0,0,0,0,,276,100,,0,0,0,0
1602380730489,9,1010123456020,74,,1,1,4,1,1,,25.863,146,183398,0.300768,61,0,0.1,,0,0,0,0,0,0,0,0,0,,274,118,,0,0,0,0
1602380730739,9,1010123456020,74,,1,1,4,1,1,,25.9219,128,184209,0.257216,52,0,0.1,,0,0,0,0,0,0,0,0,0,,281,104,,0,0,0,0
1602380730989,9,1010123456020,74,,1,1,4,1,1,,26.2214,140,183834,0.292096,58,0,0.1,,0,0,0,0,0,0,0,0,0,,279,118,,0,0,0,0
1602380731239,9,1010123456020,74,,1,1,4,1,1,,26.3121,141,183961,0.289632,57,0,0.1,,0,0,0,0,0,0,0,0,0,,279,110,,0,0,0,0
1602380731489,9,1010123456020,74,,1,1,4,1,1,,26.2835,127,183192,0.246816,49,0,0.1,,0,0,0,0,0,0,0,0,0,,278,104,,0,0,0,0
1602380731739,9,1010123456020,74,,1,1,4,1,1,,26.2555,137,183422,0.286432,57,0,0.1,,0,0,0,0,0,0,0,0,0,,282,110,,0,0,0,0
1602380731989,9,1010123456020,74,,1,1,4,1,1,,26.7674,129,183664,0.269696,52,0,0.1,,0,0,0,0,0,0,0,0,0,,271,108,,0,0,0,0
1602380732239,9,1010123456020,74,,1,1,4,1,1,,26.681,116,183278,0.260032,50,0,0.1,,0.1,10,0,0,4,100,0,0.221264,0,,278,96,,0,0,0,10
1602380732489,9,1010123456020,74,,1,1,4,1,1,,26.6131,137,183432,0.273728,54,0,0.1,,0,0,0,0,0,0,0,0,0,,285,110,,0,0,0,0
1602380732739,9,1010123456020,74,,1,1,4,1,1,,26.6541,133,184010,0.263808,52,0,0.1,,0,6,0,0,3,100,0,0,0,,276,104,,0,0,0,0
1602380732989,9,1010123456020,74,,1,1,4,1,1,,27.2025,163,183506,0.343168,64,0,0.1,,0,2,0,0,1,100,0,0,0,,292,130,,0,0,0,0
1602380733239,9,1010123456020,74,,1,1,4,1,1,,25.9369,111,183889,0.228992,46,0,0.1,,0.1,12,0,0,4,100,0,0.624695,0,,279,90,,0,0,0,10
1602380733489,9,1010123456020,74,,1,1,4,1,1,,26.1679,131,184147,0.262048,51,0,0.1,,0,0,0,0,0,0,0,0,0,,274,108,,0,0,0,0
1602380733739,9,1010123456020,74,,1,1,4,1,1,,26.617,141,183671,0.312416,61,0,0.1,,0.1,18,0,0,7,100,0,0.801794,0,,280,116,,0,0,0,10
1602380733989,9,1010123456020,74,,1,1,4,1,1,,26.5931,145,183569,0.286368,57,0,0.1,,0,2,0,0,1,100,0,0,0,,277,114,,0,0,0,0
1602380734239,9,1010123456020,74,,1,1,4,1,1,,26.4453,137,183667,0.286624,57,0,0.1,,0,2,0,0.1,1,0,0,0,31,,278,112,,0,0,0,0
1602380734489,9,1010123456020,74,,1,1,4,1,1,,26.7288,118,183308,0.237312,46,0,0.1,,0,0,0,0,0,0,0,0,0,,270,96,,0,0,0,0
1602380734739,9,1010123456020,74,,1,1,4,1,1,,26.6557,122,184281,0.247488,48,0,0.1,,6.92308,13,0,0.1,5,80,0,3.73967,31,,283,100,,0,0,0,7.92308
1602380734989,9,1010123456020,74,,1,1,4,1,1,,26.9104,134,184341,0.291648,56,0,0.1,,0,0,0,0,0,0,0,0,0,,273,108,,0,0,0,0
1602380735239,9,1010123456020,74,,1,1,4,1,1,,26.7333,135,184574,0.276096,54,0,0.1,,0,0,0,0,0,0,0,0,0,,289,108,,0,0,0,0
1602380735489,9,1010123456020,74,,1,1,4,1,1,,26.24,125,183897,0.254752,51,0,0.1,,0,0,0,0,0,0,0,0,0,,265,104,,0,0,0,0
1602380735739,9,1010123456020,74,,1,1,4,1,1,,26.3398,103,183336,0.207872,42,0,0.1,,0,8,0,0,4,100,0,0,0,,275,86,,0,0,0,0
1602380735989,9,1010123456020,74,,1,1,4,1,1,,26.1164,146,182959,0.293728,59,0,0.1,,0,0,0,0,0,0,0,0,0,,284,118,,0,0,0,0
1602380736239,9,1010123456020,74,,1,1,4,1,1,,26.3691,149,183171,0.3208,61,0,0.1,,0.1,9,0,0.1,3,66.6667,0,0.799145,31,,280,124,,0,0,0,7.33333
1602380736489,9,1010123456020,74,,1,1,4,1,1,,27.3534,133,183302,0.282016,53,0,0.1,,0,8,0,0,4,100,0,0,0,,277,104,,0,0,0,0
1602380736739,9,1010123456020,74,,1,1,4,1,1,,26.5912,137,183128,0.291616,57,0,14,,0,0,0,0,0,0,0,0,0,,280,114,,0,0,0,0
1602380736989,9,1010123456020,74,,1,1,4,1,1,,26.4167,144,183264,0.278944,57,0,0.1,,0.1,9,0,0.1,3,66.6667,0,0.812223,31,,271,116,,0,0,0,7.66667
1602380737239,9,1010123456020,74,,1,1,4,1,1,,25.9708,137,183404,0.277504,58,0,0.1,,0,0,0,0,0,0,0,0,0,,266,116,,0,0,0,0
1602380737489,9,1010123456020,74,,1,1,4,1,1,,26.1949,118,183555,0.244352,50,0,0.1,,0.1,10,0,0,4,100,0,0.494367,0,,283,94,,0,0,0,10
1602380737739,9,1010123456020,74,,1,1,4,1,1,,26.3107,103,184359,0.20544,42,0,0.1,,0,2,0,0.1,1,0,0,0,31,,276,86,,0,0,0,0
1602380737989,9,1010123456020,74,,1,1,4,1,1,,26.3066,137,183358,0.267168,55,0,0.1,,0.1,12,0,0,4,100,0,0.966198,0,,279,112,,0,0,0,10
1602380738239,9,1010123456020,74,,1,1,4,1,1,,25.7244,156,182951,0.289472,60,0,0.1,,0,0,0,0,0,0,0,0,0,,272,122,,0,0,0,0
1602380738489,9,1010123456020,74,,1,1,4,1,1,,26.1125,160,183410,0.327008,67,0,0.1,,0,8,0,0,4,100,0,0,0,,272,130,,0,0,0,0
1602380738739,9,1010123456020,74,,1,1,4,1,1,,26.3706,143,183452,0.274976,55,0,0.1,,0.1,12,0,0,4,100,0,0.125532,0,,274,114,,0,0,0,10
1602380738989,9,1010123456020,74,,1,1,4,1,1,,26.2143,140,183649,0.280448,58,0,0.1,,0.1,10,0,0,4,100,0,0.327318,0,,277,114,,0,0,0,10
1602380739239,9,1010123456020,74,,1,1,4,1,1,,26.5039,129,184423,0.2632,53,0,0.1,,0,0,0,0,0,0,0,0,0,,279,104,,0,0,0,0
1602380739489,9,1010123456020,74,,1,1,4,1,1,,26.1111,144,183173,0.278272,58,0,0.1,,0,8,0,0,4,100,0,0,0,,292,116,,0,0,0,0
1602380739739,9,1010123456020,74,,1,1,4,1,1,,26.3008,123,184300,0.245152,49,0,0.1,,0.1,9,0,0,3,100,0,0.1,0,,284,100,,0,0,0,10
1602380739989,9,1010123456020,74,,1,1,4,1,1,,25.9416,154,183989,0.291584,62,0,0.1,,0.1,3,0,0,1,100,0,1.2455,0,,274,124,,0,0,0,10
1602380740239,9,1010123456020,74,,1,1,4,1,1,,26.5,132,184663,0.2664,55,0,0.1,,0,0,0,0,0,0,0,0,0,,277,108,,0,0,0,0
1602380740489,9,1010123456020,74,,1,1,4,1,1,,26.4658,146,183260,0.278976,56,0,0.1,,0,0,0,0,0,0,0,0,0,,281,114,,0,0,0,0
1602380740739,9,1010123456020,74,,1,1,4,1,1,,25.95,160,184137,0.3016,63,0,0.1,,0,0,0,0,0,0,0,0,0,,281,126,,0,0,0,0
1602380740989,9,1010123456020,74,,1,1,4,1,1,,26.5329,167,184229,0.32848,67,0,0.1,,0,0,0,0,0,0,0,0,0,,276,134,,0,0,0,0
1602380741239,9,1010123456020,74,,1,1,4,1,1,,25.3613,119,183371,0.223264,49,0,0.1,,0,0,0,0,0,0,0,0,0,,281,96,,0,0,0,0
1602380741489,9,1010123456020,74,,1,1,4,1,1,,26.2208,154,182886,0.29024,60,0,0.1,,0,0,0,0,0,0,0,0,0,,281,124,,0,0,0,0
1602380741739,9,1010123456020,74,,1,1,4,1,1,,26.3672,128,183800,0.259168,53,0,0.1,,0,0,0,0,0,0,0,0,0,,276,104,,0,0,0,0
1602380741989,9,1010123456020,74,,1,1,4,1,1,,25.7786,131,183470,0.25264,53,0,0.1,,0.1,12,0,0,4,100,0,0.226017,0,,269,104,,0,0,0,10
1602380742239,9,1010123456020,74,,1,1,4,1,1,,25.2569,144,184192,0.251584,54,0,0.1,,0,0,0,0,0,0,0,0,0,,274,112,,0,0,0,0
1602380742489,9,1010123456020,74,,1,1,4,1,1,,25.9266,109,183920,0.21264,45,0,0.1,,0,0,0,0,0,0,0,0,0,,276,84,,0,0,0,0
1602380742739,9,1010123456020,74,,1,1,4,1,1,,25.619,147,184139,0.262592,56,0,0.1,,0,0,0,0,0,0,0,0,0,,275,118,,0,0,0,0
1602380742989,9,1010123456020,74,,1,1,4,1,1,,26.2406,133,183693,0.256096,53,0,0.1,,0,0,0,0,0,0,0,0,0,,281,104,,0,0,0,0
1602380743239,9,1010123456020,74,,1,1,4,1,1,,25.8125,144,183752,0.282944,60,0,0.1,,0,0,0,0,0,0,0,0,0,,270,120,,0,0,0,0
1602380743489,9,1010123456020,74,,1,1,4,1,1,,25.6519,135,184642,0.259424,55,0,0.1,,0,0,0,0,0,0,0,0,0,,275,108,,0,0,0,0
1602380743739,9,1010123456020,74,,1,1,4,1,1,,25.9548,155,183910,0.298528,63,0,0.1,,0,0,0,0,0,0,0,0,0,,280,130,,0,0,0,0
1602380743989,9,1010123456020,74,,1,1,4,1,1,,25.4836,122,183913,0.232768,50,0,14,,0.1,11,0,0,4,100,0,0.538141,0,,283,102,,0,0,0,10
1602380744239,9,1010123456020,74,,1,1,4,1,1,,26.0132,152,184016,0.295232,62,0,0.1,,0,0,0,0,0,0,0,0,0,,274,118,,0,0,0,0
1602380744489,9,1010123456020,74,,1,1,4,1,1,,25.5519,154,184212,0.278016,60,0,0.1,,0,0,0,0,0,0,0,0,0,,269,120,,0,0,0,0
1602380744739,9,1010123456020,74,,1,1,4,1,1,,25.2348,132,184061,0.237856,51,0,0.1,,0,0,0,0,0,0,0,0,0,,279,104,,0,0,0,0
1602380744989,9,1010123456020,74,,1,1,4,1,1,,25.7115,156,183789,0.286496,61,0,0.1,,0.1,12,0,0,4,100,0,0.281119,0,,276,126,,0,0,0,10
1602380745239,9,1010123456020,74,,1,1,4,1,1,,25.75,120,183818,0.250848,53,0,0.1,,0,0,0,0,0,0,0,0,0,,276,100,,0,0,0,0
1602380745489,9,1010123456020,74,,1,1,4,1,1,,26.0563,142,183897,0.278176,59,0,0.1,,0,0,0,0,0,0,0,0,0,,275,118,,0,0,0,0
1602380745739,9,1010123456020,74,,1,1,4,1,1,,26.1081,111,183408,0.20064,42,0,0.1,,0,0,0,0,0,0,0,0,0,,278,86,,0,0,0,0
1602380745989,9,1010123456020,74,,1,1,4,1,1,,26.5488,164,183635,0.309152,63,0,0.1,,0,0,0,0,0,0,0,0,0,,285,132,,0,0,0,0
1602380746239,9,1010123456020,74,,1,1,4,1,1,,26.3862,145,183800,0.2888,59,0,0.1,,0,0,0,0,0,0,0,0,0,,275,114,,0,0,0,0
1602380746489,9,1010123456020,74,,1,1,4,1,1,,25.9692,130,183470,0.252896,53,0,0.1,,0,0,0,0,0,0,0,0,0,,282,104,,0,0,0,0
1602380746739,9,1010123456020,74,,1,1,4,1,1,,25.712,184,184323,0.341536,73,0,0.1,,0,0,0,0,0,0,0,0,0,,284,150,,0,0,0,0
1602380746989,9,1010123456020,74,,1,1,4,1,1,,26.0538,130,183977,0.262624,55,0,0.1,,0,0,0,0,0,0,0,0,0,,280,104,,0,0,0,0
1602380747239,9,1010123456020,74,,1,1,4,1,1,,25.7793,145,182914,0.262208,56,0,0.1,,0,8,0,0,4,100,0,0,0,,287,116,,0,0,0,0
1602380747489,9,1010123456020,74,,1,1,4,1,1,,26.0902,122,183067,0.232832,48,0,0.1,,0,0,0,0,0,0,0,0,0,,272,96,,0,0,0,0
1602380747739,9,1010123456020,74,,1,1,4,1,1,,25.9481,135,183822,0.271968,57,0,0.1,,0.1,12,0,0,4,100,0,0.1,0,,280,110,,0,0,0,10
1602380747989,9,1010123456020,74,,1,1,4,1,1,,25.823,113,183420,0.199392,43,0,0.1,,0,0,0,0,0,0,0,0,0,,277,86,,0,0,0,0
1602380748239,9,1010123456020,74,,1,1,4,1,1,,26.2661,124,183137,0.231424,48,0,0.1,,0.1,12,0,0,4,100,0,0.103354,0,,274,102,,0,0,0,10
1602380748489,9,1010123456020,74,,1,1,4,1,1,,25.8,135,183968,0.276672,58,0,0.1,,0.1,12,0,0,4,100,0,0.298487,0,,273,108,,0,0,0,10
1602380748739,9,1010123456020,74,,1,1,4,1,1,,26.3113,151,183711,0.277216,57,0,0.1,,0,0,0,0,0,0,0,0,0,,279,122,,0,0,0,0
1602380748989,9,1010123456020,74,,1,1,4,1,1,,25.7283,173,183793,0.334752,71,0,0.1,,0,0,0,0,0,0,0,0,0,,280,138,,0,0,0,0
1602380749239,9,1010123456020,74,,1,1,4,1,1,,25.4569,116,184314,0.223168,48,0,0.1,,0,0,0,0,0,0,0,0,0,,275,96,,0,0,0,0
1602380749489,9,1010123456020,74,,1,1,4,1,1,,26.0135,148,183441,0.262176,55,0,0.1,,0.1,12,0,0,4,100,0,0.359083,0,,276,110,,0,0,0,10
1602380749739,9,1010123456020,74,,1,1,4,1,1,,25.816,163,183907,0.31632,67,0,0.1,,0,8,0,0,4,100,0,0,0,,282,134,,0,0,0,0
1602380749989,9,1010123456020,74,,1,1,4,1,1,,26.118,161,183004,0.315168,65,0,0.1,,0,0,0,0,0,0,0,0,0,,273,130,,0,0,0,0
1602380750239,9,1010123456020,74,,1,1,4,1,1,,25.626,123,183247,0.222912,48,0,0.1,,0,0,0,0,0,0,0,0,0,,279,98,,0,0,0,0
1602380750489,9,1010123456020,74,,1,1,4,1,1,,25.7226,137,184318,0.257568,55,0,0.1,,0,8,0,0,4,100,0,0,0,,283,108,,0,0,0,0
1602380750739,9,1010123456020,74,,1,1,4,1,1,,25.6096,146,183315,0.256608,55,0,0.1,,0,0,0,0,0,0,0,0,0,,286,114,,0,0,0,0
1602380750989,9,1010123456020,74,,1,1,4,1,1,,26.1007,149,183323,0.299008,62,0,0.1,,0.1,12,0,0,4,100,0,0.515917,0,,289,118,,0,0,0,10
1602380751239,9,1010123456020,74,,1,1,4,1,1,,25.7244,127,184359,0.245376,52,0,0.1,,0,8,0,0,4,100,0,0,0,,281,106,,0,0,0,0
1602380751489,9,1010123456020,74,,1,1,4,1,1,,25.4133,150,182987,0.278048,59,0,0.1,,0,0,0,0,0,0,0,0,0,,279,120,,0,0,0,0
1602380751739,9,1010123456020,74,,1,1,4,1,1,,25.7951,122,183296,0.2408,51,0,0.1,,0,0,0,0,0,0,0,0,0,,281,96,,0,0,0,0
1602380751989,9,1010123456020,74,,1,1,4,1,1,,25.831,142,183501,0.262432,55,0,0.1,,0.1,12,0,0,4,100,0,0.1,0,,280,116,,0,0,0,10
1602380752239,9,1010123456020,74,,1,1,4,1,1,,25.7485,171,183827,0.32624,69,0,0.1,,0.1,10,0,0,4,100,0,0.1,0,,283,136,,0,0,0,10
1602380752489,9,1010123456020,74,,1,1,4,1,1,,26.1417,127,183355,0.25216,52,0,0.1,,0,0,0,0,0,0,0,0,0,,286,104,,0,0,0,0
1602380752739,9,1010123456020,74,,1,1,4,1,1,,25.3475,118,184212,0.216192,46,0,0.1,,0.1,18,0,0,6,100,0,0.1,0,,287,90,,0,0,0,10
1602380752989,9,1010123456020,74,,1,1,4,1,1,,26.1776,107,183517,0.20096,42,0,0.1,,0.1,6,0,0,2,100,0,0.1,0,,273,88,,0,0,0,10
1602380753239,9,1010123456020,74,,1,1,4,1,1,,25.9504,121,183848,0.235072,50,0,0.1,,0,0,0,0,0,0,0,0,0,,279,96,,0,0,0,0
1602380753489,9,1010123456020,74,,1,1,4,1,1,,25.9103,145,183779,0.281504,59,0,0.1,,0,0,0,0,0,0,0,0,0,,281,120,,0,0,0,0
1602380753739,9,1010123456020,74,,1,1,4,1,1,,25.4,125,183770,0.237344,51,0,0.1,,0,0,0,0,0,0,0,0,0,,270,102,,0,0,0,0
1602380753989,9,1010123456020,74,,1,1,4,1,1,,25.6,130,183399,0.249248,53,0,0.1,,0,0,0,0,0,0,0,0,0,,277,106,,0,0,0,0
1602380754239,9,1010123456020,74,,1,1,4,1,1,,26.0943,106,183909,0.220032,46,0,0.1,,0.1,9,0,0,4,100,0,0.1,0,,263,92,,0,0,0,10
1602380754489,9,1010123456020,74,,1,1,4,1,1,,26.6909,110,184506,0.227072,46,0,0.1,,0.1,12,0,0,4,100,0,0.1,0,,281,88,,0,0,0,10
1602380754739,9,1010123456020,74,,1,1,4,1,1,,26.471,155,183949,0.293504,60,0,0.1,,0,6,0,0,3,100,0,0,0,,285,124,,0,0,0,0
1602380754989,9,1010123456020,74,,1,1,4,1,1,,26.293,157,183760,0.288064,60,0,0.1,,0,2,0,0,1,100,0,0,0,,275,122,,0,0,0,0
1602380755239,9,1010123456020,74,,1,1,4,1,1,,26.0957,188,183108,0.354688,74,0,0.1,,0.1,12,0,0,4,100,0,0.512927,0,,283,146,,0,0,0,10
1602380755489,9,1010123456020,74,,1,1,4,1,1,,25.7034,118,183401,0.232288,49,0,0.1,,0,0,0,0,0,0,0,0,0,,281,96,,0,0,0,0
1602380755739,10,1010123456020,74,,1,1,4,1,1,,26.0882,136,183750,0.275232,57,0,0.1,,0.1,12,0,0,4,100,0,0.1,0,,272,114,,0,0,0,10
1602380755989,9,1010123456020,74,,1,1,4,1,1,,26.3287,143,183936,0.271614,56,0,0.1,,0,0,0,0,0,0,0,0,0,,272,114,,0,0,0,0
1602380756239,9,1010123456020,74,,1,1,4,1,1,,26.5126,119,183501,0.252434,51,0,0.1,,0.1,9,0,0,4,100,0,0.715386,0,,274,102,,0,0,0,10
1602380756489,9,1010123456020,74,,1,1,4,1,1,,26.1799,139,184003,0.275872,57,0,0.1,,0,0,0,0,0,0,0,0,0,,280,112,,0,0,0,0
1602380756739,10,1010123456020,74,,1,1,4,1,1,,25.1438,146,184595,0.266432,58,0,0.1,,0,8,0,0,4,100,0,0,0,,277,114,,0,0,0,0
1602380756989,10,1010123456020,74,,1,1,4,1,1,,21.2043,93,183382,0.13584,37,0,7.75,,0.1,373,8999,0.1,151,88.7417,0,0.772238,31,,274,94,,0,0,0,9.03485
1602380757239,10,1010123456020,74,,1,1,4,1,1,,16.5169,89,183283,0.098208,37,0,6.85714,,0.1,438,2403,0.1,175,92,0,0.453907,31,,275,104,,0,0,0,9.28311
1602380757489,10,1010123456020,74,,1,1,4,1,1,,10,102,184525,0.0591486,42,0,6.16667,,0.1,432,1175,0.1,178,94.382,0,0.27855,0,,270,102,,0,0,0,9.57639
1602380757739,10,1010123456020,74,,1,1,4,1,1,,10.4444,18,184251,0.009664,7,0,4,,0.1,183,0,0.1,74,93.2432,0,0.191836,0,,273,82,,0,0,0,9.63388
1602380757989,9,1010123456020,74,,1,1,4,1,1,,0,0,184251,0,0,0,0.1,,0,0,0,0,0,0,0,0,0,,274,104,,0,0,0,0
1602380758239,9,1010123456020,74,,1,1,4,1,1,,0,0,184251,0,0,0,0.1,,0,8,0,0,4,100,0,0,0,,281,118,,0,0,0,0
1602380758489,9,1010123456020,74,,1,1,4,1,1,,0,0,184251,0,0,0,0.1,,0.1,12,0,0,4,100,0,0.1,0,,285,90,,0,0,0,10
1602380758739,9,1010123456020,74,,1,1,4,1,1,,0,0,184251,0,0,0,0.1,,0,8,0,0,4,100,0,0,0,,275,122,,0,0,0,0
1602380758989,9,1010123456020,74,,1,1,4,1,1,,0,0,184251,0,0,0,0.1,,0.1,12,0,0,4,100,0,0.1,0,,276,102,,0,0,0,10
1602380759239,9,1010123456020,74,,1,1,4,1,1,,0,0,184251,0,0,0,0.1,,0,0,0,0,0,0,0,0,0,,275,108,,0,0,0,0
1602380759489,9,1010123456020,74,,1,1,4,1,1,,0,0,184251,0,0,0,0.1,,0,2,0,0,1,100,0,0,0,,279,120,,0,0,0,0
1602380759739,9,1010123456020,74,,1,1,4,1,1,,0,0,184251,0,0,0,0.1,,0,6,0,0,3,100,0,0,0,,275,114,,0,0,0,0
1602380759989,9,1010123456020,74,,1,1,4,1,1,,0,0,184251,0,0,0,0.1,,0.1,12,0,0,4,100,0,0.145447,0,,275,120,,0,0,0,10
1602380760239,9,1010123456020,74,,1,1,4,1,1,,0,0,184251,0,0,0,0.1,,0,8,0,0,4,100,0,0,0,,279,114,,0,0,0,0
1602380760489,9,1010123456020,74,,1,1,4,1,1,,0,0,184251,0,0,0,0.1,,0,0,0,0,0,0,0,0,0,,271,130,,0,0,0,0
1602380760739,9,1010123456020,74,,1,1,4,1,1,,0,0,184251,0,0,0,0.1,,0.1,20,0,0,8,100,0,0.1,0,,277,118,,0,0,0,10
1602380760989,9,1010123456020,74,,1,1,4,1,1,,0,0,184251,0,0,0,0.1,,0,0,0,0,0,0,0,0,0,,272,98,,0,0,0,0
1602380761239,9,1010123456020,74,,1,1,4,1,1,,3.58333,96,183871,0.016544,37,0,4,,0.1,12,0,0,4,100,0,0.1,0,,287,128,,0,0,0,10
1602380761489,9,1010123456020,74,,1,1,4,1,1,,3.68966,116,183385,0.021696,48,0,0.1,,0,2,0,0,1,100,0,0,0,,284,96,,0,0,0,0
1602380761739,9,1010123456020,74,,1,1,4,1,1,,3.86441,118,184318,0.021504,46,0,0.1,,0,14,0,0,7,100,0,0,0,,274,96,,0,0,0,0
1602380761989,9,1010123456020,74,,1,1,4,1,1,,13.8623,138,184086,0.105184,55,0,9,,0,0,0,0,0,0,0,0,0,,280,110,,0,0,0,0
1602380762239,9,1010123456020,74,,1,1,4,1,1,,15.7167,120,183717,0.103904,47,0,0.1,,0.1,9,0,0,4,100,0,0.111394,0,,280,98,,0,0,0,10
1602380762489,9,1010123456020,74,,1,1,4,1,1,,15.8212,151,184032,0.141952,62,0,0.1,,0,0,0,0,0,0,0,0,0,,281,120,,0,0,0,0
1602380762739,9,1010123456020,74,,1,1,4,1,1,,16.8636,132,184553,0.12608,53,0,0.1,,0.1,11,0,0,4,100,0,0.371771,0,,273,106,,0,0,0,10
1602380762989,9,1010123456020,74,,1,1,4,1,1,,14.0741,135,184226,0.11136,56,0,7.33333,,0.1,358,2098,0.1,146,95.2055,0,0.280225,31,,277,112,,0,0,0,9.58101
1602380763239,9,1010123456020,74,,1,1,4,1,1,,13.284,81,183746,0.065536,32,0,5.33333,,0.1,361,0,0.1,154,96.7532,0,0.338546,31,,283,114,,0,0,0,9.77285
1602380763489,9,1010123456020,74,,1,1,4,1,1,,0,0,183746,0,0,0,0.1,,0.1,17,0,0.1,8,75,0,1.13041,31,,287,104,,0,0,0,7.70588
1602380763739,9,1010123456020,74,,1,1,4,1,1,,0,0,183746,0,0,0,0.1,,0.1,17,0,0,8,100,0,0.1,0,,280,142,,0,0,0,10
1602380763989,9,1010123456020,74,,1,1,4,1,1,,0,0,183746,0,0,0,0.1,,0,0,0,0,0,0,0,0,0,,276,114,,0,0,0,0
1602380764239,9,1010123456020,74,,1,1,4,1,1,,0,0,183746,0,0,0,0.1,,0,8,0,0,4,100,0,0,0,,280,108,,0,0,0,0
1602380764489,9,1010123456020,74,,1,1,4,1,1,,0,0,183746,0,0,0,0.1,,0.1,12,0,0,4,100,0,0.322067,0,,288,110,,0,0,0,10
1602380764739,9,1010123456020,74,,1,1,4,1,1,,0,0,183746,0,0,0,0.1,,0,8,0,0,4,100,0,0,0,,278,96,,0,0,0,0
1602380764989,9,1010123456020,74,,1,1,4,1,1,,0,0,183746,0,0,0,0.1,,0,0,0,0,0,0,0,0,0,,274,136,,0,0,0,0
1602380765239,9,1010123456020,74,,1,1,4,1,1,,0,0,183746,0,0,0,0.1,,0,0,0,0,0,0,0,0,0,,282,106,,0,0,0,0
1602380765489,9,1010123456020,74,,1,1,4,1,1,,0,0,183746,0,0,0,0.1,,0.1,3,0,0.1,1,0,0,1.83968,31,,280,98,,0,0,0,1
1602380765739,9,1010123456020,74,,1,1,4,1,1,,0,0,183746,0,0,0,0.1,,0,8,0,0,4,100,0,0,0,,275,106,,0,0,0,0
1602380765989,9,1010123456020,74,,1,1,4,1,1,,0,0,183746,0,0,0,0.1,,0,8,0,0,4,100,0,0,0,,274,134,,0,0,0,0
1602380766239,9,1010123456020,74,,1,1,4,1,1,,0,0,183746,0,0,0,0.1,,0,0,0,0,0,0,0,0,0,,275,98,,0,0,0,0
1602380766489,9,1010123456020,74,,1,1,4,1,1,,0,0,183746,0,0,0,0.1,,0.1,12,0,0,4,100,0,0.1,0,,280,118,,0,0,0,10
1602380766739,9,1010123456020,74,,1,1,4,1,1,,0,0,183746,0,0,0,0.1,,0.1,3,0,0.1,1,0,0,1.48504,31,,268,106,,0,0,0,1
1602380766989,9,1010123456020,74,,1,1,4,1,1,,0,0,183746,0,0,0,0.1,,0.1,11,0,0,4,100,0,0.772322,0,,273,118,,0,0,0,10
1602380767288,8,1010123456020,74,,1,1,4,1,1,,0,0,183746,0,0,0,0.1,,0,0,0,0,0,0,0,0,0,,332,128,,0,0,0,0
1602380767489,8,1010123456020,74,,1,1,4,1,1,,0,0,183746,0,0,0,0.1,,0,8,0,0,4,100,0,0,0,,228,124,,0,0,0,0
1602380767739,8,1010123456020,74,,1,1,4,1,1,,0,0,183746,0,0,0,0.1,,0.1,12,0,0,4,100,0,0.387284,0,,277,162,,0,0,0,10
1602380767989,8,1010123456020,74,,1,1,4,1,1,,0,0,183746,0,0,0,0.1,,0.1,12,0,0,4,100,0,0.1,0,,279,136,,0,0,0,10
1602380768239,8,1010123456020,74,,1,1,4,1,1,,0,0,183746,0,0,0,0.1,,0,0,0,0,0,0,0,0,0,,283,132,,0,0,0,0
1602380768489,8,1010123456020,74,,1,1,4,1,1,,0,0,183746,0,0,0,0.1,,0,0,0,0,0,0,0,0,0,,287,116,,0,0,0,0
1602380768739,8,1010123456020,74,,1,1,4,1,1,,0,0,183746,0,0,0,0.1,,0,8,0,0,4,100,0,0,0,,288,116,,0,0,0,0
1602380768989,8,1010123456020,74,,1,1,4,1,1,,0,0,183746,0,0,0,0.1,,0,0,0,0,0,0,0,0,0,,284,126,,0,0,0,0
1602380769239,8,1010123456020,74,,1,1,4,1,1,,0,0,183746,0,0,0,0.1,,0,8,0,0,4,100,0,0,0,,290,114,,0,0,0,0
1602380769489,8,1010123456020,74,,1,1,4,1,1,,0,0,183746,0,0,0,0.1,,0.1,3,0,0.1,1,0,0,1.91251,31,,275,146,,0,0,0,1
1602380769739,8,1010123456020,74,,1,1,4,1,1,,0,0,183746,0,0,0,0.1,,0.1,12,0,0,4,100,0,0.1,0,,279,128,,0,0,0,10
1602380769989,8,1010123456020,74,,1,1,4,1,1,,0,0,183746,0,0,0,0.1,,0,0,0,0,0,0,0,0,0,,272,132,,0,0,0,0
1602380770239,8,1010123456020,74,,1,1,4,1,1,,0,0,183746,0,0,0,0.1,,0,8,0,0,4,100,0,0,0,,292,114,,0,0,0,0
1602380770489,8,1010123456020,74,,1,1,4,1,1,,0,0,183746,0,0,0,0.1,,0.1,12,0,0,4,100,0,0.1,0,,286,108,,0,0,0,10
1602380770739,8,1010123456020,74,,1,1,4,1,1,,0,0,183746,0,0,0,0.1,,0,8,0,0,4,100,0,0,0,,279,152,,0,0,0,0
1602380770989,8,1010123456020,74,,1,1,4,1,1,,0,0,183746,0,0,0,0.1,,0,8,0,0,4,100,0,0,0,,289,120,,0,0,0,0
1602380771239,8,1010123456020,74,,1,1,4,1,1,,0,0,183746,0,0,0,0.1,,0,0,0,0,0,0,0,0,0,,285,128,,0,0,0,0
1602380771489,8,1010123456020,74,,1,1,4,1,1,,0,0,183746,0,0,0,0.1,,0.1,12,0,0,4,100,0,0.105311,0,,284,144,,0,0,0,10
1602380771739,8,1010123456020,74,,1,1,4,1,1,,0,0,183746,0,0,0,0.1,,0.1,12,0,0,4,100,0,0.449169,0,,281,134,,0,0,0,10
1602380771989,8,1010123456020,74,,1,1,4,1,1,,0,0,183746,0,0,0,0.1,,0,8,0,0,4,100,0,0,0,,282,150,,0,0,0,0
1602380772239,8,1010123456020,74,,1,1,4,1,1,,0,0,183746,0,0,0,0.1,,0,0,0,0,0,0,0,0,0,,276,138,,0,0,0,0
1602380772489,8,1010123456020,74,,1,1,4,1,1,,0,0,183746,0,0,0,0.1,,0.1,3,0,0.1,1,0,0,0.953775,31,,275,138,,0,0,0,1
1602380772739,8,1010123456020,74,,1,1,4,1,1,,0,0,183746,0,0,0,0.1,,0.1,11,0,0,4,100,0,0.1,0,,283,132,,0,0,0,10
1602380772989,8,1010123456020,74,,1,1,4,1,1,,0,0,183746,0,0,0,0.1,,0,0,0,0,0,0,0,0,0,,289,140,,0,0,0,0
1602380773239,8,1010123456020,74,,1,1,4,1,1,,0,0,183746,0,0,0,0.1,,0,8,0,0,4,100,0,0,0,,287,128,,0,0,0,0
