time,cc,pci,earfcn,rsrp,pl,cfo,dl_mcs,dl_snr,dl_turbo,dl_brate,dl_bler,ul_ta,ul_mcs,ul_buff,ul_brate,ul_bler,rf_o,rf_u,rf_l,is_attached
0,0,0,4294967295,0.0,0.0,0.0,0.0,0.0,0.0,0.0,0.0,0.0,0.0,0.0,0.0,0.0,0.0,0.0,0.0,0.0
249,0,0,3400,0.0,0.0,0.0,0.0,0.0,0.0,0.0,0.0,0.0,0.0,0.0,0.0,0.0,0.0,0.0,0.0,0.0
498,0,0,3400,0.0,0.0,0.0,0.0,0.0,0.0,0.0,0.0,0.0,0.0,0.0,0.0,0.0,0.0,0.0,0.0,0.0
747,0,1,3400,0.0,0.0,0.0,0.0,0.0,0.0,0.0,0.0,0.0,0.0,0.0,0.0,0.0,0.0,0.0,0.0,0.0
996,0,1,3400,-60,60,198,0.0,20,0.0,0.0,0.0,0.0,0.0,0.0,0.0,0.0,0.0,0.0,0.0,0.0
1245,0,1,3400,-60,60,60,1.4,24,0.34,2912.000000,0,0.0,0.0,33,224,0,0.0,0.0,0.0,1.0
1494,0,1,3400,-60,60,59,2.5,24,0.50,0.0,0.0,27,0.0,33,0.0,0.0,0.0,0.0,0.0,1.0
1743,0,1,3400,-60,60,60,3.1,24,0.50,3264.000000,0,27,8.7,0.0,50816.000000,0,0.0,0.0,0.0,1.0
1992,0,1,3400,-60,60,56,4.2,24,0.50,7360.000000,0,27,11,24,42016.000000,0,0.0,0.0,0.0,1.0
2241,0,1,3400,-60,60,56,3.7,23,0.50,7328.000000,0,27,9.9,186,25152.000000,0,0.0,0.0,0.0,1.0
2490,0,1,3400,-60,60,57,15,22,0.50,41696.000000,0,27,2.5,0.0,105792.000000,5,0.0,0.0,0.0,1.0
2739,0,1,3400,-60,60,60,9.4,22,0.69,27968.000000,0,27,0.0,0.0,0.0,0.0,0.0,0.0,0.0,1.0
2988,0,1,3400,-60,60,59,11,22,0.50,54016.000000,0,27,0.0,0.0,0.0,0.0,0.0,0.0,0.0,1.0
3237,0,1,3400,-60,60,59,8.3,22,0.50,28544.000000,0,27,0.0,0.0,0.0,0.0,0.0,0.0,0.0,1.0
3486,0,1,3400,-60,60,57,13,22,0.70,40096.000000,3,27,0.0,0.0,14592.000000,0,0.0,0.0,0.0,1.0
3735,0,1,3400,-60,60,59,11,22,0.50,38464.000000,0,27,0.0,0.0,0.0,0.0,0.0,0.0,0.0,1.0
3984,0,1,3400,-60,60,60,14,22,0.50,32800.000000,0,27,0.0,0.0,0.0,0.0,0.0,0.0,0.0,1.0
4233,0,1,3400,-60,60,54,15,23,0.50,32064.000000,0,27,0.0,0.0,0.0,0.0,0.0,0.0,0.0,1.0
4482,0,1,3400,-60,60,56,6.7,22,0.52,48064.000000,1,27,8.8,0.0,39456.000000,42,0.0,0.0,0.0,1.0
4731,0,1,3400,-60,60,62,15,22,0.50,38848.000000,0,27,10,0.0,0.0,0.0,0.0,0.0,0.0,1.0
4980,0,1,3400,-60,60,64,12,22,0.51,49056.000000,0,27,11,0.0,0.0,0.0,0.0,0.0,0.0,1.0
5229,0,1,3400,-60,60,60,14,23,0.53,32768.000000,0,27,10,0.0,0.0,0.0,0.0,0.0,0.0,1.0
5478,0,1,3400,-60,60,60,9.8,22,0.50,68992.000000,0,27,5.9,0.0,56480.000000,60,0.0,0.0,0.0,1.0
5727,0,1,3400,-60,60,64,12,22,0.50,27040.000000,0,27,4.5,0.0,0.0,0.0,0.0,0.0,0.0,1.0
5976,0,1,3400,-60,60,62,15,22,0.56,37600.000000,0,27,4.5,0.0,0.0,0.0,0.0,0.0,0.0,1.0
6225,0,1,3400,-60,60,60,11,22,0.50,44960.000000,0,27,4.5,186,0.0,0.0,0.0,0.0,0.0,1.0
6474,0,1,3400,-60,60,63,14,22,0.50,71840.000000,0,27,5.9,0.0,0.0,80,0.0,0.0,0.0,1.0
6723,0,1,3400,-60,60,59,12,22,0.50,22912.000000,0,27,6.1,0.0,0.0,0.0,0.0,0.0,0.0,1.0
6972,0,1,3400,-60,60,61,8.9,22,0.52,55904.000000,0,27,6.0,0.0,0.0,0.0,0.0,0.0,0.0,1.0
7221,0,1,3400,-60,60,59,8.5,22,0.50,40192.000000,0,27,6.0,186,0.0,0.0,0.0,0.0,0.0,1.0
7470,0,1,3400,-60,60,55,13,22,0.79,67328.000000,2,27,0.48,0.0,13184.000000,0,0.0,0.0,0.0,1.0
7719,0,1,3400,-60,60,54,12,22,0.50,72032.000000,0,27,0.0,0.0,0.0,0.0,0.0,0.0,0.0,1.0
7968,0,1,3400,-60,60,56,11,22,0.50,67712.000000,0,27,0.048,0.0,0.0,0.0,0.0,0.0,0.0,1.0
8217,0,1,3400,-60,60,57,9.7,22,0.50,73568.000000,0,27,0.048,0.0,0.0,0.0,0.0,0.0,0.0,1.0
8466,0,1,3400,-60,60,58,13,22,0.50,26816.000000,0,27,0.048,0.0,13024.000000,0,0.0,0.0,0.0,1.0
8715,0,1,3400,-60,60,60,11,22,0.50,39904.000000,0,27,0.096,0.0,0.0,0.0,0.0,0.0,0.0,1.0
8964,0,1,3400,-60,60,62,17,22,0.54,48128.000000,0,27,0.096,0.0,0.0,0.0,0.0,0.0,0.0,1.0
9213,0,1,3400,-60,60,62,16,22,0.57,26624.000000,0,27,0.048,0.0,0.0,0.0,0.0,0.0,0.0,1.0
9462,0,1,3400,-60,60,60,13,23,0.51,51584.000000,0,27,0.048,0.0,13024.000000,0,0.0,0.0,0.0,1.0
9711,0,1,3400,-60,60,59,10,22,0.50,64832.000000,0,27,0.0,0.0,0.0,0.0,0.0,0.0,0.0,1.0
9960,0,1,3400,-60,60,59,13,22,0.56,43232.000000,5,27,0.14,0.0,0.0,0.0,0.0,0.0,0.0,1.0
10209,0,1,3400,-60,60,59,11,22,0.50,47968.000000,0,27,0.096,0.0,0.0,0.0,0.0,0.0,0.0,1.0
10458,0,1,3400,-60,60,61,12,22,0.58,24576.000000,0,27,0.048,0.0,13184.000000,0,0.0,0.0,0.0,1.0
10707,0,1,3400,-60,60,65,15,22,0.50,58784.000000,0,27,0.0,0.0,0.0,0.0,0.0,0.0,0.0,1.0
10956,0,1,3400,-60,60,63,14,22,0.50,21440.000000,0,27,0.0,0.0,0.0,0.0,0.0,0.0,0.0,1.0
11205,0,1,3400,-60,60,59,7.0,22,0.50,40736.000000,0,27,0.048,0.0,0.0,0.0,0.0,0.0,0.0,1.0
11454,0,1,3400,-60,60,58,8.8,22,0.50,66496.000000,0,27,2.6,0.0,37664.000000,42,0.0,0.0,0.0,1.0
11703,0,1,3400,-60,60,56,10,22,0.50,53024.000000,0,27,4.6,0.0,0.0,0.0,0.0,0.0,0.0,1.0
11952,0,1,3400,-60,60,59,8.1,22,0.50,16416.000000,0,27,4.6,0.0,0.0,0.0,0.0,0.0,0.0,1.0
12201,0,1,3400,-60,60,60,14,22,0.51,42720.000000,0,27,4.6,186,0.0,0.0,0.0,0.0,0.0,1.0
12450,0,1,3400,-60,60,60,16,22,0.53,32256.000000,0,27,0.56,0.0,10304.000000,0,0.0,0.0,0.0,1.0
12699,0,1,3400,-60,60,57,11,22,0.50,35488.000000,0,27,0.0,0.0,0.0,0.0,0.0,0.0,0.0,1.0
12948,0,1,3400,-60,60,60,9.7,22,0.50,83520.000000,0,27,0.19,0.0,0.0,0.0,0.0,0.0,0.0,1.0
13197,0,1,3400,-60,60,57,17,22,0.85,32256.000000,6,27,0.0,186,0.0,0.0,0.0,0.0,0.0,1.0
13446,0,1,3400,-60,60,60,8.5,22,0.91,33280.000000,3,27,0.048,0.0,13024.000000,0,0.0,0.0,0.0,1.0
13695,0,1,3400,-60,60,65,11,22,0.50,48800.000000,0,27,0.048,0.0,0.0,0.0,0.0,0.0,0.0,1.0
13944,0,1,3400,-60,60,60,15,22,0.50,21376.000000,0,27,0.048,0.0,0.0,0.0,0.0,0.0,0.0,1.0
14193,0,1,3400,-60,60,58,16,22,0.50,42304.000000,0,27,0.048,0.0,0.0,0.0,0.0,0.0,0.0,1.0
14442,0,1,3400,-60,60,57,16,22,0.52,42688.000000,0,27,0.0,0.0,13024.000000,0,0.0,0.0,0.0,1.0
14691,0,1,3400,-60,60,59,13,22,0.50,39232.000000,0,27,0.0,0.0,0.0,0.0,0.0,0.0,0.0,1.0
14940,0,1,3400,-60,60,59,11,22,0.50,43360.000000,0,27,0.048,0.0,0.0,0.0,0.0,0.0,0.0,1.0
15189,0,1,3400,-60,60,58,14,22,0.50,37568.000000,0,27,0.19,186,0.0,0.0,0.0,0.0,0.0,1.0
15438,0,1,3400,-60,60,54,15,22,0.55,37952.000000,0,27,0.048,0.0,13184.000000,0,0.0,0.0,0.0,1.0
15687,0,1,3400,-60,60,58,13,22,0.53,49920.000000,0,27,0.0,0.0,0.0,0.0,0.0,0.0,0.0,1.0
15936,0,1,3400,-60,60,58,12,22,0.59,38336.000000,0,27,0.0,0.0,0.0,0.0,0.0,0.0,0.0,1.0
16185,0,1,3400,-60,60,56,10,22,0.57,30176.000000,0,27,0.0,0.0,0.0,0.0,0.0,0.0,0.0,1.0
16434,0,1,3400,-60,60,54,16,22,0.50,43040.000000,0,27,0.0,0.0,13024.000000,0,0.0,0.0,0.0,1.0
16683,0,1,3400,-60,60,53,18,22,0.50,21088.000000,0,27,0.048,0.0,0.0,0.0,0.0,0.0,0.0,1.0
16932,0,1,3400,-60,60,64,14,22,0.50,38080.000000,0,27,0.0,0.0,0.0,0.0,0.0,0.0,0.0,1.0
17181,0,1,3400,-60,60,62,14,22,0.53,27360.000000,0,27,0.048,186,0.0,0.0,0.0,0.0,0.0,1.0
17430,0,1,3400,-60,60,58,15,22,0.56,37920.000000,0,27,0.096,0.0,13024.000000,0,0.0,0.0,0.0,1.0
17679,0,1,3400,-60,60,59,10,22,0.50,38176.000000,0,27,0.096,0.0,0.0,0.0,0.0,0.0,0.0,1.0
17928,0,1,3400,-60,60,62,13,22,0.50,56320.000000,0,27,0.0,0.0,0.0,0.0,0.0,0.0,0.0,1.0
18177,0,1,3400,-60,60,56,14,22,0.54,62080.000000,0,27,0.096,186,0.0,0.0,0.0,0.0,0.0,1.0
18426,0,1,3400,-60,60,60,12,22,0.50,42080.000000,0,27,0.048,0.0,13024.000000,0,0.0,0.0,0.0,1.0
18675,0,1,3400,-60,60,58,11,22,0.50,55456.000000,0,27,0.0,0.0,0.0,0.0,0.0,0.0,0.0,1.0
18924,0,1,3400,-60,60,62,11,22,0.50,32576.000000,0,27,0.0,0.0,0.0,0.0,0.0,0.0,0.0,1.0
19173,0,1,3400,-60,60,63,14,22,0.50,32256.000000,0,27,0.0,186,0.0,0.0,0.0,0.0,0.0,1.0
19422,0,1,3400,-60,60,61,15,22,0.65,30752.000000,5,27,3.9,0.0,45760.000000,0,0.0,0.0,0.0,1.0
19671,0,1,3400,-60,60,60,13,22,0.50,70272.000000,0,27,4.5,0.0,0.0,0.0,0.0,0.0,0.0,1.0
19920,0,1,3400,-60,60,57,16,22,0.52,42656.000000,0,27,4.5,0.0,0.0,0.0,0.0,0.0,0.0,1.0
20169,0,1,3400,-60,60,59,12,22,0.50,38752.000000,0,27,4.5,0.0,0.0,0.0,0.0,0.0,0.0,1.0
20418,0,1,3400,-60,60,58,11,22,0.51,21216.000000,0,27,9.1,0.0,0.0,80,0.0,0.0,0.0,1.0
20667,0,1,3400,-60,60,58,15,22,1.0,32160.000000,7,27,10,0.0,0.0,0.0,0.0,0.0,0.0,1.0
20916,0,1,3400,-60,60,63,14,22,0.72,31936.000000,0,27,10,0.0,0.0,0.0,0.0,0.0,0.0,1.0
21165,0,1,3400,-60,60,62,11,22,0.50,16480.000000,0,27,10,0.0,0.0,0.0,0.0,0.0,0.0,1.0
21414,0,1,3400,-60,60,60,11,22,0.50,54976.000000,0,27,2.6,0.0,13184.000000,0,0.0,0.0,0.0,1.0
21663,0,1,3400,-60,60,56,14,22,0.58,29472.000000,0,27,0.0,0.0,0.0,0.0,0.0,0.0,0.0,1.0
21912,0,1,3400,-60,60,55,11,22,0.50,35808.000000,0,27,0.0,0.0,0.0,0.0,0.0,0.0,0.0,1.0
22161,0,1,3400,-60,60,57,16,22,0.83,64288.000000,3,27,0.0,186,0.0,0.0,0.0,0.0,0.0,1.0
22410,0,1,3400,-60,60,62,13,22,0.50,43488.000000,0,27,0.0,0.0,13024.000000,0,0.0,0.0,0.0,1.0
22659,0,1,3400,-60,60,65,9.5,22,0.50,43872.000000,0,27,0.0,0.0,0.0,0.0,0.0,0.0,0.0,1.0
22908,0,1,3400,-60,60,64,12,22,0.50,45792.000000,0,27,0.0,0.0,0.0,0.0,0.0,0.0,0.0,1.0
23157,0,1,3400,-60,60,63,14,22,0.50,54656.000000,0,27,0.0,186,0.0,0.0,0.0,0.0,0.0,1.0
23406,0,1,3400,-60,60,63,13,22,0.50,59648.000000,0,27,0.0,0.0,13024.000000,0,0.0,0.0,0.0,1.0
23655,0,1,3400,-60,60,63,12,22,0.50,26752.000000,0,27,0.0,0.0,0.0,0.0,0.0,0.0,0.0,1.0
23904,0,1,3400,-60,60,58,13,22,0.58,30720.000000,0,27,0.0,0.0,0.0,0.0,0.0,0.0,0.0,1.0
24153,0,1,3400,-60,60,54,11,22,0.55,39648.000000,0,27,0.0,186,0.0,0.0,0.0,0.0,0.0,1.0
24402,0,1,3400,-60,60,56,18,22,0.50,16032.000000,0,27,0.0,0.0,13024.000000,0,0.0,0.0,0.0,1.0
24651,0,1,3400,-60,60,56,11,22,0.58,34848.000000,0,27,0.0,0.0,0.0,0.0,0.0,0.0,0.0,1.0
24900,0,1,3400,-60,60,59,13,22,0.57,59136.000000,0,27,0.0,0.0,0.0,0.0,0.0,0.0,0.0,1.0
25149,0,1,3400,-60,60,57,11,22,0.50,27520.000000,0,27,0.0,0.0,0.0,0.0,0.0,0.0,0.0,1.0
25398,0,1,3400,-60,60,59,11,22,0.63,39392.000000,3,27,0.0,0.0,13024.000000,0,0.0,0.0,0.0,1.0
25647,0,1,3400,-60,60,62,8.8,22,0.50,22688.000000,0,27,0.0,0.0,0.0,0.0,0.0,0.0,0.0,1.0
25896,0,1,3400,-60,60,59,8.1,22,0.50,40864.000000,0,27,0.0,0.0,0.0,0.0,0.0,0.0,0.0,1.0
26145,0,1,3400,-60,60,59,9.8,22,0.50,31776.000000,0,27,0.0,0.0,0.0,0.0,0.0,0.0,0.0,1.0
26394,0,1,3400,-60,60,58,13,22,0.51,41024.000000,0,27,0.14,0.0,20640.000000,0,0.0,0.0,0.0,1.0
26643,0,1,3400,-60,60,58,7.7,22,0.50,41920.000000,0,27,0.0,0.0,0.0,0.0,0.0,0.0,0.0,1.0
26892,0,1,3400,-60,60,61,14,22,0.51,48480.000000,0,27,0.0,0.0,0.0,0.0,0.0,0.0,0.0,1.0
27141,0,1,3400,-60,60,65,14,22,0.50,48064.000000,0,27,0.0,0.0,0.0,0.0,0.0,0.0,0.0,1.0
27390,0,1,3400,-60,60,65,13,22,0.50,54240.000000,0,27,0.0,0.0,14592.000000,0,0.0,0.0,0.0,1.0
27639,0,1,3400,-60,60,62,14,22,0.50,45632.000000,0,27,0.0,0.0,0.0,0.0,0.0,0.0,0.0,1.0
27888,0,1,3400,-60,60,62,12,22,0.50,79040.000000,0,27,0.0,0.0,0.0,0.0,0.0,0.0,0.0,1.0
28137,0,1,3400,-60,60,57,8.0,22,0.52,33024.000000,0,27,0.0,186,0.0,0.0,0.0,0.0,0.0,1.0
28386,0,1,3400,-60,60,62,12,22,0.67,60608.000000,0,27,0.0,0.0,13024.000000,0,0.0,0.0,0.0,1.0
28635,0,1,3400,-60,60,58,8.4,22,0.50,36800.000000,0,27,0.0,0.0,0.0,0.0,0.0,0.0,0.0,1.0
28884,0,1,3400,-60,60,60,14,22,0.63,39648.000000,0,27,0.0,0.0,0.0,0.0,0.0,0.0,0.0,1.0
29133,0,1,3400,-60,60,63,14,22,0.50,61760.000000,0,27,0.0,0.0,0.0,0.0,0.0,0.0,0.0,1.0
29382,0,1,3400,-60,60,64,11,22,0.50,36768.000000,0,27,0.85,0.0,17472.000000,0,0.0,0.0,0.0,1.0
29631,0,1,3400,-60,60,65,7.9,22,0.50,17344.000000,0,27,0.99,0.0,0.0,0.0,0.0,0.0,0.0,1.0
29880,0,1,3400,-60,60,60,13,22,0.50,39040.000000,0,27,0.98,0.0,0.0,0.0,0.0,0.0,0.0,1.0
30129,0,1,3400,-60,60,59,14,22,0.51,38496.000000,0,27,1.0,0.0,0.0,0.0,0.0,0.0,0.0,1.0
30378,0,1,3400,-60,60,61,13,22,0.50,16288.000000,0,27,0.10,0.0,14592.000000,0,0.0,0.0,0.0,1.0
30627,0,1,3400,-60,60,61,11,22,0.50,40416.000000,0,27,0.0,0.0,0.0,0.0,0.0,0.0,0.0,1.0
30876,0,1,3400,-60,60,62,10,22,0.50,32992.000000,0,27,0.0,0.0,0.0,0.0,0.0,0.0,0.0,1.0
31125,0,1,3400,-60,60,61,13,22,0.50,27040.000000,0,27,0.0,186,0.0,0.0,0.0,0.0,0.0,1.0
31374,0,1,3400,-60,60,62,13,22,0.50,48352.000000,0,27,0.032,0.0,11456.000000,0,0.0,0.0,0.0,1.0
31623,0,1,3400,-60,60,56,11,22,0.50,10784.000000,0,27,0.0,0.0,0.0,0.0,0.0,0.0,0.0,1.0
31872,0,1,3400,-60,60,63,11,22,0.50,32480.000000,0,27,0.0,0.0,0.0,0.0,0.0,0.0,0.0,1.0
32121,0,1,3400,-60,60,65,13,22,0.50,33216.000000,0,27,0.0,186,0.0,0.0,0.0,0.0,0.0,1.0
32370,0,1,3400,-60,60,61,13,22,0.50,48480.000000,0,27,0.0,0.0,13024.000000,0,0.0,0.0,0.0,1.0
32619,0,1,3400,-60,60,60,15,22,0.50,39744.000000,0,27,0.0,0.0,0.0,0.0,0.0,0.0,0.0,1.0
32868,0,1,3400,-60,60,57,15,22,0.50,37952.000000,0,27,0.0,0.0,0.0,0.0,0.0,0.0,0.0,1.0
33117,0,1,3400,-60,60,57,9.9,22,0.65,42368.000000,2,27,0.0,186,0.0,0.0,0.0,0.0,0.0,1.0
33366,0,1,3400,-60,60,61,11,22,0.50,65696.000000,0,27,0.85,0.0,14784.000000,0,0.0,0.0,0.0,1.0
33615,0,1,3400,-60,60,58,6.8,22,0.50,43424.000000,0,27,0.99,0.0,0.0,0.0,0.0,0.0,0.0,1.0
33864,0,1,3400,-60,60,55,13,22,0.51,53952.000000,0,27,1.0,0.0,0.0,0.0,0.0,0.0,0.0,1.0
34113,0,1,3400,-60,60,61,12,22,0.50,54272.000000,0,27,1.0,186,0.0,0.0,0.0,0.0,0.0,1.0
34362,0,1,3400,-60,60,62,13,22,0.50,11808.000000,0,27,0.10,0.0,13024.000000,0,0.0,0.0,0.0,1.0
34611,0,1,3400,-60,60,58,13,22,0.50,37632.000000,0,27,0.0,0.0,0.0,0.0,0.0,0.0,0.0,1.0
34860,0,1,3400,-60,60,58,11,22,0.50,48192.000000,0,27,0.0,0.0,0.0,0.0,0.0,0.0,0.0,1.0
35109,0,1,3400,-60,60,58,12,22,0.50,32992.000000,0,27,0.0,0.0,0.0,0.0,0.0,0.0,0.0,1.0
35358,0,1,3400,-60,60,58,7.6,22,0.50,49056.000000,0,27,1.6,0.0,10048.000000,27,0.0,0.0,0.0,1.0
35607,0,1,3400,-60,60,61,9.2,22,0.50,66336.000000,0,27,4.0,0.0,0.0,0.0,0.0,0.0,0.0,1.0
35856,0,1,3400,-60,60,64,13,22,0.50,21632.000000,0,27,4.0,0.0,0.0,0.0,0.0,0.0,0.0,1.0
36105,0,1,3400,-60,60,64,10,22,0.50,52480.000000,0,27,4.0,0.0,0.0,0.0,0.0,0.0,0.0,1.0
36354,0,1,3400,-60,60,55,13,22,0.77,60896.000000,0,27,6.7,0.0,0.0,80,0.0,0.0,0.0,1.0
36603,0,1,3400,-60,60,56,8.9,22,0.50,35456.000000,0,27,7.5,0.0,0.0,0.0,0.0,0.0,0.0,1.0
36852,0,1,3400,-60,60,59,12,22,0.50,28288.000000,0,27,7.4,0.0,0.0,0.0,0.0,0.0,0.0,1.0
37101,0,1,3400,-60,60,58,9.3,22,0.50,33920.000000,0,27,7.4,0.0,0.0,0.0,0.0,0.0,0.0,1.0
37350,0,1,3400,-60,60,58,16,22,0.50,26688.000000,0,27,1.7,0.0,13024.000000,0,0.0,0.0,0.0,1.0
37599,0,1,3400,-60,60,60,17,21,0.50,26688.000000,0,27,0.0,0.0,0.0,0.0,0.0,0.0,0.0,1.0
37848,0,1,3400,-60,60,57,9.6,22,0.50,42432.000000,0,27,0.0,0.0,0.0,0.0,0.0,0.0,0.0,1.0
38097,0,1,3400,-60,60,57,17,22,0.50,15936.000000,0,27,0.0,0.0,0.0,0.0,0.0,0.0,0.0,1.0
38346,0,1,3400,-60,60,58,12,22,0.50,70784.000000,0,27,0.0,0.0,13024.000000,0,0.0,0.0,0.0,1.0
38595,0,1,3400,-60,60,65,9.3,22,0.98,38496.000000,4,27,0.0,0.0,0.0,0.0,0.0,0.0,0.0,1.0
38844,0,1,3400,-60,60,62,7.6,22,0.50,17440.000000,0,27,0.0,0.0,0.0,0.0,0.0,0.0,0.0,1.0
39093,0,1,3400,-60,60,59,16,22,0.50,27392.000000,0,27,0.0,0.0,0.0,0.0,0.0,0.0,0.0,1.0
39342,0,1,3400,-60,60,58,13,22,0.50,40320.000000,0,27,0.0,0.0,13024.000000,0,0.0,0.0,0.0,1.0
39591,0,1,3400,-60,60,60,7.7,22,0.50,42240.000000,0,27,0.0,0.0,0.0,0.0,0.0,0.0,0.0,1.0
39840,0,1,3400,-60,60,60,6.0,22,0.50,23936.000000,0,27,0.0,0.0,0.0,0.0,0.0,0.0,0.0,1.0
40089,0,1,3400,-60,60,55,4.5,22,0.50,28864.000000,0,27,0.0,186,0.0,0.0,0.0,0.0,0.0,1.0
40338,0,1,3400,-60,60,62,7.7,22,0.50,54560.000000,0,27,0.0,0.0,16992.000000,0,0.0,0.0,0.0,1.0
40587,0,1,3400,-60,60,66,7.7,22,0.50,83776.000000,0,27,0.0,0.0,0.0,0.0,0.0,0.0,0.0,1.0
40836,0,1,3400,-60,60,63,11,22,0.57,51072.000000,2,27,0.0,0.0,0.0,0.0,0.0,0.0,0.0,1.0
41085,0,1,3400,-60,60,60,13,22,0.64,59200.000000,0,27,0.0,186,0.0,0.0,0.0,0.0,0.0,1.0
41334,0,1,3400,-60,60,64,14,22,0.96,55584.000000,2,27,0.0,0.0,13920.000000,0,0.0,0.0,0.0,1.0
41583,0,1,3400,-60,60,64,12,22,0.50,30080.000000,0,27,0.0,0.0,0.0,0.0,0.0,0.0,0.0,1.0
41832,0,1,3400,-60,60,66,17,21,0.50,24800.000000,0,27,0.0,0.0,0.0,0.0,0.0,0.0,0.0,1.0
42081,0,1,3400,-60,60,60,17,22,0.50,42752.000000,0,27,0.0,186,1568.000000,0,0.0,0.0,0.0,1.0
42330,0,1,3400,-60,60,61,15,22,0.58,21664.000000,0,27,0.0,0.0,13024.000000,0,0.0,0.0,0.0,1.0
42579,0,1,3400,-60,60,58,12,22,0.50,53792.000000,0,27,0.0,0.0,0.0,0.0,0.0,0.0,0.0,1.0
42828,0,1,3400,-60,60,55,11,22,0.50,49344.000000,0,27,0.0,0.0,0.0,0.0,0.0,0.0,0.0,1.0
43077,0,1,3400,-60,60,59,6.9,22,0.50,28768.000000,0,27,0.0,0.0,0.0,0.0,0.0,0.0,0.0,1.0
43326,0,1,3400,-60,60,61,8.7,22,0.50,53568.000000,0,27,0.0,0.0,14592.000000,0,0.0,0.0,0.0,1.0
43575,0,1,3400,-60,60,66,11,22,0.50,16128.000000,0,27,0.0,0.0,0.0,0.0,0.0,0.0,0.0,1.0
43824,0,1,3400,-60,60,61,12,22,0.50,40064.000000,0,27,0.0,0.0,0.0,0.0,0.0,0.0,0.0,1.0
44073,0,1,3400,-60,60,63,14,22,0.50,42944.000000,0,27,0.0,0.0,0.0,0.0,0.0,0.0,0.0,1.0
44322,0,1,3400,-60,60,64,14,22,0.50,45024.000000,0,27,0.0,0.0,16992.000000,0,0.0,0.0,0.0,1.0
44571,0,1,3400,-60,60,61,13,22,0.50,66464.000000,0,27,0.0,0.0,0.0,0.0,0.0,0.0,0.0,1.0
44820,0,1,3400,-60,60,56,7.7,22,0.50,35296.000000,0,27,0.0,0.0,0.0,0.0,0.0,0.0,0.0,1.0
45069,0,1,3400,-60,60,56,9.7,22,0.67,40032.000000,3,27,0.0,186,0.0,0.0,0.0,0.0,0.0,1.0
45318,0,1,3400,-60,60,57,8.6,22,0.50,39456.000000,0,27,3.1,0.0,22656.000000,0,0.0,0.0,0.0,1.0
45567,0,1,3400,-60,60,58,13,22,0.50,37952.000000,0,27,3.5,0.0,0.0,0.0,0.0,0.0,0.0,1.0
45816,0,1,3400,-60,60,63,9.2,22,0.50,59232.000000,0,27,3.5,0.0,0.0,0.0,0.0,0.0,0.0,1.0
46065,0,1,3400,-60,60,63,14,22,0.50,21568.000000,0,27,3.5,0.0,0.0,0.0,0.0,0.0,0.0,1.0
46314,0,1,3400,-60,60,64,15,22,0.50,28384.000000,0,27,3.3,0.0,14112.000000,0,0.0,0.0,0.0,1.0
46563,0,1,3400,-60,60,62,12,22,0.50,35616.000000,0,27,0.0,0.0,0.0,0.0,0.0,0.0,0.0,1.0
46812,0,1,3400,-60,60,58,12,22,0.50,40768.000000,0,27,0.0,0.0,0.0,0.0,0.0,0.0,0.0,1.0
47061,0,1,3400,-60,60,58,7.0,22,0.50,58976.000000,0,27,0.0,186,0.0,0.0,0.0,0.0,0.0,1.0
47310,0,1,3400,-60,60,59,10,22,0.50,39488.000000,0,27,0.0080,0.0,16640.000000,0,0.0,0.0,0.0,1.0
47559,0,1,3400,-60,60,61,13,22,0.50,27168.000000,0,27,0.0,0.0,0.0,0.0,0.0,0.0,0.0,1.0
47808,0,1,3400,-60,60,57,8.8,22,0.50,16896.000000,0,27,0.0,0.0,0.0,0.0,0.0,0.0,0.0,1.0
48057,0,1,3400,-60,60,58,12,22,0.50,42976.000000,0,27,0.0,0.0,0.0,0.0,0.0,0.0,0.0,1.0
48306,0,1,3400,-60,60,64,11,22,0.50,18784.000000,0,27,0.0,0.0,13024.000000,0,0.0,0.0,0.0,1.0
48555,0,1,3400,-60,60,66,15,22,0.50,57120.000000,0,27,0.0,0.0,0.0,0.0,0.0,0.0,0.0,1.0
48804,0,1,3400,-60,60,63,9.3,22,0.50,28128.000000,0,27,0.0,0.0,0.0,0.0,0.0,0.0,0.0,1.0
49053,0,1,3400,-60,60,60,5.7,22,0.50,41088.000000,0,27,0.0,0.0,0.0,0.0,0.0,0.0,0.0,1.0
49302,0,1,3400,-60,60,60,13,22,0.50,48864.000000,0,27,0.0,0.0,9888.000000,0,0.0,0.0,0.0,1.0
49551,0,1,3400,-60,60,62,12,21,0.50,42912.000000,0,27,0.0,0.0,0.0,0.0,0.0,0.0,0.0,1.0
49800,0,1,3400,-60,60,66,9.0,21,0.50,70624.000000,0,27,0.0,0.0,0.0,0.0,0.0,0.0,0.0,1.0
50049,0,1,3400,-60,60,63,12,21,0.50,33280.000000,0,27,0.0,0.0,0.0,0.0,0.0,0.0,0.0,1.0
50298,0,1,3400,-60,60,61,8.0,22,0.50,31808.000000,0,27,0.0,0.0,11456.000000,0,0.0,0.0,0.0,1.0
50547,0,1,3400,-60,60,65,14,22,0.50,23872.000000,0,27,0.0,0.0,1568.000000,0,0.0,0.0,0.0,1.0
50796,0,1,3400,-60,60,64,12,22,0.50,55904.000000,0,27,0.0,0.0,0.0,0.0,0.0,0.0,0.0,1.0
51045,0,1,3400,-60,60,67,11,22,0.50,32768.000000,0,27,0.0,186,0.0,0.0,0.0,0.0,0.0,1.0
51294,0,1,3400,-60,60,62,16,22,0.67,48736.000000,4,27,0.0,0.0,13024.000000,0,0.0,0.0,0.0,1.0
51543,0,1,3400,-60,60,60,14,22,0.50,43680.000000,0,27,0.0,0.0,0.0,0.0,0.0,0.0,0.0,1.0
51792,0,1,3400,-60,60,60,7.7,22,0.50,33664.000000,0,27,0.0,0.0,0.0,0.0,0.0,0.0,0.0,1.0
52041,0,1,3400,-60,60,63,12,22,0.50,43744.000000,0,27,0.0,186,0.0,0.0,0.0,0.0,0.0,1.0
52290,0,1,3400,-60,60,63,12,22,0.53,43040.000000,0,27,0.0,0.0,11616.000000,0,0.0,0.0,0.0,1.0
52539,0,1,3400,-60,60,56,8.4,22,0.50,30816.000000,0,27,0.0,0.0,0.0,0.0,0.0,0.0,0.0,1.0
52788,0,1,3400,-60,60,57,7.0,22,0.50,21088.000000,0,27,0.0,0.0,0.0,0.0,0.0,0.0,0.0,1.0
53037,0,1,3400,-60,60,61,13,22,0.50,39808.000000,0,27,0.0,0.0,0.0,0.0,0.0,0.0,0.0,1.0
53286,0,1,3400,-60,60,65,6.5,22,0.50,68128.000000,0,27,3.3,0.0,63072.000000,0,0.0,0.0,0.0,1.0
53535,0,1,3400,-60,60,61,11,22,0.50,37824.000000,0,27,4.5,0.0,0.0,0.0,0.0,0.0,0.0,1.0
53784,0,1,3400,-60,60,64,9.7,22,0.50,18944.000000,0,27,4.5,0.0,0.0,0.0,0.0,0.0,0.0,1.0
54033,0,1,3400,-60,60,64,8.1,22,0.50,40608.000000,0,27,4.5,0.0,0.0,0.0,0.0,0.0,0.0,1.0
54282,0,1,3400,-60,60,63,16,22,0.50,32160.000000,0,27,1.3,0.0,14112.000000,0,0.0,0.0,0.0,1.0
54531,0,1,3400,-60,60,56,12,21,0.50,33248.000000,0,27,0.0,0.0,0.0,0.0,0.0,0.0,0.0,1.0
54780,0,1,3400,-60,60,57,13,21,0.50,21376.000000,0,27,0.0,0.0,0.0,0.0,0.0,0.0,0.0,1.0
55029,0,1,3400,-60,60,62,11,22,0.50,61888.000000,0,27,0.0,0.0,0.0,0.0,0.0,0.0,0.0,1.0
55278,0,1,3400,-60,60,61,6.8,22,0.50,23072.000000,0,27,0.84,0.0,16640.000000,0,0.0,0.0,0.0,1.0
55527,0,1,3400,-60,60,55,11,22,0.50,33792.000000,0,27,1.0,0.0,0.0,0.0,0.0,0.0,0.0,1.0
55776,0,1,3400,-60,60,60,9.3,22,0.50,51840.000000,0,27,1.00,0.0,0.0,0.0,0.0,0.0,0.0,1.0
56025,0,1,3400,-60,60,61,11,22,0.50,76704.000000,0,27,0.99,0.0,0.0,0.0,0.0,0.0,0.0,1.0
56274,0,1,3400,-60,60,63,13,22,0.50,48608.000000,0,27,0.072,0.0,14752.000000,0,0.0,0.0,0.0,1.0
56523,0,1,3400,-60,60,63,16,22,0.53,48288.000000,0,27,0.0,0.0,0.0,0.0,0.0,0.0,0.0,1.0
56772,0,1,3400,-60,60,60,4.3,22,0.50,82656.000000,0,27,0.0,0.0,0.0,0.0,0.0,0.0,0.0,1.0
57021,0,1,3400,-60,60,61,7.0,22,0.50,46784.000000,0,27,0.0,0.0,0.0,0.0,0.0,0.0,0.0,1.0
57270,0,1,3400,-60,60,65,12,22,0.50,39040.000000,0,27,0.0,0.0,14528.000000,0,0.0,0.0,0.0,1.0
57519,0,1,3400,-60,60,61,7.5,22,0.50,16768.000000,0,27,0.0,0.0,0.0,0.0,0.0,0.0,0.0,1.0
57768,0,1,3400,-60,60,60,13,22,0.50,54144.000000,0,27,0.0,0.0,0.0,0.0,0.0,0.0,0.0,1.0
58017,0,1,3400,-60,60,59,16,22,0.58,69280.000000,0,27,0.0,186,0.0,0.0,0.0,0.0,0.0,1.0
58266,0,1,3400,-60,60,59,13,22,0.55,33312.000000,0,27,0.0,0.0,10304.000000,0,0.0,0.0,0.0,1.0
58515,0,1,3400,-60,60,60,14,21,0.73,52128.000000,0,27,0.0,0.0,0.0,0.0,0.0,0.0,0.0,1.0
58764,0,1,3400,-60,60,65,9.2,21,0.50,37472.000000,0,27,0.0,0.0,0.0,0.0,0.0,0.0,0.0,1.0
59013,0,1,3400,-60,60,65,11,22,0.50,26944.000000,0,27,0.0,186,0.0,0.0,0.0,0.0,0.0,1.0
59262,0,1,3400,-60,60,61,12,22,0.50,38080.000000,0,27,0.25,0.0,19072.000000,10,0.0,0.0,0.0,1.0
59511,0,1,3400,-60,60,59,12,22,0.50,10752.000000,0,27,0.0,0.0,0.0,0.0,0.0,0.0,0.0,1.0
59760,0,1,3400,-60,60,57,13,22,0.50,59936.000000,0,27,0.0,0.0,0.0,0.0,0.0,0.0,0.0,1.0
60009,0,1,3400,-60,60,61,12,22,0.50,44928.000000,0,27,0.0,186,0.0,0.0,0.0,0.0,0.0,1.0
60258,0,1,3400,-60,60,58,9.3,22,0.50,45856.000000,0,27,0.0,0.0,9888.000000,0,0.0,0.0,0.0,1.0
60507,0,1,3400,-60,60,60,6.6,22,0.50,49024.000000,0,27,0.0,0.0,0.0,0.0,0.0,0.0,0.0,1.0
60756,0,1,3400,-60,60,59,8.9,22,0.50,36192.000000,0,27,0.0,0.0,0.0,0.0,0.0,0.0,0.0,1.0
61005,0,1,3400,-60,60,64,12,22,0.50,32576.000000,0,27,0.0,0.0,0.0,0.0,0.0,0.0,0.0,1.0
61254,0,1,3400,-60,60,59,10,22,0.50,42176.000000,0,27,0.0,0.0,16160.000000,0,0.0,0.0,0.0,1.0
61503,0,1,3400,-60,60,61,12,22,0.50,37920.000000,0,27,0.0,0.0,0.0,0.0,0.0,0.0,0.0,1.0
61752,0,1,3400,-60,60,64,16,22,0.50,46272.000000,0,27,0.0,0.0,0.0,0.0,0.0,0.0,0.0,1.0
62001,0,1,3400,-60,60,59,16,22,0.50,46208.000000,0,27,0.0,0.0,0.0,0.0,0.0,0.0,0.0,1.0
62250,0,1,3400,-60,60,60,15,22,0.50,54080.000000,0,27,0.0,0.0,13024.000000,0,0.0,0.0,0.0,1.0
62499,0,1,3400,-60,60,61,14,22,0.50,32352.000000,0,27,0.0,0.0,0.0,0.0,0.0,0.0,0.0,1.0
62748,0,1,3400,-60,60,59,10,22,0.50,20320.000000,0,27,0.0,0.0,0.0,0.0,0.0,0.0,0.0,1.0
62997,0,1,3400,-60,60,62,12,22,0.50,10880.000000,0,27,0.0,0.0,0.0,0.0,0.0,0.0,0.0,1.0
63246,0,1,3400,-60,60,65,9.2,21,0.50,60224.000000,0,27,0.0,0.0,11456.000000,0,0.0,0.0,0.0,1.0
63495,0,1,3400,-60,60,58,10,22,0.50,22848.000000,0,27,0.0,0.0,0.0,0.0,0.0,0.0,0.0,1.0
63744,0,1,3400,-60,60,61,5.4,22,0.50,65376.000000,0,27,0.0,0.0,0.0,0.0,0.0,0.0,0.0,1.0
63993,0,1,3400,-60,60,58,13,22,0.50,32448.000000,0,27,0.0,186,0.0,0.0,0.0,0.0,0.0,1.0
64242,0,1,3400,-60,60,58,12,22,0.50,48800.000000,0,27,0.86,0.0,13504.000000,0,0.0,0.0,0.0,1.0
64491,0,1,3400,-60,60,63,11,22,0.50,33376.000000,0,27,0.99,0.0,0.0,0.0,0.0,0.0,0.0,1.0
64740,0,1,3400,-60,60,63,12,22,0.50,54176.000000,0,27,1.0,0.0,0.0,0.0,0.0,0.0,0.0,1.0
64989,0,1,3400,-60,60,59,13,22,0.50,43296.000000,0,27,1.00,186,0.0,0.0,0.0,0.0,0.0,1.0
65238,0,1,3400,-60,60,61,13,22,0.50,26496.000000,0,27,0.11,0.0,13024.000000,0,0.0,0.0,0.0,1.0
65487,0,1,3400,-60,60,62,8.3,22,0.50,31712.000000,0,27,0.0,0.0,0.0,0.0,0.0,0.0,0.0,1.0
65736,0,1,3400,-60,60,58,13,22,0.50,22496.000000,0,27,0.0,0.0,0.0,0.0,0.0,0.0,0.0,1.0
65985,0,1,3400,-60,60,56,4.5,22,0.50,41536.000000,0,27,0.0,0.0,0.0,0.0,0.0,0.0,0.0,1.0
66234,0,1,3400,-60,60,62,9.3,22,0.50,39200.000000,0,27,0.0,0.0,13024.000000,0,0.0,0.0,0.0,1.0
66483,0,1,3400,-60,60,62,13,22,0.69,37472.000000,0,27,0.0,0.0,0.0,0.0,0.0,0.0,0.0,1.0
66732,0,1,3400,-60,60,64,17,21,0.50,16096.000000,0,27,0.0,0.0,0.0,0.0,0.0,0.0,0.0,1.0
66981,0,1,3400,-60,60,62,14,22,0.51,37536.000000,0,27,0.0,186,0.0,0.0,0.0,0.0,0.0,1.0
67230,0,1,3400,-60,60,60,17,21,0.52,37312.000000,0,27,0.0,0.0,13024.000000,0,0.0,0.0,0.0,1.0
67479,0,1,3400,-60,60,61,8.7,21,0.50,56960.000000,0,27,0.0,0.0,0.0,0.0,0.0,0.0,0.0,1.0
67728,0,1,3400,-60,60,65,13,22,0.50,38048.000000,0,27,0.0,0.0,0.0,0.0,0.0,0.0,0.0,1.0
67977,0,1,3400,-60,60,64,9.8,22,0.50,16608.000000,0,27,0.0,0.0,0.0,0.0,0.0,0.0,0.0,1.0
68226,0,1,3400,-60,60,64,12,22,0.54,43296.000000,0,27,0.0,0.0,13024.000000,0,0.0,0.0,0.0,1.0
68475,0,1,3400,-60,60,64,13,22,0.60,52032.000000,0,27,0.0,0.0,0.0,0.0,0.0,0.0,0.0,1.0
68724,0,1,3400,-60,60,61,13,22,0.50,23456.000000,0,27,0.0,0.0,0.0,0.0,0.0,0.0,0.0,1.0
68973,0,1,3400,-60,60,57,11,22,0.50,28224.000000,0,27,0.0,0.0,0.0,0.0,0.0,0.0,0.0,1.0
69222,0,1,3400,-60,60,55,11,22,0.50,44800.000000,0,27,0.0,0.0,13024.000000,0,0.0,0.0,0.0,1.0
69471,0,1,3400,-60,60,60,9.6,22,0.50,61056.000000,0,27,0.0,0.0,0.0,0.0,0.0,0.0,0.0,1.0
69720,0,1,3400,-60,60,65,17,22,0.50,42560.000000,0,27,0.0,0.0,0.0,0.0,0.0,0.0,0.0,1.0
69969,0,1,3400,-60,60,62,8.9,22,0.50,51136.000000,0,27,0.0,186,0.0,0.0,0.0,0.0,0.0,1.0
70218,0,1,3400,-60,60,61,10,22,0.50,33856.000000,0,27,0.86,0.0,16640.000000,0,0.0,0.0,0.0,1.0
70467,0,1,3400,-60,60,66,12,22,0.50,38432.000000,0,27,0.99,0.0,0.0,0.0,0.0,0.0,0.0,1.0
70716,0,1,3400,-60,60,62,9.1,21,0.50,62976.000000,0,27,0.99,0.0,0.0,0.0,0.0,0.0,0.0,1.0
70965,0,1,3400,-60,60,59,7.2,21,0.50,51136.000000,0,27,0.99,0.0,0.0,0.0,0.0,0.0,0.0,1.0
71214,0,1,3400,-60,60,65,11,21,0.50,38208.000000,0,27,0.10,0.0,9888.000000,0,0.0,0.0,0.0,1.0
71463,0,1,3400,-60,60,64,11,21,0.50,39840.000000,0,27,0.0,0.0,0.0,0.0,0.0,0.0,0.0,1.0
71712,0,1,3400,-60,60,66,13,21,0.50,33792.000000,0,27,0.0,0.0,0.0,0.0,0.0,0.0,0.0,1.0
71961,0,1,3400,-60,60,65,7.4,22,0.50,55264.000000,0,27,0.0,186,0.0,0.0,0.0,0.0,0.0,1.0
72210,0,1,3400,-60,60,59,12,21,0.50,59744.000000,0,27,0.0,0.0,13024.000000,0,0.0,0.0,0.0,1.0
72459,0,1,3400,-60,60,64,10.0,21,0.50,51072.000000,0,27,0.0,0.0,0.0,0.0,0.0,0.0,0.0,1.0
72708,0,1,3400,-60,60,61,11,21,0.50,21632.000000,0,27,0.0,0.0,0.0,0.0,0.0,0.0,0.0,1.0
72957,0,1,3400,-60,60,58,13,22,0.70,33504.000000,4,27,0.0,0.0,0.0,0.0,0.0,0.0,0.0,1.0
73206,0,1,3400,-60,60,58,6.2,22,0.50,46944.000000,0,27,0.0,0.0,13184.000000,0,0.0,0.0,0.0,1.0
73455,0,1,3400,-60,60,57,12,22,0.51,27072.000000,0,27,0.0,0.0,0.0,0.0,0.0,0.0,0.0,1.0
73704,0,1,3400,-60,60,62,16,22,0.50,51488.000000,0,27,0.0,0.0,0.0,0.0,0.0,0.0,0.0,1.0
73953,0,1,3400,-60,60,59,8.2,21,0.50,48384.000000,0,27,0.0,0.0,0.0,0.0,0.0,0.0,0.0,1.0
74202,0,1,3400,-60,60,60,15,22,0.50,43680.000000,0,27,0.0,0.0,13024.000000,0,0.0,0.0,0.0,1.0
74451,0,1,3400,-60,60,57,12,22,0.50,36576.000000,0,27,0.0,0.0,0.0,0.0,0.0,0.0,0.0,1.0
74700,0,1,3400,-60,60,56,6.0,21,0.54,34784.000000,0,27,0.0,0.0,0.0,0.0,0.0,0.0,0.0,1.0
74949,0,1,3400,-60,60,63,11,22,0.73,52768.000000,0,27,0.0,0.0,0.0,0.0,0.0,0.0,0.0,1.0
75198,0,1,3400,-60,60,62,14,21,0.50,44384.000000,0,27,0.0,0.0,13024.000000,0,0.0,0.0,0.0,1.0
75447,0,1,3400,-60,60,62,9.1,21,0.50,51648.000000,0,27,0.0,0.0,0.0,0.0,0.0,0.0,0.0,1.0
75696,0,1,3400,-60,60,62,9.8,21,0.53,38272.000000,0,27,0.0,0.0,0.0,0.0,0.0,0.0,0.0,1.0
75945,0,1,3400,-60,60,68,12,21,0.50,30272.000000,0,27,0.0,0.0,0.0,0.0,0.0,0.0,0.0,1.0
76194,0,1,3400,-60,60,65,7.3,21,0.50,44544.000000,0,27,6.0,0.0,45344.000000,0,0.0,0.0,0.0,1.0
76443,0,1,3400,-60,60,67,9.9,21,0.50,46560.000000,0,27,8.9,0.0,0.0,0.0,0.0,0.0,0.0,1.0
76692,0,1,3400,-60,60,62,9.1,21,0.50,40736.000000,0,27,8.9,0.0,0.0,0.0,0.0,0.0,0.0,1.0
76941,0,1,3400,-60,60,66,14,21,0.50,43104.000000,0,27,9.0,0.0,0.0,0.0,0.0,0.0,0.0,1.0
77190,0,1,3400,-60,60,61,12,21,0.50,28224.000000,0,27,3.7,0.0,12768.000000,0,0.0,0.0,0.0,1.0
77439,0,1,3400,-60,60,60,16,22,0.50,27232.000000,0,27,0.0,0.0,0.0,0.0,0.0,0.0,0.0,1.0
77688,0,1,3400,-60,60,65,10,22,0.50,33440.000000,0,27,0.0,0.0,0.0,0.0,0.0,0.0,0.0,1.0
77937,0,1,3400,-60,60,61,14,21,0.57,37504.000000,0,27,0.0,186,0.0,0.0,0.0,0.0,0.0,1.0
78186,0,1,3400,-60,60,56,15,21,0.50,32000.000000,0,27,0.0,0.0,9888.000000,0,0.0,0.0,0.0,1.0
78435,0,1,3400,-60,60,60,15,21,0.54,53888.000000,0,27,0.0,0.0,0.0,0.0,0.0,0.0,0.0,1.0
78684,0,1,3400,-60,60,61,10,21,0.54,55776.000000,0,27,0.0,0.0,0.0,0.0,0.0,0.0,0.0,1.0
78933,0,1,3400,-60,60,62,17,21,0.50,48000.000000,0,27,0.0,0.0,0.0,0.0,0.0,0.0,0.0,1.0
79182,0,1,3400,-60,60,58,16,21,0.50,23168.000000,0,27,0.0,0.0,13024.000000,0,0.0,0.0,0.0,1.0
79431,0,1,3400,-60,60,62,5.6,21,0.50,27936.000000,0,27,0.0,0.0,0.0,0.0,0.0,0.0,0.0,1.0
79680,0,1,3400,-60,60,60,13,21,0.54,48512.000000,0,27,0.0,0.0,0.0,0.0,0.0,0.0,0.0,1.0
79929,0,1,3400,-60,60,64,10,21,0.50,55808.000000,0,27,0.0,0.0,0.0,0.0,0.0,0.0,0.0,1.0
80178,0,1,3400,-60,60,63,11,21,0.50,44224.000000,0,27,0.0,0.0,11456.000000,0,0.0,0.0,0.0,1.0
80427,0,1,3400,-60,60,63,4.8,21,0.50,49504.000000,0,27,0.0,0.0,0.0,0.0,0.0,0.0,0.0,1.0
80676,0,1,3400,-60,60,59,18,21,1.7,21632.000000,9,27,0.0,0.0,0.0,0.0,0.0,0.0,0.0,1.0
80925,0,1,3400,-60,60,58,16,21,0.50,12832.000000,0,27,0.0,186,0.0,0.0,0.0,0.0,0.0,1.0
81174,0,1,3400,-60,60,62,14,21,0.50,68608.000000,0,27,0.0,0.0,13184.000000,0,0.0,0.0,0.0,1.0
81423,0,1,3400,-60,60,61,16,21,0.50,32000.000000,0,27,0.0,0.0,0.0,0.0,0.0,0.0,0.0,1.0
81672,0,1,3400,-60,60,62,12,21,0.50,48800.000000,0,27,0.0,0.0,0.0,0.0,0.0,0.0,0.0,1.0
81921,0,1,3400,-60,60,61,6.6,21,0.50,66912.000000,0,27,0.0,186,0.0,0.0,0.0,0.0,0.0,1.0
82170,0,1,3400,-60,60,65,13,21,0.50,49120.000000,0,27,0.82,0.0,8480.000000,24,0.0,0.0,0.0,1.0
82419,0,1,3400,-60,60,62,6.5,21,0.50,50592.000000,0,27,0.0,0.0,0.0,0.0,0.0,0.0,0.0,1.0
82668,0,1,3400,-60,60,62,13,21,0.50,26720.000000,0,27,0.0,0.0,0.0,0.0,0.0,0.0,0.0,1.0
82917,0,1,3400,-60,60,61,12,21,0.54,49824.000000,0,27,0.0,186,0.0,0.0,0.0,0.0,0.0,1.0
83166,0,1,3400,-60,60,60,17,21,0.50,32064.000000,0,27,0.064,0.0,8320.000000,0,0.0,0.0,0.0,1.0
83415,0,1,3400,-60,60,66,14,21,0.52,59072.000000,0,27,0.0,0.0,0.0,0.0,0.0,0.0,0.0,1.0
83664,0,1,3400,-60,60,64,14,21,0.61,32896.000000,0,27,0.0,0.0,0.0,0.0,0.0,0.0,0.0,1.0
83913,0,1,3400,-60,60,57,16,21,0.50,42880.000000,0,27,0.0,0.0,0.0,0.0,0.0,0.0,0.0,1.0
84162,0,1,3400,-60,60,58,8.3,21,0.50,56736.000000,0,27,7.0,0.0,0.0,80,0.0,0.0,0.0,1.0
84411,0,1,3400,-60,60,64,11,21,0.50,39296.000000,0,27,7.5,0.0,0.0,0.0,0.0,0.0,0.0,1.0
84660,0,1,3400,-60,60,68,14,21,0.50,34432.000000,0,27,7.5,0.0,0.0,0.0,0.0,0.0,0.0,1.0
84909,0,1,3400,-60,60,66,10,21,0.50,44032.000000,0,27,7.5,0.0,0.0,0.0,0.0,0.0,0.0,1.0
85158,0,1,3400,-60,60,63,11,21,0.50,44480.000000,0,27,6.6,0.0,19584.000000,33,0.0,0.0,0.0,1.0
85407,0,1,3400,-60,60,60,11,21,0.50,44480.000000,0,27,7.0,0.0,0.0,0.0,0.0,0.0,0.0,1.0
85656,0,1,3400,-60,60,64,9.2,21,0.50,17152.000000,0,27,7.0,0.0,0.0,0.0,0.0,0.0,0.0,1.0
85905,0,1,3400,-60,60,62,12,21,0.50,43264.000000,0,27,7.0,0.0,0.0,0.0,0.0,0.0,0.0,1.0
86154,0,1,3400,-60,60,63,11,21,0.57,77504.000000,2,27,1.9,0.0,13024.000000,0,0.0,0.0,0.0,1.0
86403,0,1,3400,-60,60,58,11,21,0.50,42848.000000,0,27,0.0,0.0,0.0,0.0,0.0,0.0,0.0,1.0
86652,0,1,3400,-60,60,59,9.6,21,0.52,44928.000000,0,27,0.0,0.0,0.0,0.0,0.0,0.0,0.0,1.0
86901,0,1,3400,-60,60,60,13,21,0.53,64960.000000,0,27,0.0,186,0.0,0.0,0.0,0.0,0.0,1.0
87150,0,1,3400,-60,60,66,13,21,0.50,59104.000000,0,27,0.0,0.0,14752.000000,0,0.0,0.0,0.0,1.0
87399,0,1,3400,-60,60,65,15,21,0.50,33216.000000,0,27,0.0,0.0,0.0,0.0,0.0,0.0,0.0,1.0
87648,0,1,3400,-60,60,58,16,21,0.50,37632.000000,0,27,0.0,0.0,0.0,0.0,0.0,0.0,0.0,1.0
87897,0,1,3400,-60,60,63,12,21,0.92,44640.000000,4,27,0.0,186,0.0,0.0,0.0,0.0,0.0,1.0
88146,0,1,3400,-60,60,62,12,21,0.86,44928.000000,0,27,0.0,0.0,13184.000000,0,0.0,0.0,0.0,1.0
88395,0,1,3400,-60,60,60,14,21,1.0,30752.000000,8,27,0.0,0.0,0.0,0.0,0.0,0.0,0.0,1.0
88644,0,1,3400,-60,60,66,13,21,0.50,28800.000000,0,27,0.0,0.0,0.0,0.0,0.0,0.0,0.0,1.0
88893,0,1,3400,-60,60,65,15,21,0.50,48800.000000,0,27,0.0,186,0.0,0.0,0.0,0.0,0.0,1.0
89142,0,1,3400,-60,60,59,11,21,0.50,39968.000000,0,27,5.2,0.0,46272.000000,0,0.0,0.0,0.0,1.0
89391,0,1,3400,-60,60,58,13,21,0.50,33696.000000,0,27,6.0,0.0,0.0,0.0,0.0,0.0,0.0,1.0
89640,0,1,3400,-60,60,68,13,21,0.50,48832.000000,0,27,6.0,0.0,0.0,0.0,0.0,0.0,0.0,1.0
89889,0,1,3400,-60,60,68,8.2,21,0.77,22112.000000,0,27,6.0,0.0,0.0,0.0,0.0,0.0,0.0,1.0
90138,0,1,3400,-60,60,67,9.8,21,0.50,27360.000000,0,27,3.4,0.0,16288.000000,0,0.0,0.0,0.0,1.0
90387,0,1,3400,-60,60,61,7.6,21,0.50,52096.000000,0,27,0.0,0.0,0.0,0.0,0.0,0.0,0.0,1.0
90636,0,1,3400,-60,60,68,12,21,0.50,37728.000000,0,27,0.0,0.0,0.0,0.0,0.0,0.0,0.0,1.0
90885,0,1,3400,-60,60,67,8.3,21,0.50,38624.000000,0,27,0.0,0.0,0.0,0.0,0.0,0.0,0.0,1.0
91134,0,1,3400,-60,60,64,16,21,0.50,43520.000000,0,27,0.0,0.0,13024.000000,0,0.0,0.0,0.0,1.0
91383,0,1,3400,-60,60,62,14,21,0.50,59328.000000,0,27,0.0,0.0,0.0,0.0,0.0,0.0,0.0,1.0
91632,0,1,3400,-60,60,66,15,21,0.56,37472.000000,0,27,0.0,0.0,0.0,0.0,0.0,0.0,0.0,1.0
91881,0,1,3400,-60,60,65,13,21,0.50,44576.000000,0,27,0.0,186,0.0,0.0,0.0,0.0,0.0,1.0
92130,0,1,3400,-60,60,64,15,21,0.50,27488.000000,0,27,0.14,0.0,13472.000000,0,0.0,0.0,0.0,1.0
92379,0,1,3400,-60,60,66,6.4,21,0.61,28288.000000,0,27,0.0,0.0,0.0,0.0,0.0,0.0,0.0,1.0
92628,0,1,3400,-60,60,66,5.9,21,0.50,23296.000000,0,27,0.0,0.0,0.0,0.0,0.0,0.0,0.0,1.0
92877,0,1,3400,-60,60,65,14,21,0.50,42976.000000,0,27,0.0,0.0,0.0,0.0,0.0,0.0,0.0,1.0
93126,0,1,3400,-60,60,68,18,21,0.50,31936.000000,0,27,0.18,0.0,16288.000000,0,0.0,0.0,0.0,1.0
93375,0,1,3400,-60,60,66,17,21,0.52,53440.000000,0,27,0.0,0.0,0.0,0.0,0.0,0.0,0.0,1.0
93624,0,1,3400,-60,60,59,12,21,0.53,34656.000000,0,27,0.0,0.0,0.0,0.0,0.0,0.0,0.0,1.0
93873,0,1,3400,-60,60,62,10,21,0.50,53216.000000,0,27,0.0,186,0.0,0.0,0.0,0.0,0.0,1.0
94122,0,1,3400,-60,60,66,11,21,0.50,21888.000000,0,27,0.0,0.0,13024.000000,0,0.0,0.0,0.0,1.0
94371,0,1,3400,-60,60,67,12,21,0.50,32288.000000,0,27,0.0,0.0,0.0,0.0,0.0,0.0,0.0,1.0
94620,0,1,3400,-60,60,56,12,21,0.50,55808.000000,0,27,0.0,0.0,0.0,0.0,0.0,0.0,0.0,1.0
94869,0,1,3400,-60,60,57,8.1,21,0.50,51456.000000,0,27,0.0,186,0.0,0.0,0.0,0.0,0.0,1.0
95118,0,1,3400,-60,60,62,9.5,21,0.50,42624.000000,0,27,0.0,0.0,13024.000000,0,0.0,0.0,0.0,1.0
95367,0,1,3400,-60,60,67,14,21,0.50,53952.000000,0,27,0.0,0.0,0.0,0.0,0.0,0.0,0.0,1.0
95616,0,1,3400,-60,60,65,15,21,0.51,58720.000000,0,27,0.0,0.0,0.0,0.0,0.0,0.0,0.0,1.0
95865,0,1,3400,-60,60,67,10,21,0.51,33856.000000,0,27,0.0,0.0,0.0,0.0,0.0,0.0,0.0,1.0
96114,0,1,3400,-60,60,61,9.1,21,0.50,39392.000000,0,27,3.1,0.0,26592.000000,0,0.0,0.0,0.0,1.0
96363,0,1,3400,-60,60,62,14,21,0.61,52256.000000,0,27,4.4,0.0,0.0,0.0,0.0,0.0,0.0,1.0
96612,0,1,3400,-60,60,66,14,21,0.93,54528.000000,3,27,4.4,0.0,0.0,0.0,0.0,0.0,0.0,1.0
96861,0,1,3400,-60,60,68,14,21,0.53,80256.000000,0,27,4.4,186,0.0,0.0,0.0,0.0,0.0,1.0
97110,0,1,3400,-60,60,60,9.4,21,0.50,39520.000000,0,27,5.8,0.0,0.0,80,0.0,0.0,0.0,1.0
97359,0,1,3400,-60,60,65,13,21,0.50,53760.000000,0,27,5.9,0.0,0.0,0.0,0.0,0.0,0.0,1.0
97608,0,1,3400,-60,60,67,7.8,21,0.50,28352.000000,0,27,6.0,0.0,0.0,0.0,0.0,0.0,0.0,1.0
97857,0,1,3400,-60,60,60,7.1,21,0.50,27232.000000,0,27,5.9,186,0.0,0.0,0.0,0.0,0.0,1.0
98106,0,1,3400,-60,60,57,7.3,21,0.50,28704.000000,0,27,0.43,0.0,13024.000000,0,0.0,0.0,0.0,1.0
98355,0,1,3400,-60,60,62,15,21,0.53,32224.000000,0,27,0.0,0.0,0.0,0.0,0.0,0.0,0.0,1.0
98604,0,1,3400,-60,60,63,13,21,0.50,44128.000000,0,27,0.0,0.0,0.0,0.0,0.0,0.0,0.0,1.0
98853,0,1,3400,-60,60,64,7.6,21,0.50,44320.000000,0,27,0.0,0.0,1568.000000,0,0.0,0.0,0.0,1.0
99102,0,1,3400,-60,60,60,12,21,0.50,53824.000000,0,27,0.0,0.0,13184.000000,0,0.0,0.0,0.0,1.0
99351,0,1,3400,-60,60,66,12,21,0.50,56640.000000,0,27,0.0,0.0,0.0,0.0,0.0,0.0,0.0,1.0
99600,0,1,3400,-60,60,65,9.3,21,0.50,35264.000000,0,27,0.0,0.0,0.0,0.0,0.0,0.0,0.0,1.0
99849,0,1,3400,-60,60,69,12,21,0.50,21600.000000,0,27,0.0,0.0,0.0,0.0,0.0,0.0,0.0,1.0
100098,0,1,3400,-60,60,69,13,21,0.57,48288.000000,0,27,0.0,0.0,16160.000000,0,0.0,0.0,0.0,1.0
100347,0,1,3400,-60,60,66,15,21,1.1,33952.000000,3,27,0.0,0.0,0.0,0.0,0.0,0.0,0.0,1.0
100596,0,1,3400,-60,60,60,10,21,0.50,46304.000000,0,27,0.0,0.0,0.0,0.0,0.0,0.0,0.0,1.0
100845,0,1,3400,-60,60,59,12,21,0.50,32320.000000,0,27,0.0,186,0.0,0.0,0.0,0.0,0.0,1.0
101094,0,1,3400,-60,60,63,11,21,0.50,38912.000000,0,27,0.0,0.0,13184.000000,0,0.0,0.0,0.0,1.0
101343,0,1,3400,-60,60,65,13,21,0.50,50016.000000,0,27,0.0,0.0,0.0,0.0,0.0,0.0,0.0,1.0
101592,0,1,3400,-60,60,65,15,21,0.63,32384.000000,0,27,0.0,0.0,0.0,0.0,0.0,0.0,0.0,1.0
101841,0,1,3400,-60,60,65,11,21,0.50,50272.000000,0,27,0.0,186,0.0,0.0,0.0,0.0,0.0,1.0
102090,0,1,3400,-60,60,60,13,21,0.50,10688.000000,0,27,0.0,0.0,13024.000000,0,0.0,0.0,0.0,1.0
102339,0,1,3400,-60,60,65,13,21,0.60,28000.000000,0,27,0.0,0.0,0.0,0.0,0.0,0.0,0.0,1.0
102588,0,1,3400,-60,60,63,15,21,0.50,43488.000000,0,27,0.0,0.0,0.0,0.0,0.0,0.0,0.0,1.0
102837,0,1,3400,-60,60,65,9.5,21,0.50,24352.000000,0,27,0.0,0.0,0.0,0.0,0.0,0.0,0.0,1.0
103086,0,1,3400,-60,60,64,9.2,21,0.50,28384.000000,0,27,5.0,0.0,85856.000000,0,0.0,0.0,0.0,1.0
103335,0,1,3400,-60,60,66,12,21,0.83,16704.000000,8,27,7.0,0.0,0.0,0.0,0.0,0.0,0.0,1.0
103584,0,1,3400,-60,60,65,12,21,0.68,22304.000000,0,27,7.0,0.0,0.0,0.0,0.0,0.0,0.0,1.0
103833,0,1,3400,-60,60,62,14,21,0.50,44064.000000,0,27,6.9,0.0,0.0,0.0,0.0,0.0,0.0,1.0
104082,0,1,3400,-60,60,61,10,21,0.50,32864.000000,0,27,12,0.0,0.0,80,0.0,0.0,0.0,1.0
104331,0,1,3400,-60,60,65,16,21,0.56,23776.000000,0,27,14,0.0,0.0,0.0,0.0,0.0,0.0,1.0
104580,0,1,3400,-60,60,60,11,21,0.50,52032.000000,0,27,14,0.0,0.0,0.0,0.0,0.0,0.0,1.0
104829,0,1,3400,-60,60,65,13,21,0.57,53824.000000,0,27,14,0.0,0.0,0.0,0.0,0.0,0.0,1.0
105078,0,1,3400,-60,60,64,13,21,0.53,54496.000000,0,27,4.2,0.0,19040.000000,0,0.0,0.0,0.0,1.0
105327,0,1,3400,-60,60,61,12,21,0.59,34336.000000,0,27,1.00,0.0,0.0,0.0,0.0,0.0,0.0,1.0
105576,0,1,3400,-60,60,61,5.4,21,0.50,43040.000000,0,27,1.0,0.0,0.0,0.0,0.0,0.0,0.0,1.0
105825,0,1,3400,-60,60,62,6.5,21,0.50,35744.000000,0,27,1.0,0.0,0.0,0.0,0.0,0.0,0.0,1.0
106074,0,1,3400,-60,60,64,12,21,0.50,54080.000000,0,27,0.27,0.0,11456.000000,0,0.0,0.0,0.0,1.0
106323,0,1,3400,-60,60,68,16,21,0.50,31968.000000,0,27,0.0,0.0,0.0,0.0,0.0,0.0,0.0,1.0
106572,0,1,3400,-60,60,65,10,21,0.57,30048.000000,3,27,0.0,0.0,0.0,0.0,0.0,0.0,0.0,1.0
106821,0,1,3400,-60,60,59,13,21,1.9,29920.000000,3,27,0.0,186,0.0,0.0,0.0,0.0,0.0,1.0
107070,0,1,3400,-60,60,60,15,21,0.50,21536.000000,0,27,5.2,0.0,56512.000000,0,0.0,0.0,0.0,1.0
107319,0,1,3400,-60,60,64,8.6,21,0.50,50080.000000,0,27,6.0,0.0,0.0,0.0,0.0,0.0,0.0,1.0
107568,0,1,3400,-60,60,68,13,21,0.56,72256.000000,0,27,6.0,0.0,0.0,0.0,0.0,0.0,0.0,1.0
107817,0,1,3400,-60,60,66,14,21,0.50,48800.000000,0,27,6.0,186,0.0,0.0,0.0,0.0,0.0,1.0
108066,0,1,3400,-60,60,61,13,21,0.60,69248.000000,3,27,13,0.0,0.0,80,0.0,0.0,0.0,1.0
108315,0,1,3400,-60,60,60,13,21,0.50,48320.000000,0,27,13,0.0,0.0,0.0,0.0,0.0,0.0,1.0
108564,0,1,3400,-60,60,60,9.0,21,0.55,21824.000000,0,27,14,0.0,0.0,0.0,0.0,0.0,0.0,1.0
108813,0,1,3400,-60,60,60,13,21,0.50,65376.000000,0,27,14,186,0.0,0.0,0.0,0.0,0.0,1.0
109062,0,1,3400,-60,60,59,14,21,0.51,72768.000000,0,27,1.2,0.0,11360.000000,0,0.0,0.0,0.0,1.0
109311,0,1,3400,-60,60,60,12,21,0.50,48992.000000,0,27,0.0,0.0,0.0,0.0,0.0,0.0,0.0,1.0
109560,0,1,3400,-60,60,59,8.0,21,0.50,58816.000000,0,27,0.0,0.0,0.0,0.0,0.0,0.0,0.0,1.0
109809,0,1,3400,-60,60,58,9.6,21,0.50,37824.000000,0,27,0.0,186,0.0,0.0,0.0,0.0,0.0,1.0
110058,0,1,3400,-60,60,51,12,21,0.50,54976.000000,0,27,0.0,0.0,13024.000000,0,0.0,0.0,0.0,1.0
110307,0,1,3400,-60,60,58,12,21,0.51,37984.000000,0,27,0.0,0.0,0.0,0.0,0.0,0.0,0.0,1.0
110556,0,1,3400,-60,60,63,12,21,0.52,43104.000000,0,27,0.0,0.0,0.0,0.0,0.0,0.0,0.0,1.0
110805,0,1,3400,-60,60,72,17,21,0.50,54944.000000,0,27,0.0,0.0,0.0,0.0,0.0,0.0,0.0,1.0
111054,0,1,3400,-60,60,64,13,21,0.52,63104.000000,0,27,0.0,0.0,13024.000000,0,0.0,0.0,0.0,1.0
111303,0,1,3400,-60,60,67,15,21,0.50,21728.000000,0,27,0.0,0.0,0.0,0.0,0.0,0.0,0.0,1.0
111552,0,1,3400,-60,60,66,11,21,0.55,46816.000000,0,27,0.0,0.0,0.0,0.0,0.0,0.0,0.0,1.0
111801,0,1,3400,-60,60,69,13,21,0.50,51040.000000,0,27,0.0,186,0.0,0.0,0.0,0.0,0.0,1.0
112050,0,1,3400,-60,60,66,14,21,0.53,49760.000000,0,27,0.0,0.0,9888.000000,0,0.0,0.0,0.0,1.0
112299,0,1,3400,-60,60,62,8.9,21,0.52,58496.000000,0,27,0.0,0.0,0.0,0.0,0.0,0.0,0.0,1.0
112548,0,1,3400,-60,60,63,13,21,0.57,32672.000000,0,27,0.0,0.0,0.0,0.0,0.0,0.0,0.0,1.0
112797,0,1,3400,-60,60,62,8.0,21,0.50,62752.000000,0,27,0.0,186,0.0,0.0,0.0,0.0,0.0,1.0
113046,0,1,3400,-60,60,63,12,21,0.50,60736.000000,0,27,0.0,0.0,11456.000000,0,0.0,0.0,0.0,1.0
113295,0,1,3400,-60,60,66,16,21,0.50,32736.000000,0,27,0.0,0.0,0.0,0.0,0.0,0.0,0.0,1.0
113544,0,1,3400,-60,60,64,9.5,21,0.53,52896.000000,0,27,0.0,0.0,0.0,0.0,0.0,0.0,0.0,1.0
113793,0,1,3400,-60,60,61,9.4,21,0.50,28128.000000,0,27,0.0,0.0,0.0,0.0,0.0,0.0,0.0,1.0
114042,0,1,3400,-60,60,60,13,21,0.53,43680.000000,0,27,0.0,0.0,13184.000000,0,0.0,0.0,0.0,1.0
114291,0,1,3400,-60,60,63,16,21,0.50,10624.000000,0,27,0.0,0.0,0.0,0.0,0.0,0.0,0.0,1.0
114540,0,1,3400,-60,60,63,12,21,0.75,59808.000000,3,27,0.0,0.0,0.0,0.0,0.0,0.0,0.0,1.0
114789,0,1,3400,-60,60,62,12,21,0.50,37824.000000,0,27,0.0,186,0.0,0.0,0.0,0.0,0.0,1.0
115038,0,1,3400,-60,60,60,12,21,0.50,55616.000000,0,27,4.0,0.0,41152.000000,0,0.0,0.0,0.0,1.0
115287,0,1,3400,-60,60,61,14,21,0.55,44096.000000,0,27,4.5,0.0,0.0,0.0,0.0,0.0,0.0,1.0
115536,0,1,3400,-60,60,65,10.0,21,0.50,44480.000000,0,27,4.5,0.0,0.0,0.0,0.0,0.0,0.0,1.0
115785,0,1,3400,-60,60,59,11,21,0.50,65696.000000,0,27,4.5,0.0,0.0,0.0,0.0,0.0,0.0,1.0
116034,0,1,3400,-60,60,58,11,21,0.50,29728.000000,0,27,5.6,0.0,18368.000000,0,0.0,0.0,0.0,1.0
116283,0,1,3400,-60,60,63,16,21,0.52,32000.000000,0,27,6.0,0.0,0.0,0.0,0.0,0.0,0.0,1.0
116532,0,1,3400,-60,60,64,7.5,21,0.50,68672.000000,0,27,6.0,0.0,0.0,0.0,0.0,0.0,0.0,1.0
116781,0,1,3400,-60,60,66,9.9,21,0.50,34272.000000,0,27,6.0,0.0,0.0,0.0,0.0,0.0,0.0,1.0
117030,0,1,3400,-60,60,68,13,21,0.50,48672.000000,0,27,11,0.0,0.0,80,0.0,0.0,0.0,1.0
117279,0,1,3400,-60,60,69,11,21,0.50,27104.000000,0,27,12,0.0,0.0,0.0,0.0,0.0,0.0,1.0
117528,0,1,3400,-60,60,64,12,21,0.50,27104.000000,0,27,12,0.0,0.0,0.0,0.0,0.0,0.0,1.0
117777,0,1,3400,-60,60,62,18,21,0.50,21248.000000,0,27,12,0.0,0.0,0.0,0.0,0.0,0.0,1.0
118026,0,1,3400,-60,60,63,14,21,0.50,27072.000000,0,27,4.9,0.0,13024.000000,0,0.0,0.0,0.0,1.0
118275,0,1,3400,-60,60,60,9.9,21,0.50,23424.000000,0,27,0.0,0.0,0.0,0.0,0.0,0.0,0.0,1.0
118524,0,1,3400,-60,60,59,6.5,21,0.50,46368.000000,0,27,0.0,0.0,0.0,0.0,0.0,0.0,0.0,1.0
118773,0,1,3400,-60,60,61,17,21,0.51,32160.000000,7,27,0.0,0.0,0.0,0.0,0.0,0.0,0.0,1.0
119022,0,1,3400,-60,60,64,18,21,0.50,21568.000000,0,27,0.52,0.0,14432.000000,0,0.0,0.0,0.0,1.0
119271,0,1,3400,-60,60,67,12,21,0.50,59392.000000,0,27,1.0,0.0,0.0,0.0,0.0,0.0,0.0,1.0
119520,0,1,3400,-60,60,68,11,21,0.50,45920.000000,0,27,1.0,0.0,0.0,0.0,0.0,0.0,0.0,1.0
119769,0,1,3400,-60,60,65,7.8,21,0.50,63872.000000,0,27,1.0,186,0.0,0.0,0.0,0.0,0.0,1.0
120018,0,1,3400,-60,60,65,15,21,0.50,21600.000000,0,27,0.11,0.0,13024.000000,0,0.0,0.0,0.0,1.0
120267,0,1,3400,-60,60,63,11,21,0.50,32928.000000,0,27,0.0,0.0,0.0,0.0,0.0,0.0,0.0,1.0
120516,0,1,3400,-60,60,64,13,21,0.50,66848.000000,0,27,0.0,0.0,0.0,0.0,0.0,0.0,0.0,1.0
120765,0,1,3400,-60,60,67,15,21,0.53,28640.000000,0,27,0.0,0.0,0.0,0.0,0.0,0.0,0.0,1.0
121014,0,1,3400,-60,60,67,8.4,21,0.50,50208.000000,0,27,3.0,0.0,25792.000000,0,0.0,0.0,0.0,1.0
121263,0,1,3400,-60,60,60,14,21,0.51,48352.000000,0,27,3.5,0.0,0.0,0.0,0.0,0.0,0.0,1.0
121512,0,1,3400,-60,60,59,12,21,0.50,55104.000000,0,27,3.5,0.0,0.0,0.0,0.0,0.0,0.0,1.0
121761,0,1,3400,-60,60,58,11,21,0.50,38048.000000,0,27,3.5,0.0,0.0,0.0,0.0,0.0,0.0,1.0
122010,0,1,3400,-60,60,63,13,21,0.57,42464.000000,0,27,0.36,0.0,13024.000000,0,0.0,0.0,0.0,1.0
122259,0,1,3400,-60,60,60,11,21,0.50,39712.000000,0,27,0.0,0.0,0.0,0.0,0.0,0.0,0.0,1.0
122508,0,1,3400,-60,60,63,15,21,0.50,58624.000000,0,27,0.0,0.0,0.0,0.0,0.0,0.0,0.0,1.0
122757,0,1,3400,-60,60,66,7.5,21,0.50,16416.000000,0,27,0.0,0.0,0.0,0.0,0.0,0.0,0.0,1.0
123006,0,1,3400,-60,60,66,12,21,0.50,54400.000000,0,27,0.0,0.0,13024.000000,0,0.0,0.0,0.0,1.0
123255,0,1,3400,-60,60,66,13,21,0.50,32512.000000,0,27,0.0,0.0,0.0,0.0,0.0,0.0,0.0,1.0
123504,0,1,3400,-60,60,61,13,21,0.50,12256.000000,0,27,0.0,0.0,0.0,0.0,0.0,0.0,0.0,1.0
123753,0,1,3400,-60,60,61,6.9,21,0.50,12288.000000,0,27,0.0,0.0,0.0,0.0,0.0,0.0,0.0,1.0
124002,0,1,3400,-60,60,63,16,21,0.51,90464.000000,0,27,0.0,0.0,13184.000000,0,0.0,0.0,0.0,1.0
124251,0,1,3400,-60,60,66,11,21,0.55,32576.000000,0,27,0.0,0.0,0.0,0.0,0.0,0.0,0.0,1.0
124500,0,1,3400,-60,60,63,12,21,0.50,22368.000000,0,27,0.0,0.0,0.0,0.0,0.0,0.0,0.0,1.0
124749,0,1,3400,-60,60,64,12,21,0.50,32192.000000,0,27,0.0,186,0.0,0.0,0.0,0.0,0.0,1.0
124998,0,1,3400,-60,60,65,11,21,0.50,44448.000000,0,27,0.0,0.0,11456.000000,0,0.0,0.0,0.0,1.0
125247,0,1,3400,-60,60,65,15,21,0.50,21248.000000,0,27,0.0,0.0,0.0,0.0,0.0,0.0,0.0,1.0
125496,0,1,3400,-60,60,63,12,21,0.50,27808.000000,0,27,0.0,0.0,0.0,0.0,0.0,0.0,0.0,1.0
125745,0,1,3400,-60,60,68,15,21,0.52,38112.000000,0,27,0.0,186,0.0,0.0,0.0,0.0,0.0,1.0
125994,0,1,3400,-60,60,67,14,21,0.50,21728.000000,0,27,0.0,0.0,13184.000000,0,0.0,0.0,0.0,1.0
126243,0,1,3400,-60,60,62,14,21,0.50,60160.000000,0,27,0.0,0.0,0.0,0.0,0.0,0.0,0.0,1.0
126492,0,1,3400,-60,60,58,16,21,0.63,42688.000000,0,27,0.0,0.0,0.0,0.0,0.0,0.0,0.0,1.0
126741,0,1,3400,-60,60,61,11,21,0.51,38240.000000,0,27,0.0,0.0,0.0,0.0,0.0,0.0,0.0,1.0
126990,0,1,3400,-60,60,65,13,21,0.50,60032.000000,0,27,0.0,0.0,13024.000000,0,0.0,0.0,0.0,1.0
127239,0,1,3400,-60,60,68,11,21,0.50,61248.000000,0,27,0.0,0.0,0.0,0.0,0.0,0.0,0.0,1.0
127488,0,1,3400,-60,60,66,7.2,21,0.51,57248.000000,0,27,0.0,0.0,0.0,0.0,0.0,0.0,0.0,1.0
127737,0,1,3400,-60,60,70,16,21,0.60,40544.000000,0,27,0.0,186,0.0,0.0,0.0,0.0,0.0,1.0
127986,0,1,3400,-60,60,68,13,21,0.50,36832.000000,0,27,0.0,0.0,14592.000000,0,0.0,0.0,0.0,1.0
128235,0,1,3400,-60,60,61,17,21,0.50,27072.000000,0,27,0.0,0.0,0.0,0.0,0.0,0.0,0.0,1.0
128484,0,1,3400,-60,60,62,11,21,0.50,35488.000000,0,27,0.0,0.0,0.0,0.0,0.0,0.0,0.0,1.0
128733,0,1,3400,-60,60,62,14,20,0.50,32928.000000,0,27,0.0,0.0,0.0,0.0,0.0,0.0,0.0,1.0
128982,0,1,3400,-60,60,63,13,21,0.50,55872.000000,0,27,0.16,0.0,20128.000000,0,0.0,0.0,0.0,1.0
129231,0,1,3400,-60,60,68,13,21,0.50,62848.000000,0,27,0.0,0.0,0.0,0.0,0.0,0.0,0.0,1.0
129480,0,1,3400,-60,60,69,15,21,0.60,55008.000000,0,27,0.0,0.0,0.0,0.0,0.0,0.0,0.0,1.0
129729,0,1,3400,-60,60,69,13,21,0.50,36064.000000,0,27,0.0,0.0,0.0,0.0,0.0,0.0,0.0,1.0
129978,0,1,3400,-60,60,66,11,21,0.64,63360.000000,2,27,0.0,0.0,13024.000000,0,0.0,0.0,0.0,1.0
130227,0,1,3400,-60,60,68,11,21,0.50,61568.000000,0,27,0.0,0.0,0.0,0.0,0.0,0.0,0.0,1.0
130476,0,1,3400,-60,60,65,12,21,0.50,27520.000000,0,27,0.0,0.0,0.0,0.0,0.0,0.0,0.0,1.0
130725,0,1,3400,-60,60,61,5.5,21,0.50,38912.000000,0,27,0.0,186,0.0,0.0,0.0,0.0,0.0,1.0
130974,0,1,3400,-60,60,61,12,21,0.50,43328.000000,0,27,0.0,0.0,16320.000000,0,0.0,0.0,0.0,1.0
131223,0,1,3400,-60,60,60,14,21,0.91,36192.000000,7,27,0.0,0.0,0.0,0.0,0.0,0.0,0.0,1.0
131472,0,1,3400,-60,60,62,11,21,0.50,50816.000000,0,27,0.0,0.0,0.0,0.0,0.0,0.0,0.0,1.0
131721,0,1,3400,-60,60,63,11,21,0.50,53600.000000,0,27,0.0,186,0.0,0.0,0.0,0.0,0.0,1.0
131970,0,1,3400,-60,60,66,8.6,21,0.50,29504.000000,0,27,0.0,0.0,13184.000000,0,0.0,0.0,0.0,1.0
132219,0,1,3400,-60,60,66,15,21,0.52,26816.000000,0,27,0.0,0.0,0.0,0.0,0.0,0.0,0.0,1.0
132468,0,1,3400,-60,60,68,10,20,0.50,61248.000000,0,27,0.0,0.0,0.0,0.0,0.0,0.0,0.0,1.0
132717,0,1,3400,-60,60,63,12,20,0.50,44416.000000,0,27,0.0,186,0.0,0.0,0.0,0.0,0.0,1.0
132966,0,1,3400,-60,60,66,15,21,0.50,48896.000000,0,27,0.0,0.0,11456.000000,0,0.0,0.0,0.0,1.0
133215,0,1,3400,-60,60,65,13,21,0.50,44000.000000,0,27,0.0,0.0,0.0,0.0,0.0,0.0,0.0,1.0
133464,0,1,3400,-60,60,63,14,21,0.50,32448.000000,0,27,0.0,0.0,0.0,0.0,0.0,0.0,0.0,1.0
133713,0,1,3400,-60,60,62,5.9,21,0.50,18176.000000,0,27,0.0,0.0,0.0,0.0,0.0,0.0,0.0,1.0
133962,0,1,3400,-60,60,62,8.3,21,0.50,39744.000000,0,27,0.0,0.0,13024.000000,0,0.0,0.0,0.0,1.0
134211,0,1,3400,-60,60,62,8.2,21,0.82,54432.000000,2,27,0.0,0.0,0.0,0.0,0.0,0.0,0.0,1.0
134460,0,1,3400,-60,60,66,9.9,21,0.50,34368.000000,0,27,0.0,0.0,0.0,0.0,0.0,0.0,0.0,1.0
134709,0,1,3400,-60,60,64,6.0,21,0.50,16928.000000,0,27,0.0,0.0,0.0,0.0,0.0,0.0,0.0,1.0
134958,0,1,3400,-60,60,64,8.5,21,0.50,46720.000000,0,27,0.0,0.0,14592.000000,0,0.0,0.0,0.0,1.0
135207,0,1,3400,-60,60,66,13,21,0.52,51072.000000,0,27,0.0,0.0,0.0,0.0,0.0,0.0,0.0,1.0
135456,0,1,3400,-60,60,62,12,21,0.50,43136.000000,0,27,0.0,0.0,0.0,0.0,0.0,0.0,0.0,1.0
135705,0,1,3400,-60,60,61,12,21,0.50,16224.000000,0,27,0.0,0.0,0.0,0.0,0.0,0.0,0.0,1.0
135954,0,1,3400,-60,60,62,10,21,0.50,34144.000000,0,27,3.2,0.0,22656.000000,47,0.0,0.0,0.0,1.0
136203,0,1,3400,-60,60,64,9.3,25,0.50,39456.000000,0,27,6.0,0.0,0.0,0.0,0.0,0.0,0.0,1.0
136452,0,1,3400,-60,60,65,16,25,0.50,58592.000000,0,27,6.0,0.0,0.0,0.0,0.0,0.0,0.0,1.0
136701,0,1,3400,-60,60,67,17,25,0.54,63936.000000,0,27,6.0,0.0,0.0,0.0,0.0,0.0,0.0,1.0
136950,0,1,3400,-60,60,67,11,25,0.50,39296.000000,0,27,2.3,0.0,16640.000000,0,0.0,0.0,0.0,1.0
137199,0,1,3400,-60,60,58,13,25,0.50,48576.000000,0,27,0.99,0.0,0.0,0.0,0.0,0.0,0.0,1.0
137448,0,1,3400,-60,60,63,15,25,0.50,48640.000000,0,27,0.98,0.0,0.0,0.0,0.0,0.0,0.0,1.0
137697,0,1,3400,-60,60,70,15,25,0.50,49888.000000,0,27,1.00,186,0.0,0.0,0.0,0.0,0.0,1.0
137946,0,1,3400,-60,60,71,15,25,0.50,31968.000000,0,27,0.072,0.0,13024.000000,0,0.0,0.0,0.0,1.0
138195,0,1,3400,-60,60,68,18,25,0.50,48160.000000,0,27,0.0,0.0,0.0,0.0,0.0,0.0,0.0,1.0
138444,0,1,3400,-60,60,66,19,25,0.50,37600.000000,0,27,0.0,0.0,0.0,0.0,0.0,0.0,0.0,1.0
138693,0,1,3400,-60,60,67,16,25,0.55,37440.000000,0,27,0.0,186,0.0,0.0,0.0,0.0,0.0,1.0
138942,0,1,3400,-60,60,71,13,25,0.50,31840.000000,0,27,0.0,0.0,11456.000000,0,0.0,0.0,0.0,1.0
139191,0,1,3400,-60,60,66,14,25,0.50,51872.000000,0,27,0.0,0.0,0.0,0.0,0.0,0.0,0.0,1.0
139440,0,1,3400,-60,60,65,16,25,0.53,20192.000000,12,27,0.0,0.0,0.0,0.0,0.0,0.0,0.0,1.0
139689,0,1,3400,-60,60,64,12,25,0.50,37056.000000,0,27,0.0,0.0,0.0,0.0,0.0,0.0,0.0,1.0
139938,0,1,3400,-60,60,62,12,25,0.50,47552.000000,0,27,0.0,0.0,13024.000000,0,0.0,0.0,0.0,1.0
140187,0,1,3400,-60,60,63,16,25,0.50,37504.000000,0,27,7.8,0.0,480,0,0.0,0.0,0.0,1.0
140436,0,1,3400,-60,60,59,15,25,0.60,60192.000000,3,27,16,0.0,0.0,0.0,0.0,0.0,0.0,1.0
140685,0,1,3400,-60,60,64,16,25,0.50,37440.000000,0,27,15,0.0,0.0,0.0,0.0,0.0,0.0,1.0
140934,0,1,3400,-60,60,64,13,25,1.5,14688.000000,20,27,1.6,0.0,12544.000000,19,0.0,0.0,0.0,1.0
141183,0,1,3400,-60,60,65,9.9,25,0.99,47616.000000,0,27,0.0,0.0,0.0,0.0,0.0,0.0,0.0,1.0
141432,0,1,3400,-60,60,62,11,25,0.50,36000.000000,0,27,0.0,0.0,0.0,0.0,0.0,0.0,0.0,1.0
141681,0,1,3400,-60,60,65,16,25,0.50,26528.000000,0,27,4.2,0.0,0.0,80,0.0,0.0,0.0,1.0
141930,0,1,3400,-60,60,65,15,25,0.50,10560.000000,0,27,4.1,0.0,13024.000000,0,0.0,0.0,0.0,1.0
142179,0,1,3400,-60,60,67,17,25,1.1,53600.000000,5,27,0.0,0.0,0.0,0.0,0.0,0.0,0.0,1.0
142428,0,1,3400,-60,60,68,17,25,0.50,37376.000000,0,27,0.0,0.0,0.0,0.0,0.0,0.0,0.0,1.0
142677,0,1,3400,-60,60,64,17,25,0.70,26496.000000,9,27,0.0,0.0,0.0,0.0,0.0,0.0,0.0,1.0
142926,0,1,3400,-60,60,64,15,25,0.50,31968.000000,0,27,0.0,0.0,13024.000000,0,0.0,0.0,0.0,1.0
143175,0,1,3400,-60,60,67,14,25,0.50,49056.000000,0,27,0.0,0.0,0.0,0.0,0.0,0.0,0.0,1.0
143424,0,1,3400,-60,60,72,17,25,0.50,37280.000000,0,27,0.0,0.0,0.0,0.0,0.0,0.0,0.0,1.0
143673,0,1,3400,-60,60,68,13,25,0.50,40384.000000,0,27,0.0,0.0,0.0,0.0,0.0,0.0,0.0,1.0
143922,0,1,3400,-60,60,64,15,25,0.50,39168.000000,0,27,0.82,0.0,8320.000000,24,0.0,0.0,0.0,1.0
144171,0,1,3400,-60,60,63,12,25,0.50,51872.000000,0,27,0.0,0.0,0.0,0.0,0.0,0.0,0.0,1.0
144420,0,1,3400,-60,60,58,14,25,0.50,49504.000000,0,27,0.0,0.0,0.0,0.0,0.0,0.0,0.0,1.0
144669,0,1,3400,-60,60,58,15,25,0.50,34016.000000,0,27,0.0,186,0.0,0.0,0.0,0.0,0.0,1.0
144918,0,1,3400,-60,60,59,16,25,0.50,50176.000000,0,27,0.0,0.0,11456.000000,0,0.0,0.0,0.0,1.0
145167,0,1,3400,-60,60,64,15,25,0.50,32352.000000,0,27,0.0,0.0,0.0,0.0,0.0,0.0,0.0,1.0
145416,0,1,3400,-60,60,63,13,26,0.53,58336.000000,0,27,0.0,0.0,0.0,0.0,0.0,0.0,0.0,1.0
145665,0,1,3400,-60,60,67,16,26,0.50,21184.000000,0,27,0.0,0.0,0.0,0.0,0.0,0.0,0.0,1.0
145914,0,1,3400,-60,60,70,17,25,0.54,46752.000000,6,27,0.0,0.0,13024.000000,0,0.0,0.0,0.0,1.0
146163,0,1,3400,-60,60,66,15,25,1.1,56160.000000,10,27,0.0,0.0,0.0,0.0,0.0,0.0,0.0,1.0
146412,0,1,3400,-60,60,62,15,25,0.51,42176.000000,0,27,0.0,0.0,0.0,0.0,0.0,0.0,0.0,1.0
146661,0,1,3400,-60,60,66,17,25,0.50,21408.000000,0,27,0.0,186,0.0,0.0,0.0,0.0,0.0,1.0
146910,0,1,3400,-60,60,65,14,25,0.50,38400.000000,0,27,0.0,0.0,13024.000000,0,0.0,0.0,0.0,1.0
147159,0,1,3400,-60,60,61,10,25,0.50,51552.000000,0,27,0.0,0.0,0.0,0.0,0.0,0.0,0.0,1.0
147408,0,1,3400,-60,60,67,16,25,0.50,58272.000000,0,27,0.0,0.0,0.0,0.0,0.0,0.0,0.0,1.0
147657,0,1,3400,-60,60,67,16,25,0.98,21312.000000,11,27,0.0,0.0,0.0,0.0,0.0,0.0,0.0,1.0
147906,0,1,3400,-60,60,67,17,25,0.50,37312.000000,0,27,1.4,0.0,14528.000000,0,0.0,0.0,0.0,1.0
148155,0,1,3400,-60,60,67,17,25,0.56,32096.000000,0,27,2.0,0.0,0.0,0.0,0.0,0.0,0.0,1.0
148404,0,1,3400,-60,60,61,15,25,0.57,21632.000000,0,27,2.0,0.0,0.0,0.0,0.0,0.0,0.0,1.0
148653,0,1,3400,-60,60,64,15,24,0.50,47616.000000,0,27,2.0,0.0,0.0,0.0,0.0,0.0,0.0,1.0
148902,0,1,3400,-60,60,59,17,25,0.85,46880.000000,5,27,1.2,0.0,11456.000000,0,0.0,0.0,0.0,1.0
149151,0,1,3400,-60,60,63,16,25,0.50,63616.000000,0,27,0.0,0.0,0.0,0.0,0.0,0.0,0.0,1.0
149400,0,1,3400,-60,60,67,15,25,0.50,37056.000000,0,27,0.0,0.0,0.0,0.0,0.0,0.0,0.0,1.0
149649,0,1,3400,-60,60,64,16,25,0.82,41792.000000,6,27,0.0,186,0.0,0.0,0.0,0.0,0.0,1.0
149898,0,1,3400,-60,60,63,17,25,0.50,21536.000000,0,27,0.0,0.0,14592.000000,0,0.0,0.0,0.0,1.0
150147,0,1,3400,-60,60,66,12,25,0.50,51168.000000,0,27,0.0,0.0,0.0,0.0,0.0,0.0,0.0,1.0
150396,0,1,3400,-60,60,63,16,26,0.50,23744.000000,0,27,0.0,0.0,0.0,0.0,0.0,0.0,0.0,1.0
150645,0,1,3400,-60,60,63,15,26,0.79,55776.000000,2,27,0.0,186,0.0,0.0,0.0,0.0,0.0,1.0
150894,0,1,3400,-60,60,65,17,25,0.50,21312.000000,0,27,0.0,0.0,13024.000000,0,0.0,0.0,0.0,1.0
151143,0,1,3400,-60,60,62,17,25,0.50,53408.000000,0,27,0.0,0.0,0.0,0.0,0.0,0.0,0.0,1.0
151392,0,1,3400,-60,60,66,16,25,0.50,31840.000000,0,27,0.0,0.0,0.0,0.0,0.0,0.0,0.0,1.0
151641,0,1,3400,-60,60,65,18,25,0.50,42528.000000,0,27,0.0,186,0.0,0.0,0.0,0.0,0.0,1.0
151890,0,1,3400,-60,60,67,14,25,0.50,45920.000000,0,27,0.0,0.0,13024.000000,0,0.0,0.0,0.0,1.0
152139,0,1,3400,-60,60,66,18,25,0.50,26688.000000,0,27,0.0,0.0,0.0,0.0,0.0,0.0,0.0,1.0
152388,0,1,3400,-60,60,69,11,25,0.51,71008.000000,0,27,0.0,0.0,0.0,0.0,0.0,0.0,0.0,1.0
152637,0,1,3400,-60,60,70,9.3,25,0.50,40736.000000,0,27,0.0,186,0.0,0.0,0.0,0.0,0.0,1.0
152886,0,1,3400,-60,60,67,14,25,0.50,41248.000000,0,27,6.0,0.0,46752.000000,0,0.0,0.0,0.0,1.0
153135,0,1,3400,-60,60,66,13,25,0.65,82784.000000,3,27,6.9,0.0,0.0,0.0,0.0,0.0,0.0,1.0
153384,0,1,3400,-60,60,67,16,25,0.51,42912.000000,0,27,6.9,0.0,0.0,0.0,0.0,0.0,0.0,1.0
153633,0,1,3400,-60,60,61,7.4,26,0.50,17440.000000,0,27,7.0,0.0,0.0,0.0,0.0,0.0,0.0,1.0
153882,0,1,3400,-60,60,60,12,25,0.58,54880.000000,3,27,7.1,0.0,13888.000000,0,0.0,0.0,0.0,1.0
154131,0,1,3400,-60,60,65,13,25,0.50,21696.000000,0,27,7.5,0.0,0.0,0.0,0.0,0.0,0.0,1.0
154380,0,1,3400,-60,60,66,16,25,0.50,48224.000000,0,27,7.5,0.0,0.0,0.0,0.0,0.0,0.0,1.0
154629,0,1,3400,-60,60,65,17,25,0.50,31904.000000,0,27,7.5,0.0,0.0,0.0,0.0,0.0,0.0,1.0
154878,0,1,3400,-60,60,66,16,25,0.50,47904.000000,0,27,4.4,0.0,23488.000000,0,0.0,0.0,0.0,1.0
155127,0,1,3400,-60,60,65,13,25,0.50,54656.000000,0,27,2.0,0.0,0.0,0.0,0.0,0.0,0.0,1.0
155376,0,1,3400,-60,60,65,16,25,1.2,47360.000000,4,27,2.0,0.0,0.0,0.0,0.0,0.0,0.0,1.0
155625,0,1,3400,-60,60,65,11,25,1.2,32416.000000,5,27,2.0,186,0.0,0.0,0.0,0.0,0.0,1.0
155874,0,1,3400,-60,60,63,13,25,0.50,39584.000000,0,27,0.18,0.0,13024.000000,0,0.0,0.0,0.0,1.0
156123,0,1,3400,-60,60,70,16,25,0.71,37088.000000,12,27,0.0,0.0,0.0,0.0,0.0,0.0,0.0,1.0
156372,0,1,3400,-60,60,71,16,25,0.50,41376.000000,0,27,0.0,0.0,0.0,0.0,0.0,0.0,0.0,1.0
156621,0,1,3400,-60,60,70,8.0,25,0.50,56128.000000,0,27,0.0,186,0.0,0.0,0.0,0.0,0.0,1.0
156870,0,1,3400,-60,60,69,12,25,0.50,55584.000000,0,27,0.0,0.0,9888.000000,0,0.0,0.0,0.0,1.0
157119,0,1,3400,-60,60,69,10,25,0.50,32288.000000,0,27,0.0,0.0,0.0,0.0,0.0,0.0,0.0,1.0
157368,0,1,3400,-60,60,67,15,25,0.50,32992.000000,0,27,0.0,0.0,0.0,0.0,0.0,0.0,0.0,1.0
157617,0,1,3400,-60,60,65,15,25,0.50,43744.000000,0,27,0.0,0.0,0.0,0.0,0.0,0.0,0.0,1.0
157866,0,1,3400,-60,60,61,12,25,0.50,38496.000000,0,27,0.0,0.0,13024.000000,0,0.0,0.0,0.0,1.0
158115,0,1,3400,-60,60,65,14,25,0.50,55872.000000,0,27,0.0,0.0,0.0,0.0,0.0,0.0,0.0,1.0
158364,0,1,3400,-60,60,65,17,25,0.68,63616.000000,4,27,0.0,0.0,0.0,0.0,0.0,0.0,0.0,1.0
158613,0,1,3400,-60,60,65,0.47,25,0.50,25696.000000,0,27,0.0,186,0.0,0.0,0.0,0.0,0.0,1.0
158862,0,1,3400,-60,60,64,10,25,0.50,94144.000000,0,27,2.9,0.0,37952.000000,0,0.0,0.0,0.0,1.0
159111,0,1,3400,-60,60,65,7.7,25,0.50,47520.000000,0,27,3.4,0.0,0.0,0.0,0.0,0.0,0.0,1.0
159360,0,1,3400,-60,60,62,16,25,0.50,49536.000000,0,27,3.5,0.0,0.0,0.0,0.0,0.0,0.0,1.0
159609,0,1,3400,-60,60,59,17,25,0.50,53184.000000,0,27,3.5,0.0,0.0,0.0,0.0,0.0,0.0,1.0
159858,0,1,3400,-60,60,64,16,25,0.50,32160.000000,0,27,2.2,0.0,14112.000000,0,0.0,0.0,0.0,1.0
160107,0,1,3400,-60,60,61,18,25,0.50,32192.000000,0,27,0.0,0.0,0.0,0.0,0.0,0.0,0.0,1.0
160356,0,1,3400,-60,60,63,14,25,0.60,53664.000000,0,27,0.0,0.0,0.0,0.0,0.0,0.0,0.0,1.0
160605,0,1,3400,-60,60,63,14,25,0.62,32224.000000,0,27,0.0,0.0,0.0,0.0,0.0,0.0,0.0,1.0
160854,0,1,3400,-60,60,59,17,25,0.50,47968.000000,0,27,0.0,0.0,13024.000000,0,0.0,0.0,0.0,1.0
161103,0,1,3400,-60,60,64,16,25,0.50,37696.000000,0,27,0.0,0.0,0.0,0.0,0.0,0.0,0.0,1.0
161352,0,1,3400,-60,60,62,6.7,25,0.50,35200.000000,0,27,0.0,0.0,0.0,0.0,0.0,0.0,0.0,1.0
161601,0,1,3400,-60,60,63,16,25,0.50,42688.000000,0,27,0.0,0.0,0.0,0.0,0.0,0.0,0.0,1.0
161850,0,1,3400,-60,60,58,15,25,0.50,16064.000000,0,27,0.0,0.0,13024.000000,0,0.0,0.0,0.0,1.0
162099,0,1,3400,-60,60,65,12,25,0.58,37280.000000,5,27,0.0,0.0,0.0,0.0,0.0,0.0,0.0,1.0
162348,0,1,3400,-60,60,66,14,25,0.57,47328.000000,4,27,0.0,0.0,0.0,0.0,0.0,0.0,0.0,1.0
162597,0,1,3400,-60,60,64,10,25,0.50,53440.000000,0,27,0.0,186,0.0,0.0,0.0,0.0,0.0,1.0
162846,0,1,3400,-60,60,64,7.4,25,0.65,15456.000000,7,27,0.0,0.0,13024.000000,0,0.0,0.0,0.0,1.0
163095,0,1,3400,-60,60,66,17,25,0.61,19584.000000,0,27,0.0,0.0,0.0,0.0,0.0,0.0,0.0,1.0
163344,0,1,3400,-60,60,66,10,25,0.50,19648.000000,0,27,0.0,0.0,0.0,0.0,0.0,0.0,0.0,1.0
163593,0,1,3400,-60,60,68,16,25,0.50,42848.000000,0,27,0.0,186,0.0,0.0,0.0,0.0,0.0,1.0
163842,0,1,3400,-60,60,62,16,25,0.50,5376.000000,0,27,0.0,0.0,13024.000000,0,0.0,0.0,0.0,1.0
164091,0,1,3400,-60,60,64,17,25,0.50,59008.000000,0,27,0.0,0.0,0.0,0.0,0.0,0.0,0.0,1.0
164340,0,1,3400,-60,60,64,17,25,0.50,31936.000000,0,27,0.0,0.0,0.0,0.0,0.0,0.0,0.0,1.0
164589,0,1,3400,-60,60,63,15,25,0.50,32704.000000,0,27,0.0,0.0,0.0,0.0,0.0,0.0,0.0,1.0
164838,0,1,3400,-60,60,63,11,25,0.50,60832.000000,0,27,0.0,0.0,13184.000000,0,0.0,0.0,0.0,1.0
165087,0,1,3400,-60,60,62,7.3,25,0.50,41536.000000,0,27,0.0,0.0,0.0,0.0,0.0,0.0,0.0,1.0
165336,0,1,3400,-60,60,69,14,25,0.50,45312.000000,0,27,0.0,0.0,0.0,0.0,0.0,0.0,0.0,1.0
165585,0,1,3400,-60,60,67,13,25,0.50,63840.000000,0,27,0.0,0.0,0.0,0.0,0.0,0.0,0.0,1.0
165834,0,1,3400,-60,60,66,12,25,0.50,62048.000000,0,27,0.0,0.0,13024.000000,0,0.0,0.0,0.0,1.0
166083,0,1,3400,-60,60,68,14,26,0.50,24416.000000,0,27,0.0,0.0,0.0,0.0,0.0,0.0,0.0,1.0
166332,0,1,3400,-60,60,66,16,26,0.50,10560.000000,0,27,0.0,0.0,0.0,0.0,0.0,0.0,0.0,1.0
166581,0,1,3400,-60,60,64,12,25,0.50,37824.000000,0,27,0.0,0.0,0.0,0.0,0.0,0.0,0.0,1.0
166830,0,1,3400,-60,60,57,17,25,0.51,34976.000000,7,27,0.0,0.0,14592.000000,0,0.0,0.0,0.0,1.0
167079,0,1,3400,-60,60,64,18,25,0.92,46816.000000,11,27,0.0,0.0,0.0,0.0,0.0,0.0,0.0,1.0
167328,0,1,3400,-60,60,65,13,25,0.50,32576.000000,0,27,0.0,0.0,0.0,0.0,0.0,0.0,0.0,1.0
167577,0,1,3400,-60,60,67,7.1,25,0.50,22784.000000,0,27,0.0,0.0,0.0,0.0,0.0,0.0,0.0,1.0
167826,0,1,3400,-60,60,61,12,25,0.50,37504.000000,0,27,0.0080,0.0,18208.000000,0,0.0,0.0,0.0,1.0
168075,0,1,3400,-60,60,63,17,25,0.50,32064.000000,0,27,0.0,0.0,0.0,0.0,0.0,0.0,0.0,1.0
168324,0,1,3400,-60,60,68,16,25,0.50,48256.000000,0,27,0.0,0.0,0.0,0.0,0.0,0.0,0.0,1.0
168573,0,1,3400,-60,60,67,9.8,25,0.50,21568.000000,0,27,0.0,186,0.0,0.0,0.0,0.0,0.0,1.0
168822,0,1,3400,-60,60,68,16,25,0.50,49344.000000,0,27,0.0,0.0,13184.000000,0,0.0,0.0,0.0,1.0
169071,0,1,3400,-60,60,68,13,25,0.58,43040.000000,3,27,0.0,0.0,0.0,0.0,0.0,0.0,0.0,1.0
169320,0,1,3400,-60,60,70,17,25,0.50,48160.000000,0,27,0.0,0.0,0.0,0.0,0.0,0.0,0.0,1.0
169569,0,1,3400,-60,60,65,16,25,0.50,47808.000000,0,27,0.0,186,0.0,0.0,0.0,0.0,0.0,1.0
169818,0,1,3400,-60,60,64,13,25,0.67,66304.000000,3,27,0.0,0.0,13024.000000,0,0.0,0.0,0.0,1.0
170067,0,1,3400,-60,60,64,14,25,0.95,26464.000000,7,27,0.0,0.0,0.0,0.0,0.0,0.0,0.0,1.0
170316,0,1,3400,-60,60,63,12,25,0.50,30752.000000,0,27,0.0,0.0,0.0,0.0,0.0,0.0,0.0,1.0
170565,0,1,3400,-60,60,66,16,25,0.65,105120.000000,3,27,0.0,0.0,0.0,0.0,0.0,0.0,0.0,1.0
170814,0,1,3400,-60,60,64,15,25,0.50,43072.000000,0,27,0.0,0.0,13024.000000,0,0.0,0.0,0.0,1.0
171063,0,1,3400,-60,60,66,19,25,0.50,42560.000000,0,27,0.0,0.0,0.0,0.0,0.0,0.0,0.0,1.0
171312,0,1,3400,-60,60,65,12,25,0.50,50848.000000,0,27,0.0,0.0,0.0,0.0,0.0,0.0,0.0,1.0
171561,0,1,3400,-60,60,65,14,25,0.50,16512.000000,0,27,0.0,0.0,0.0,0.0,0.0,0.0,0.0,1.0
171810,0,1,3400,-60,60,62,17,25,0.50,59168.000000,0,27,0.0,0.0,13024.000000,0,0.0,0.0,0.0,1.0
172059,0,1,3400,-60,60,60,7.5,25,0.50,13632.000000,0,27,0.0,0.0,0.0,0.0,0.0,0.0,0.0,1.0
172308,0,1,3400,-60,60,65,15,25,0.50,47936.000000,0,27,0.0,0.0,0.0,0.0,0.0,0.0,0.0,1.0
172557,0,1,3400,-60,60,65,17,25,0.50,31968.000000,0,27,0.0,0.0,0.0,0.0,0.0,0.0,0.0,1.0
172806,0,1,3400,-60,60,67,17,25,0.50,31968.000000,0,27,0.0,0.0,11456.000000,0,0.0,0.0,0.0,1.0
173055,0,1,3400,-60,60,64,17,25,1.0,14944.000000,17,27,0.0,0.0,0.0,0.0,0.0,0.0,0.0,1.0
173304,0,1,3400,-60,60,65,17,25,0.68,64320.000000,0,27,0.0,0.0,0.0,0.0,0.0,0.0,0.0,1.0
173553,0,1,3400,-60,60,64,14,25,0.50,21920.000000,0,27,0.0,0.0,0.0,0.0,0.0,0.0,0.0,1.0
173802,0,1,3400,-60,60,61,15,25,2.0,9536.000000,6,27,0.0,0.0,0.0,0.0,0.0,0.0,0.0,1.0
174051,0,1,3400,-60,60,60,16,25,0.89,60896.000000,4,27,2.2,0.0,24416.000000,0,0.0,0.0,0.0,1.0
174300,0,1,3400,-60,60,67,11,25,0.50,52320.000000,0,27,3.0,0.0,0.0,0.0,0.0,0.0,0.0,1.0
174549,0,1,3400,-60,60,62,17,25,0.50,10688.000000,0,27,3.0,0.0,0.0,0.0,0.0,0.0,0.0,1.0
174798,0,1,3400,-60,60,67,9.8,25,0.50,40896.000000,0,27,4.8,0.0,45504.000000,0,0.0,0.0,0.0,1.0
175047,0,1,3400,-60,60,67,14,25,0.50,55296.000000,0,27,5.5,0.0,0.0,0.0,0.0,0.0,0.0,1.0
175296,0,1,3400,-60,60,68,16,25,1.5,13792.000000,33,27,5.5,0.0,0.0,0.0,0.0,0.0,0.0,1.0
175545,0,1,3400,-60,60,65,16,25,0.57,69024.000000,0,27,5.5,186,0.0,0.0,0.0,0.0,0.0,1.0
175794,0,1,3400,-60,60,66,13,25,0.50,29344.000000,0,27,7.8,0.0,0.0,80,0.0,0.0,0.0,1.0
176043,0,1,3400,-60,60,64,17,25,0.70,46848.000000,5,27,8.0,0.0,0.0,0.0,0.0,0.0,0.0,1.0
176292,0,1,3400,-60,60,61,16,25,0.75,37440.000000,0,27,7.9,0.0,0.0,0.0,0.0,0.0,0.0,1.0
176541,0,1,3400,-60,60,63,15,25,0.50,26816.000000,0,27,7.9,0.0,0.0,0.0,0.0,0.0,0.0,1.0
176790,0,1,3400,-60,60,66,16,25,0.50,42400.000000,0,27,1.9,0.0,13024.000000,0,0.0,0.0,0.0,1.0
177039,0,1,3400,-60,60,68,6.4,25,0.50,44160.000000,0,27,0.0,0.0,0.0,0.0,0.0,0.0,0.0,1.0
177288,0,1,3400,-60,60,65,17,25,0.75,56448.000000,5,27,0.0,0.0,0.0,0.0,0.0,0.0,0.0,1.0
177537,0,1,3400,-60,60,60,14,25,0.82,22176.000000,4,27,0.0,0.0,0.0,0.0,0.0,0.0,0.0,1.0
177786,0,1,3400,-60,60,66,16,25,0.85,56320.000000,9,27,0.0,0.0,13024.000000,0,0.0,0.0,0.0,1.0
178035,0,1,3400,-60,60,65,15,25,1.2,29632.000000,0,27,0.0,0.0,0.0,0.0,0.0,0.0,0.0,1.0
178284,0,1,3400,-60,60,65,12,25,0.50,47392.000000,0,27,0.0,0.0,0.0,0.0,0.0,0.0,0.0,1.0
178533,0,1,3400,-60,60,67,12,25,0.50,27424.000000,0,27,0.0,186,0.0,0.0,0.0,0.0,0.0,1.0
178782,0,1,3400,-60,60,65,14,26,0.58,37312.000000,7,27,0.0,0.0,13024.000000,0,0.0,0.0,0.0,1.0
179031,0,1,3400,-60,60,67,17,25,0.50,42496.000000,0,27,0.0,0.0,0.0,0.0,0.0,0.0,0.0,1.0
179280,0,1,3400,-60,60,66,17,25,0.50,32512.000000,0,27,0.0,0.0,0.0,0.0,0.0,0.0,0.0,1.0
179529,0,1,3400,-60,60,64,16,25,0.50,28064.000000,0,27,0.0,0.0,0.0,0.0,0.0,0.0,0.0,1.0
179778,0,1,3400,-60,60,62,11,25,0.50,36512.000000,0,27,0.86,0.0,13504.000000,0,0.0,0.0,0.0,1.0
180027,0,1,3400,-60,60,64,14,25,0.50,37728.000000,0,27,0.98,0.0,0.0,0.0,0.0,0.0,0.0,1.0
180276,0,1,3400,-60,60,63,12,25,0.50,55392.000000,0,27,0.98,0.0,0.0,0.0,0.0,0.0,0.0,1.0
180525,0,1,3400,-60,60,63,11,25,0.50,62496.000000,0,27,0.99,0.0,0.0,0.0,0.0,0.0,0.0,1.0
180774,0,1,3400,-60,60,69,14,25,0.50,33440.000000,0,27,0.23,0.0,13024.000000,0,0.0,0.0,0.0,1.0
181023,0,1,3400,-60,60,66,17,25,0.89,47040.000000,6,27,0.0,0.0,0.0,0.0,0.0,0.0,0.0,1.0
181272,0,1,3400,-60,60,64,15,25,0.50,44128.000000,0,27,0.0,0.0,0.0,0.0,0.0,0.0,0.0,1.0
181521,0,1,3400,-60,60,67,13,25,0.61,20736.000000,5,27,0.0,0.0,0.0,0.0,0.0,0.0,0.0,1.0
181770,0,1,3400,-60,60,62,14,25,0.50,50272.000000,0,27,0.0,0.0,14592.000000,0,0.0,0.0,0.0,1.0
182019,0,1,3400,-60,60,66,16,25,0.50,69632.000000,0,27,0.0,0.0,0.0,0.0,0.0,0.0,0.0,1.0
182268,0,1,3400,-60,60,70,16,25,1.4,36992.000000,5,27,0.0,0.0,0.0,0.0,0.0,0.0,0.0,1.0
182517,0,1,3400,-60,60,71,13,25,0.91,36288.000000,6,27,0.0,0.0,0.0,0.0,0.0,0.0,0.0,1.0
182766,0,1,3400,-60,60,66,17,25,0.89,37440.000000,7,27,0.0,0.0,14592.000000,0,0.0,0.0,0.0,1.0
183015,0,1,3400,-60,60,63,12,25,0.50,20416.000000,0,27,0.0,0.0,0.0,0.0,0.0,0.0,0.0,1.0
183264,0,1,3400,-60,60,67,14,25,0.50,11264.000000,0,27,0.0,0.0,0.0,0.0,0.0,0.0,0.0,1.0
183513,0,1,3400,-60,60,66,14,25,0.50,66144.000000,0,27,0.0,0.0,0.0,0.0,0.0,0.0,0.0,1.0
183762,0,1,3400,-60,60,68,11,25,0.50,59296.000000,0,27,4.2,0.0,48320.000000,25,0.0,0.0,0.0,1.0
184011,0,1,3400,-60,60,64,10,25,0.50,59616.000000,0,27,6.0,0.0,0.0,0.0,0.0,0.0,0.0,1.0
184260,0,1,3400,-60,60,68,13,25,0.50,45664.000000,0,27,6.0,0.0,0.0,0.0,0.0,0.0,0.0,1.0
184509,0,1,3400,-60,60,72,17,25,0.50,15936.000000,0,27,6.0,0.0,0.0,0.0,0.0,0.0,0.0,1.0
184758,0,1,3400,-60,60,68,16,25,0.51,42784.000000,0,27,1.4,0.0,13024.000000,0,0.0,0.0,0.0,1.0
185007,0,1,3400,-60,60,68,16,25,0.50,77024.000000,0,27,0.0,0.0,0.0,0.0,0.0,0.0,0.0,1.0
185256,0,1,3400,-60,60,70,17,25,0.50,27744.000000,0,27,0.0,0.0,0.0,0.0,0.0,0.0,0.0,1.0
185505,0,1,3400,-60,60,67,15,25,0.50,43392.000000,0,27,0.0,0.0,0.0,0.0,0.0,0.0,0.0,1.0
185754,0,1,3400,-60,60,61,17,25,0.50,26496.000000,0,27,0.0,0.0,10304.000000,0,0.0,0.0,0.0,1.0
186003,0,1,3400,-60,60,69,15,25,0.50,50048.000000,0,27,0.0,0.0,0.0,0.0,0.0,0.0,0.0,1.0
186252,0,1,3400,-60,60,67,13,25,0.50,21376.000000,0,27,0.0,0.0,0.0,0.0,0.0,0.0,0.0,1.0
186501,0,1,3400,-60,60,66,19,25,0.85,31680.000000,8,27,0.0,186,0.0,0.0,0.0,0.0,0.0,1.0
186750,0,1,3400,-60,60,65,14,25,0.50,45408.000000,0,27,12,0.0,54560.000000,63,0.0,0.0,0.0,1.0
186999,0,1,3400,-60,60,63,18,25,0.50,21568.000000,0,27,14,0.0,0.0,0.0,0.0,0.0,0.0,1.0
187248,0,1,3400,-60,60,63,15,25,0.50,44512.000000,0,27,14,0.0,0.0,0.0,0.0,0.0,0.0,1.0
187497,0,1,3400,-60,60,66,15,25,0.50,59168.000000,0,27,14,186,0.0,0.0,0.0,0.0,0.0,1.0
187746,0,1,3400,-60,60,64,16,25,0.50,5280.000000,0,27,1.3,0.0,14752.000000,0,0.0,0.0,0.0,1.0
187995,0,1,3400,-60,60,63,12,25,0.50,24160.000000,0,27,0.056,0.0,0.0,0.0,0.0,0.0,0.0,1.0
188244,0,1,3400,-60,60,64,4.4,24,0.50,45696.000000,0,27,0.056,0.0,0.0,0.0,0.0,0.0,0.0,1.0
188493,0,1,3400,-60,60,66,11,25,0.50,32480.000000,0,27,0.11,0.0,0.0,0.0,0.0,0.0,0.0,1.0
188742,0,1,3400,-60,60,66,13,25,0.50,64544.000000,0,27,0.056,0.0,11456.000000,0,0.0,0.0,0.0,1.0
188991,0,1,3400,-60,60,65,14,25,0.50,86976.000000,0,27,0.0,0.0,0.0,0.0,0.0,0.0,0.0,1.0
189240,0,1,3400,-60,60,62,15,25,0.50,42880.000000,0,27,0.11,0.0,0.0,0.0,0.0,0.0,0.0,1.0
189489,0,1,3400,-60,60,64,11,25,0.50,36864.000000,0,27,0.11,0.0,0.0,0.0,0.0,0.0,0.0,1.0
189738,0,1,3400,-60,60,66,5.6,25,0.50,43968.000000,0,27,3.1,0.0,78176.000000,22,0.0,0.0,0.0,1.0
189987,0,1,3400,-60,60,67,16,25,0.50,47744.000000,0,27,9.5,0.0,0.0,0.0,0.0,0.0,0.0,1.0
190236,0,1,3400,-60,60,64,8.6,25,0.50,29120.000000,0,27,9.5,0.0,0.0,0.0,0.0,0.0,0.0,1.0
190485,0,1,3400,-60,60,63,16,25,0.50,32192.000000,0,27,9.5,186,0.0,0.0,0.0,0.0,0.0,1.0
190734,0,1,3400,-60,60,67,17,25,0.50,69376.000000,0,27,1.0,0.0,13440.000000,0,0.0,0.0,0.0,1.0
190983,0,1,3400,-60,60,67,16,25,0.50,15936.000000,0,27,0.048,0.0,0.0,0.0,0.0,0.0,0.0,1.0
191232,0,1,3400,-60,60,63,16,25,0.50,53984.000000,0,27,0.14,0.0,0.0,0.0,0.0,0.0,0.0,1.0
191481,0,1,3400,-60,60,64,16,25,0.50,69472.000000,0,27,0.14,186,0.0,0.0,0.0,0.0,0.0,1.0
191730,0,1,3400,-60,60,63,4.8,25,0.50,50848.000000,0,27,3.4,0.0,24704.000000,0,0.0,0.0,0.0,1.0
191979,0,1,3400,-60,60,64,14,25,0.50,56736.000000,0,27,4.0,0.0,0.0,0.0,0.0,0.0,0.0,1.0
192228,0,1,3400,-60,60,61,17,25,0.50,23168.000000,0,27,4.1,0.0,0.0,0.0,0.0,0.0,0.0,1.0
192477,0,1,3400,-60,60,62,16,25,0.53,32032.000000,0,27,4.0,0.0,0.0,0.0,0.0,0.0,0.0,1.0
192726,0,1,3400,-60,60,65,17,25,0.82,25504.000000,10,27,1.1,0.0,9888.000000,0,0.0,0.0,0.0,1.0
192975,0,1,3400,-60,60,70,15,25,0.90,52544.000000,6,27,0.0,0.0,0.0,0.0,0.0,0.0,0.0,1.0
193224,0,1,3400,-60,60,70,16,25,0.54,62592.000000,4,27,0.096,0.0,0.0,0.0,0.0,0.0,0.0,1.0
193473,0,1,3400,-60,60,69,15,25,0.50,26560.000000,0,27,0.048,0.0,0.0,0.0,0.0,0.0,0.0,1.0
193722,0,1,3400,-60,60,67,14,25,0.50,32352.000000,0,27,0.25,0.0,20384.000000,0,0.0,0.0,0.0,1.0
193971,0,1,3400,-60,60,62,17,25,0.50,16032.000000,0,27,0.14,0.0,0.0,0.0,0.0,0.0,0.0,1.0
194220,0,1,3400,-60,60,63,15,25,0.58,31968.000000,7,27,0.096,0.0,0.0,0.0,0.0,0.0,0.0,1.0
194469,0,1,3400,-60,60,68,16,26,0.60,30688.000000,8,27,0.048,186,0.0,0.0,0.0,0.0,0.0,1.0
194718,0,1,3400,-60,60,66,16,25,0.50,64064.000000,0,27,0.0,0.0,13568.000000,0,0.0,0.0,0.0,1.0
194967,0,1,3400,-60,60,66,17,25,0.50,37344.000000,0,27,0.14,0.0,0.0,0.0,0.0,0.0,0.0,1.0
195216,0,1,3400,-60,60,71,14,25,0.50,22016.000000,0,27,0.0,0.0,0.0,0.0,0.0,0.0,0.0,1.0
195465,0,1,3400,-60,60,70,15,25,0.50,42624.000000,0,27,0.0,0.0,0.0,0.0,0.0,0.0,0.0,1.0
195714,0,1,3400,-60,60,66,14,25,0.50,10816.000000,0,27,0.0,0.0,16288.000000,0,0.0,0.0,0.0,1.0
195963,0,1,3400,-60,60,68,15,25,0.50,10624.000000,0,27,0.0,0.0,0.0,0.0,0.0,0.0,0.0,1.0
196212,0,1,3400,-60,60,65,14,25,0.50,53344.000000,0,27,0.096,0.0,0.0,0.0,0.0,0.0,0.0,1.0
196461,0,1,3400,-60,60,72,18,25,0.50,10592.000000,0,27,0.096,0.0,0.0,0.0,0.0,0.0,0.0,1.0
196710,0,1,3400,-60,60,68,14,25,0.50,55040.000000,0,27,0.096,0.0,13024.000000,0,0.0,0.0,0.0,1.0
196959,0,1,3400,-60,60,59,12,25,0.50,64128.000000,0,27,0.0,0.0,0.0,0.0,0.0,0.0,0.0,1.0
197208,0,1,3400,-60,60,62,11,25,0.50,21536.000000,0,27,0.0,0.0,0.0,0.0,0.0,0.0,0.0,1.0
197457,0,1,3400,-60,60,65,10,25,0.64,50880.000000,2,27,0.048,186,0.0,0.0,0.0,0.0,0.0,1.0
197706,0,1,3400,-60,60,66,18,25,0.50,47712.000000,0,27,0.15,0.0,10240.000000,0,0.0,0.0,0.0,1.0
197955,0,1,3400,-60,60,65,16,25,0.50,44480.000000,0,27,0.048,0.0,0.0,0.0,0.0,0.0,0.0,1.0
198204,0,1,3400,-60,60,64,16,25,0.50,58688.000000,0,27,0.0,0.0,0.0,0.0,0.0,0.0,0.0,1.0
198453,0,1,3400,-60,60,70,17,25,0.50,32896.000000,0,27,0.0,0.0,0.0,0.0,0.0,0.0,0.0,1.0
198702,0,1,3400,-60,60,68,16,25,0.50,58976.000000,0,27,0.048,0.0,13024.000000,0,0.0,0.0,0.0,1.0
198951,0,1,3400,-60,60,63,13,25,1.2,31744.000000,6,27,0.096,0.0,0.0,0.0,0.0,0.0,0.0,1.0
199200,0,1,3400,-60,60,66,9.3,25,0.50,33792.000000,0,27,0.14,0.0,0.0,0.0,0.0,0.0,0.0,1.0
199449,0,1,3400,-60,60,60,8.4,25,0.50,5504.000000,0,27,0.14,0.0,0.0,0.0,0.0,0.0,0.0,1.0
199698,0,1,3400,-60,60,67,16,25,0.50,10656.000000,0,27,2.5,0.0,44768.000000,0,0.0,0.0,0.0,1.0
199947,0,1,3400,-60,60,67,17,24,0.50,21376.000000,0,27,3.5,0.0,0.0,0.0,0.0,0.0,0.0,1.0
200196,0,1,3400,-60,60,68,11,25,0.50,40896.000000,0,27,3.5,0.0,0.0,0.0,0.0,0.0,0.0,1.0
200445,0,1,3400,-60,60,68,14,25,0.50,25728.000000,0,27,3.6,0.0,0.0,0.0,0.0,0.0,0.0,1.0
200694,0,1,3400,-60,60,65,13,25,0.65,60832.000000,3,27,1.1,0.0,16288.000000,0,0.0,0.0,0.0,1.0
200943,0,1,3400,-60,60,65,16,25,0.50,21088.000000,0,27,0.0,0.0,0.0,0.0,0.0,0.0,0.0,1.0
201192,0,1,3400,-60,60,65,18,25,0.50,42944.000000,0,27,0.14,0.0,0.0,0.0,0.0,0.0,0.0,1.0
201441,0,1,3400,-60,60,63,18,25,0.50,73888.000000,0,27,0.048,186,0.0,0.0,0.0,0.0,0.0,1.0
201690,0,1,3400,-60,60,63,16,25,0.51,32288.000000,0,27,0.21,0.0,14304.000000,0,0.0,0.0,0.0,1.0
201939,0,1,3400,-60,60,65,16,25,0.58,53120.000000,0,27,0.0,0.0,0.0,0.0,0.0,0.0,0.0,1.0
202188,0,1,3400,-60,60,64,17,25,0.62,27296.000000,0,27,0.0,0.0,0.0,0.0,0.0,0.0,0.0,1.0
202437,0,1,3400,-60,60,69,15,25,0.57,50976.000000,0,27,0.14,186,0.0,0.0,0.0,0.0,0.0,1.0
202686,0,1,3400,-60,60,73,18,25,0.50,46016.000000,0,27,0.096,0.0,13024.000000,0,0.0,0.0,0.0,1.0
202935,0,1,3400,-60,60,70,17,25,0.50,37088.000000,0,27,0.048,0.0,0.0,0.0,0.0,0.0,0.0,1.0
203184,0,1,3400,-60,60,71,16,25,0.50,43872.000000,0,27,0.048,0.0,0.0,0.0,0.0,0.0,0.0,1.0
203433,0,1,3400,-60,60,70,13,25,1.2,11072.000000,12,27,0.0,186,0.0,0.0,0.0,0.0,0.0,1.0
203682,0,1,3400,-60,60,67,14,25,0.50,37120.000000,0,27,0.096,0.0,13024.000000,0,0.0,0.0,0.0,1.0
203931,0,1,3400,-60,60,65,15,25,0.64,35840.000000,4,27,0.048,0.0,0.0,0.0,0.0,0.0,0.0,1.0
204180,0,1,3400,-60,60,63,13,25,0.95,55328.000000,5,27,0.048,0.0,0.0,0.0,0.0,0.0,0.0,1.0
204429,0,1,3400,-60,60,66,16,25,0.50,48032.000000,0,27,0.048,186,0.0,0.0,0.0,0.0,0.0,1.0
204678,0,1,3400,-60,60,67,13,25,0.52,45728.000000,0,27,0.19,0.0,12544.000000,0,0.0,0.0,0.0,1.0
204927,0,1,3400,-60,60,71,13,25,0.50,39776.000000,0,27,0.0,0.0,0.0,0.0,0.0,0.0,0.0,1.0
205176,0,1,3400,-60,60,69,15,25,0.53,48768.000000,0,27,0.14,0.0,0.0,0.0,0.0,0.0,0.0,1.0
205425,0,1,3400,-60,60,68,17,25,1.2,36992.000000,13,27,0.096,186,0.0,0.0,0.0,0.0,0.0,1.0
205674,0,1,3400,-60,60,67,15,25,0.50,21248.000000,0,27,7.9,0.0,54112.000000,50,0.0,0.0,0.0,1.0
205923,0,1,3400,-60,60,67,16,25,0.50,15968.000000,0,27,9.0,0.0,0.0,0.0,0.0,0.0,0.0,1.0
206172,0,1,3400,-60,60,68,6.8,25,0.50,34592.000000,0,27,9.0,0.0,0.0,0.0,0.0,0.0,0.0,1.0
206421,0,1,3400,-60,60,64,15,25,0.63,29280.000000,3,27,9.0,0.0,0.0,0.0,0.0,0.0,0.0,1.0
206670,0,1,3400,-60,60,63,13,25,0.50,22848.000000,0,27,10,0.0,35872.000000,0,0.0,0.0,0.0,1.0
206919,0,1,3400,-60,60,69,13,25,0.50,32320.000000,0,27,11,0.0,0.0,0.0,0.0,0.0,0.0,1.0
207168,0,1,3400,-60,60,68,14,25,0.50,70432.000000,0,27,10,0.0,0.0,0.0,0.0,0.0,0.0,1.0
207417,0,1,3400,-60,60,65,11,25,0.50,33728.000000,0,27,11,186,0.0,0.0,0.0,0.0,0.0,1.0
207666,0,1,3400,-60,60,65,14,24,0.50,69920.000000,0,27,1.2,0.0,14976.000000,0,0.0,0.0,0.0,1.0
207915,0,1,3400,-60,60,64,13,25,0.50,43872.000000,0,27,0.0,0.0,0.0,0.0,0.0,0.0,0.0,1.0
208164,0,1,3400,-60,60,70,12,25,1.1,30912.000000,8,27,0.0,0.0,0.0,0.0,0.0,0.0,0.0,1.0
208413,0,1,3400,-60,60,71,12,25,1.8,14816.000000,17,27,0.096,0.0,0.0,0.0,0.0,0.0,0.0,1.0
208662,0,1,3400,-60,60,71,15,25,0.66,33824.000000,0,27,0.14,0.0,13184.000000,0,0.0,0.0,0.0,1.0
208911,0,1,3400,-60,60,69,8.8,25,0.50,44352.000000,0,27,0.14,0.0,0.0,0.0,0.0,0.0,0.0,1.0
209160,0,1,3400,-60,60,64,13,25,0.50,28576.000000,0,27,0.048,0.0,0.0,0.0,0.0,0.0,0.0,1.0
209409,0,1,3400,-60,60,65,14,25,0.64,73632.000000,3,27,0.096,186,0.0,0.0,0.0,0.0,0.0,1.0
209658,0,1,3400,-60,60,66,16,25,0.50,37088.000000,0,27,0.048,0.0,13024.000000,0,0.0,0.0,0.0,1.0
209907,0,1,3400,-60,60,65,16,25,0.50,31936.000000,0,27,0.096,0.0,0.0,0.0,0.0,0.0,0.0,1.0
210156,0,1,3400,-60,60,66,17,26,0.50,15776.000000,0,27,0.0,0.0,0.0,0.0,0.0,0.0,0.0,1.0
210405,0,1,3400,-60,60,70,17,25,0.51,37024.000000,7,27,0.0,0.0,0.0,0.0,0.0,0.0,0.0,1.0
210654,0,1,3400,-60,60,70,16,25,0.50,32032.000000,0,27,0.19,0.0,12960.000000,0,0.0,0.0,0.0,1.0
210903,0,1,3400,-60,60,67,9.0,25,0.50,43392.000000,0,27,0.048,0.0,0.0,0.0,0.0,0.0,0.0,1.0
211152,0,1,3400,-60,60,68,9.3,25,0.50,33888.000000,0,27,0.048,0.0,0.0,0.0,0.0,0.0,0.0,1.0
211401,0,1,3400,-60,60,66,16,24,0.50,69280.000000,0,27,0.096,186,0.0,0.0,0.0,0.0,0.0,1.0
211650,0,1,3400,-60,60,63,17,25,0.50,31968.000000,0,27,0.0,0.0,13184.000000,0,0.0,0.0,0.0,1.0
211899,0,1,3400,-60,60,63,18,25,0.50,59008.000000,0,27,0.048,0.0,0.0,0.0,0.0,0.0,0.0,1.0
212148,0,1,3400,-60,60,65,17,25,0.50,42592.000000,0,27,0.048,0.0,0.0,0.0,0.0,0.0,0.0,1.0
212397,0,1,3400,-60,60,65,13,25,0.50,50763.050781,0,27,0.14,186,0.0,0.0,0.0,0.0,0.0,1.0
212646,0,1,3400,-60,60,67,12,25,0.50,10709.163086,0,27,6.0,0.0,31904.382812,0,0.0,0.0,0.0,1.0
212895,0,1,3400,-60,60,67,14,25,0.50,28832.000000,0,27,7.2,0.0,0.0,0.0,0.0,0.0,0.0,1.0
213144,0,1,3400,-60,60,70,12,25,0.50,58528.000000,0,27,7.0,0.0,0.0,0.0,0.0,0.0,0.0,1.0
213393,0,1,3400,-60,60,71,17,25,1.3,25792.000000,10,27,7.1,0.0,0.0,0.0,0.0,0.0,0.0,1.0
213642,0,1,3400,-60,60,69,16,25,0.50,32192.000000,0,27,1.8,0.0,12800.000000,0,0.0,0.0,0.0,1.0
213891,0,1,3400,-60,60,67,17,25,0.63,36160.000000,7,27,0.048,0.0,0.0,0.0,0.0,0.0,0.0,1.0
214140,0,1,3400,-60,60,68,12,25,0.50,27616.000000,0,27,0.048,0.0,0.0,0.0,0.0,0.0,0.0,1.0
214389,0,1,3400,-60,60,63,13,25,0.50,26816.000000,0,27,0.0,0.0,0.0,0.0,0.0,0.0,0.0,1.0
214638,0,1,3400,-60,60,69,18,25,0.58,60384.000000,0,27,0.096,0.0,13184.000000,0,0.0,0.0,0.0,1.0
214887,0,1,3400,-60,60,66,13,25,0.50,32640.000000,0,27,0.0,0.0,0.0,0.0,0.0,0.0,0.0,1.0
215136,0,1,3400,-60,60,66,16,25,0.50,42752.000000,0,27,0.096,0.0,0.0,0.0,0.0,0.0,0.0,1.0
215385,0,1,3400,-60,60,62,15,24,0.50,42720.000000,0,27,0.14,186,0.0,0.0,0.0,0.0,0.0,1.0
215634,0,1,3400,-60,60,65,17,25,0.50,32064.000000,0,27,1.0,0.0,15072.000000,0,0.0,0.0,0.0,1.0
215883,0,1,3400,-60,60,66,14,25,0.50,39872.000000,0,27,1.00,0.0,0.0,0.0,0.0,0.0,0.0,1.0
216132,0,1,3400,-60,60,66,17,25,0.50,58688.000000,0,27,1.1,0.0,0.0,0.0,0.0,0.0,0.0,1.0
216381,0,1,3400,-60,60,70,8.9,25,0.56,26176.000000,7,27,1.0,0.0,0.0,0.0,0.0,0.0,0.0,1.0
216630,0,1,3400,-60,60,69,17,25,0.57,48128.000000,0,27,0.57,0.0,13024.000000,0,0.0,0.0,0.0,1.0
216879,0,1,3400,-60,60,68,11,25,0.50,24160.000000,0,27,0.19,0.0,0.0,0.0,0.0,0.0,0.0,1.0
217128,0,1,3400,-60,60,66,16,25,0.72,36064.000000,7,27,0.096,0.0,0.0,0.0,0.0,0.0,0.0,1.0
217377,0,1,3400,-60,60,62,7.6,25,0.50,66400.000000,0,27,0.14,0.0,0.0,0.0,0.0,0.0,0.0,1.0
217626,0,1,3400,-60,60,63,16,25,0.50,38912.000000,0,27,0.0,0.0,13024.000000,0,0.0,0.0,0.0,1.0
217875,0,1,3400,-60,60,64,17,25,0.50,37376.000000,0,27,0.048,0.0,0.0,0.0,0.0,0.0,0.0,1.0
218124,0,1,3400,-60,60,65,14,25,0.50,64000.000000,0,27,0.048,0.0,0.0,0.0,0.0,0.0,0.0,1.0
218373,0,1,3400,-60,60,65,14,25,0.51,32672.000000,0,27,0.048,0.0,0.0,0.0,0.0,0.0,0.0,1.0
218622,0,1,3400,-60,60,63,15,25,0.61,19488.000000,0,27,1.3,0.0,40640.000000,0,0.0,0.0,0.0,1.0
218871,0,1,3400,-60,60,66,14,25,0.50,72803.210938,0,27,2.2,0.0,0.0,0.0,0.0,0.0,0.0,1.0
219120,0,1,3400,-60,60,65,14,25,0.50,54310.757812,0,27,2.1,0.0,0.0,0.0,0.0,0.0,0.0,1.0
219369,0,1,3400,-60,60,67,14,25,0.50,58816.000000,0,27,2.1,0.0,0.0,0.0,0.0,0.0,0.0,1.0
219618,0,1,3400,-60,60,66,17,25,0.50,26688.000000,0,27,0.34,0.0,16288.000000,0,0.0,0.0,0.0,1.0
219867,0,1,3400,-60,60,67,16,25,0.63,30880.000000,8,27,0.0,0.0,0.0,0.0,0.0,0.0,0.0,1.0
220116,0,1,3400,-60,60,63,17,25,0.53,74848.000000,0,27,0.096,0.0,0.0,0.0,0.0,0.0,0.0,1.0
220365,0,1,3400,-60,60,63,16,25,0.50,37248.000000,0,27,0.048,0.0,0.0,0.0,0.0,0.0,0.0,1.0
220614,0,1,3400,-60,60,66,12,25,0.50,15904.000000,0,27,2.6,0.0,51296.000000,0,0.0,0.0,0.0,1.0
220863,0,1,3400,-60,60,64,17,25,0.57,40256.000000,13,27,4.5,0.0,0.0,0.0,0.0,0.0,0.0,1.0
221112,0,1,3400,-60,60,63,16,25,0.95,32064.000000,0,27,4.5,0.0,0.0,0.0,0.0,0.0,0.0,1.0
221361,0,1,3400,-60,60,64,10.0,25,0.50,37472.000000,0,27,4.5,0.0,0.0,0.0,0.0,0.0,0.0,1.0
221610,0,1,3400,-60,60,67,11,25,0.58,64128.000000,3,27,8.0,0.0,0.0,80,0.0,0.0,0.0,1.0
221859,0,1,3400,-60,60,63,10,26,0.50,38304.000000,0,27,9.0,0.0,0.0,0.0,0.0,0.0,0.0,1.0
222108,0,1,3400,-60,60,69,11,26,0.50,32352.000000,0,27,9.0,0.0,0.0,0.0,0.0,0.0,0.0,1.0
222357,0,1,3400,-60,60,66,16,25,0.56,62944.000000,4,27,9.0,186,0.0,0.0,0.0,0.0,0.0,1.0
222606,0,1,3400,-60,60,73,11,25,0.50,28448.000000,0,27,0.83,0.0,13024.000000,0,0.0,0.0,0.0,1.0
222855,0,1,3400,-60,60,66,20,25,0.50,26336.000000,0,27,0.0,0.0,0.0,0.0,0.0,0.0,0.0,1.0
223104,0,1,3400,-60,60,67,18,25,0.50,47872.000000,0,27,0.0,0.0,0.0,0.0,0.0,0.0,0.0,1.0
223353,0,1,3400,-60,60,68,16,25,0.50,32480.000000,0,27,0.0,0.0,0.0,0.0,0.0,0.0,0.0,1.0
223602,0,1,3400,-60,60,67,17,25,0.50,15968.000000,0,27,0.19,0.0,13024.000000,0,0.0,0.0,0.0,1.0
223851,0,1,3400,-60,60,63,17,25,0.50,15936.000000,0,27,0.24,0.0,0.0,0.0,0.0,0.0,0.0,1.0
224100,0,1,3400,-60,60,62,13,25,0.50,66400.000000,0,27,0.048,0.0,0.0,0.0,0.0,0.0,0.0,1.0
224349,0,1,3400,-60,60,68,15,25,0.50,27936.000000,0,27,0.096,186,0.0,0.0,0.0,0.0,0.0,1.0
224598,0,1,3400,-60,60,74,15,25,0.50,37504.000000,0,27,0.096,0.0,11616.000000,0,0.0,0.0,0.0,1.0
224847,0,1,3400,-60,60,70,13,25,0.50,38944.000000,0,27,0.14,0.0,0.0,0.0,0.0,0.0,0.0,1.0
225096,0,1,3400,-60,60,69,15,25,1.0,20305.220703,12,27,0.048,0.0,0.0,0.0,0.0,0.0,0.0,1.0
225345,0,1,3400,-60,60,69,15,25,1.0,70496.000000,0,27,0.14,186,0.0,0.0,0.0,0.0,0.0,1.0
225594,0,1,3400,-60,60,65,17,25,0.50,47713.148438,0,27,0.096,0.0,9848.605469,0,0.0,0.0,0.0,1.0
225843,0,1,3400,-60,60,66,15,25,0.60,38848.000000,4,27,0.096,0.0,0.0,0.0,0.0,0.0,0.0,1.0
226092,0,1,3400,-60,60,70,15,25,0.54,31872.000000,0,27,0.0,0.0,0.0,0.0,0.0,0.0,0.0,1.0
226341,0,1,3400,-60,60,71,9.4,25,0.50,38080.000000,0,27,0.048,186,0.0,0.0,0.0,0.0,0.0,1.0
226590,0,1,3400,-60,60,66,13,25,0.50,16352.000000,0,27,0.0,0.0,13024.000000,0,0.0,0.0,0.0,1.0
226839,0,1,3400,-60,60,69,16,25,1.2,51200.000000,10,27,0.096,0.0,0.0,0.0,0.0,0.0,0.0,1.0
227088,0,1,3400,-60,60,69,18,25,0.50,32064.000000,0,27,0.0,0.0,0.0,0.0,0.0,0.0,0.0,1.0
227337,0,1,3400,-60,60,63,12,25,0.50,48960.000000,0,27,0.14,186,0.0,0.0,0.0,0.0,0.0,1.0
227586,0,1,3400,-60,60,61,9.1,25,0.50,75808.000000,0,27,4.0,0.0,36384.000000,0,0.0,0.0,0.0,1.0
227835,0,1,3400,-60,60,65,12,25,0.50,47584.000000,0,27,4.5,0.0,0.0,0.0,0.0,0.0,0.0,1.0
228084,0,1,3400,-60,60,69,14,25,0.54,30976.000000,8,27,4.5,0.0,0.0,0.0,0.0,0.0,0.0,1.0
228333,0,1,3400,-60,60,65,17,25,0.50,58080.000000,0,27,4.5,0.0,0.0,0.0,0.0,0.0,0.0,1.0
228582,0,1,3400,-60,60,73,15,25,0.50,58592.000000,0,27,10,0.0,0.0,80,0.0,0.0,0.0,1.0
228831,0,1,3400,-60,60,77,14,26,0.79,41472.000000,6,27,10,0.0,0.0,0.0,0.0,0.0,0.0,1.0
229080,0,1,3400,-60,60,70,15,25,0.50,72000.000000,0,27,11,0.0,0.0,0.0,0.0,0.0,0.0,1.0
229329,0,1,3400,-60,60,68,12,25,0.64,44096.000000,3,27,11,0.0,0.0,0.0,0.0,0.0,0.0,1.0
229578,0,1,3400,-60,60,70,11,25,1.0,17248.000000,4,27,0.98,0.0,13024.000000,0,0.0,0.0,0.0,1.0
229827,0,1,3400,-60,60,69,14,25,0.54,44096.000000,0,27,0.048,0.0,0.0,0.0,0.0,0.0,0.0,1.0
230076,0,1,3400,-60,60,68,13,25,0.50,51104.000000,0,27,0.096,0.0,0.0,0.0,0.0,0.0,0.0,1.0
230325,0,1,3400,-60,60,66,11,25,0.50,58944.000000,0,27,0.096,186,0.0,0.0,0.0,0.0,0.0,1.0
230574,0,1,3400,-60,60,69,17,25,0.50,17824.000000,0,27,0.0,0.0,13024.000000,0,0.0,0.0,0.0,1.0
230823,0,1,3400,-60,60,69,16,25,0.61,29856.000000,10,27,0.096,0.0,0.0,0.0,0.0,0.0,0.0,1.0
231072,0,1,3400,-60,60,68,16,25,0.79,26496.000000,0,27,0.048,0.0,0.0,0.0,0.0,0.0,0.0,1.0
231321,0,1,3400,-60,60,67,12,25,0.50,32960.000000,0,27,0.096,0.0,0.0,0.0,0.0,0.0,0.0,1.0
231570,0,1,3400,-60,60,63,17,25,0.50,45622.488281,0,27,0.048,0.0,14650.602539,0,0.0,0.0,0.0,1.0
231819,0,1,3400,-60,60,64,16,26,0.50,35282.867188,0,27,0.0,0.0,0.0,0.0,0.0,0.0,0.0,1.0
232068,0,1,3400,-60,60,68,16,25,0.50,25952.000000,0,27,0.0,0.0,0.0,0.0,0.0,0.0,0.0,1.0
232317,0,1,3400,-60,60,70,11,25,0.56,21280.000000,9,27,0.096,0.0,0.0,0.0,0.0,0.0,0.0,1.0
232566,0,1,3400,-60,60,66,13,25,1.6,31072.000000,7,27,0.048,0.0,14592.000000,0,0.0,0.0,0.0,1.0
232815,0,1,3400,-60,60,65,15,25,0.54,31648.000000,0,27,0.096,0.0,0.0,0.0,0.0,0.0,0.0,1.0
233064,0,1,3400,-60,60,66,16,25,0.50,33824.000000,0,27,0.048,0.0,0.0,0.0,0.0,0.0,0.0,1.0
233313,0,1,3400,-60,60,72,14,25,0.50,26784.000000,0,27,0.096,0.0,0.0,0.0,0.0,0.0,0.0,1.0
233562,0,1,3400,-60,60,68,14,25,0.50,29664.000000,0,27,2.0,0.0,37056.000000,0,0.0,0.0,0.0,1.0
233811,0,1,3400,-60,60,68,16,25,0.50,49504.000000,0,27,3.6,0.0,0.0,0.0,0.0,0.0,0.0,1.0
234060,0,1,3400,-60,60,70,14,25,1.0,36192.000000,7,27,3.5,0.0,0.0,0.0,0.0,0.0,0.0,1.0
234309,0,1,3400,-60,60,67,10,25,0.50,31936.000000,0,27,3.5,186,0.0,0.0,0.0,0.0,0.0,1.0
234558,0,1,3400,-60,60,65,13,25,0.50,49696.000000,0,27,0.37,0.0,11456.000000,0,0.0,0.0,0.0,1.0
234807,0,1,3400,-60,60,68,12,25,0.50,32640.000000,0,27,0.0,0.0,0.0,0.0,0.0,0.0,0.0,1.0
235056,0,1,3400,-60,60,69,15,25,0.50,49088.000000,0,27,0.14,0.0,0.0,0.0,0.0,0.0,0.0,1.0
235305,0,1,3400,-60,60,67,16,25,0.53,26496.000000,0,27,0.096,0.0,0.0,0.0,0.0,0.0,0.0,1.0
235554,0,1,3400,-60,60,65,15,25,0.89,26752.000000,9,27,1.5,0.0,13024.000000,0,0.0,0.0,0.0,1.0
235803,0,1,3400,-60,60,65,11,25,0.50,50464.000000,0,27,4.1,0.0,0.0,0.0,0.0,0.0,0.0,1.0
236052,0,1,3400,-60,60,69,14,25,0.50,12480.000000,0,27,4.1,0.0,0.0,0.0,0.0,0.0,0.0,1.0
236301,0,1,3400,-60,60,66,9.8,25,0.50,32672.000000,0,27,4.1,186,0.0,0.0,0.0,0.0,0.0,1.0
236550,0,1,3400,-60,60,64,14,25,0.50,53568.000000,0,27,0.52,0.0,16288.000000,0,0.0,0.0,0.0,1.0
236799,0,1,3400,-60,60,66,17,25,0.74,41440.000000,6,27,0.0,0.0,0.0,0.0,0.0,0.0,0.0,1.0
237048,0,1,3400,-60,60,64,13,25,0.50,54304.000000,0,27,0.096,0.0,0.0,0.0,0.0,0.0,0.0,1.0
237297,0,1,3400,-60,60,63,14,25,0.89,43008.000000,4,27,0.096,0.0,0.0,0.0,0.0,0.0,0.0,1.0
237546,0,1,3400,-60,60,62,11,25,0.50,57984.000000,0,27,8.6,0.0,51008.000000,35,0.0,0.0,0.0,1.0
237795,0,1,3400,-60,60,67,12,25,0.51,70240.000000,0,27,12,0.0,0.0,0.0,0.0,0.0,0.0,1.0
238044,0,1,3400,-60,60,69,13,25,0.54,81472.000000,0,27,12,0.0,0.0,0.0,0.0,0.0,0.0,1.0
238293,0,1,3400,-60,60,70,16,25,0.50,10602.409180,0,27,12,0.0,0.0,0.0,0.0,0.0,0.0,1.0
238542,0,1,3400,-60,60,69,14,25,0.50,44960.000000,0,27,7.8,0.0,9504.000000,24,0.0,0.0,0.0,1.0
238791,0,1,3400,-60,60,66,9.0,25,0.50,25243.027344,0,27,0.14,0.0,0.0,0.0,0.0,0.0,0.0,1.0
239040,0,1,3400,-60,60,66,15,25,0.50,15776.000000,0,27,0.14,0.0,0.0,0.0,0.0,0.0,0.0,1.0
239289,0,1,3400,-60,60,68,12,25,0.50,57408.000000,0,27,0.14,186,0.0,0.0,0.0,0.0,0.0,1.0
239538,0,1,3400,-60,60,65,14,25,0.50,39968.000000,0,27,0.0,0.0,14752.000000,0,0.0,0.0,0.0,1.0
239787,0,1,3400,-60,60,69,17,25,0.50,56928.000000,0,27,0.096,0.0,0.0,0.0,0.0,0.0,0.0,1.0
240036,0,1,3400,-60,60,66,12,25,0.50,55808.000000,0,27,0.0,0.0,0.0,0.0,0.0,0.0,0.0,1.0
240285,0,1,3400,-60,60,61,17,25,0.60,37248.000000,6,27,0.096,0.0,0.0,0.0,0.0,0.0,0.0,1.0
240534,0,1,3400,-60,60,62,12,25,0.53,51488.000000,0,27,2.5,0.0,38112.000000,0,0.0,0.0,0.0,1.0
240783,0,1,3400,-60,60,65,8.1,25,0.50,28352.000000,0,27,3.5,0.0,0.0,0.0,0.0,0.0,0.0,1.0
241032,0,1,3400,-60,60,70,4.4,25,0.50,55104.000000,0,27,3.6,0.0,0.0,0.0,0.0,0.0,0.0,1.0
241281,0,1,3400,-60,60,66,16,25,0.70,56448.000000,9,27,3.6,186,0.0,0.0,0.0,0.0,0.0,1.0
241530,0,1,3400,-60,60,68,16,25,0.51,37632.000000,0,27,6.8,0.0,0.0,80,0.0,0.0,0.0,1.0
241779,0,1,3400,-60,60,69,11,25,0.50,40224.000000,0,27,7.0,0.0,0.0,0.0,0.0,0.0,0.0,1.0
242028,0,1,3400,-60,60,71,9.6,25,0.54,56448.000000,0,27,7.0,0.0,0.0,0.0,0.0,0.0,0.0,1.0
242277,0,1,3400,-60,60,72,18,25,0.53,32832.000000,0,27,7.0,0.0,0.0,0.0,0.0,0.0,0.0,1.0
242526,0,1,3400,-60,60,71,14,25,0.56,42624.000000,0,27,1.7,0.0,13024.000000,0,0.0,0.0,0.0,1.0
242775,0,1,3400,-60,60,70,17,25,0.67,25504.000000,10,27,0.096,0.0,0.0,0.0,0.0,0.0,0.0,1.0
243024,0,1,3400,-60,60,69,16,25,0.86,55328.000000,3,27,0.14,0.0,0.0,0.0,0.0,0.0,0.0,1.0
243273,0,1,3400,-60,60,68,12,25,0.50,50272.000000,0,27,0.29,186,1568.000000,0,0.0,0.0,0.0,1.0
243522,0,1,3400,-60,60,70,14,25,0.50,60608.000000,0,27,6.8,0.0,13888.000000,0,0.0,0.0,0.0,1.0
243771,0,1,3400,-60,60,70,12,25,0.50,28256.000000,0,27,7.5,0.0,0.0,0.0,0.0,0.0,0.0,1.0
244020,0,1,3400,-60,60,67,17,25,0.50,42624.000000,0,27,7.5,0.0,0.0,0.0,0.0,0.0,0.0,1.0
244269,0,1,3400,-60,60,67,17,25,0.50,16096.000000,0,27,7.5,186,0.0,0.0,0.0,0.0,0.0,1.0
244518,0,1,3400,-60,60,68,14,25,0.53,42976.000000,0,27,0.92,0.0,14112.000000,0,0.0,0.0,0.0,1.0
244767,0,1,3400,-60,60,69,16,25,0.70,62464.000000,4,27,0.048,0.0,0.0,0.0,0.0,0.0,0.0,1.0
245016,0,1,3400,-60,60,67,16,25,0.50,16064.256836,0,27,0.19,0.0,0.0,0.0,0.0,0.0,0.0,1.0
245265,0,1,3400,-60,60,71,17,25,0.50,10581.672852,0,27,0.14,0.0,1561.752930,0,0.0,0.0,0.0,1.0
245514,0,1,3400,-60,60,70,12,25,0.50,22336.000000,0,27,1.2,0.0,28928.000000,0,0.0,0.0,0.0,1.0
245763,0,1,3400,-60,60,70,16,25,0.50,32128.000000,0,27,2.1,0.0,0.0,0.0,0.0,0.0,0.0,1.0
246012,0,1,3400,-60,60,69,12,25,0.50,44480.000000,0,27,2.1,0.0,0.0,0.0,0.0,0.0,0.0,1.0
246261,0,1,3400,-60,60,66,13,25,0.50,57792.000000,0,27,2.2,0.0,0.0,0.0,0.0,0.0,0.0,1.0
246510,0,1,3400,-60,60,69,17,25,0.50,21504.000000,0,27,0.94,0.0,13184.000000,0,0.0,0.0,0.0,1.0
246759,0,1,3400,-60,60,66,19,25,0.50,37600.000000,0,27,0.048,0.0,0.0,0.0,0.0,0.0,0.0,1.0
247008,0,1,3400,-60,60,68,16,25,0.50,42528.000000,0,27,0.096,0.0,0.0,0.0,0.0,0.0,0.0,1.0
247257,0,1,3400,-60,60,75,16,25,0.50,69632.000000,0,27,0.14,0.0,0.0,0.0,0.0,0.0,0.0,1.0
247506,0,1,3400,-60,60,68,16,25,0.68,30880.000000,8,27,0.14,0.0,13024.000000,0,0.0,0.0,0.0,1.0
247755,0,1,3400,-60,60,66,16,25,0.50,47840.000000,0,27,0.048,0.0,0.0,0.0,0.0,0.0,0.0,1.0
248004,0,1,3400,-60,60,66,13,25,0.50,42528.000000,0,27,0.0,0.0,0.0,0.0,0.0,0.0,0.0,1.0
248253,0,1,3400,-60,60,72,14,25,0.52,55264.000000,0,27,0.14,186,0.0,0.0,0.0,0.0,0.0,1.0
248502,0,1,3400,-60,60,67,17,25,0.50,37088.000000,0,27,0.0,0.0,13024.000000,0,0.0,0.0,0.0,1.0
248751,0,1,3400,-60,60,69,12,25,0.65,37088.000000,5,27,0.0,0.0,0.0,0.0,0.0,0.0,0.0,1.0
249000,0,1,3400,-60,60,68,12,25,0.50,28960.000000,0,27,0.0,0.0,0.0,0.0,0.0,0.0,0.0,1.0
249249,0,1,3400,-60,60,72,13,25,0.50,32544.000000,0,27,0.0,186,0.0,0.0,0.0,0.0,0.0,1.0
249498,0,1,3400,-60,60,66,12,25,0.50,34240.000000,0,27,5.2,0.0,69312.000000,0,0.0,0.0,0.0,1.0
249747,0,1,3400,-60,60,66,15,25,0.50,63680.000000,0,27,6.0,0.0,0.0,0.0,0.0,0.0,0.0,1.0
249996,0,1,3400,-60,60,66,17,25,0.50,50976.000000,0,27,6.0,0.0,0.0,0.0,0.0,0.0,0.0,1.0
250245,0,1,3400,-60,60,67,11,25,0.50,55840.000000,0,27,6.0,186,0.0,0.0,0.0,0.0,0.0,1.0
250494,0,1,3400,-60,60,64,13,25,0.56,42496.000000,0,27,0.81,0.0,14112.000000,0,0.0,0.0,0.0,1.0
250743,0,1,3400,-60,60,68,15,25,0.61,20160.000000,12,27,0.0,0.0,0.0,0.0,0.0,0.0,0.0,1.0
250992,0,1,3400,-60,60,69,19,25,0.55,67808.000000,5,27,0.0,0.0,0.0,0.0,0.0,0.0,0.0,1.0
251241,0,1,3400,-60,60,65,16,25,0.50,52256.000000,0,27,0.0,186,0.0,0.0,0.0,0.0,0.0,1.0
251490,0,1,3400,-60,60,67,15,25,0.50,23903.615234,0,27,0.0,0.0,8835.341797,0,0.0,0.0,0.0,1.0
251739,0,1,3400,-60,60,66,14,25,0.50,37227.089844,0,27,0.0,0.0,0.0,0.0,0.0,0.0,0.0,1.0
251988,0,1,3400,-60,60,68,18,25,0.50,42720.000000,0,27,0.0,0.0,0.0,0.0,0.0,0.0,0.0,1.0
252237,0,1,3400,-60,60,70,15,25,1.8,19328.000000,22,27,0.0,0.0,0.0,0.0,0.0,0.0,0.0,1.0
252486,0,1,3400,-60,60,72,15,25,0.58,25536.000000,10,27,0.0,0.0,13024.000000,0,0.0,0.0,0.0,1.0
252735,0,1,3400,-60,60,73,17,25,0.51,37504.000000,0,27,0.0,0.0,0.0,0.0,0.0,0.0,0.0,1.0
252984,0,1,3400,-60,60,72,15,25,0.50,31776.000000,0,27,0.0,0.0,0.0,0.0,0.0,0.0,0.0,1.0
253233,0,1,3400,-60,60,74,17,25,0.50,16064.000000,0,27,0.0,186,0.0,0.0,0.0,0.0,0.0,1.0
253482,0,1,3400,-60,60,68,13,25,0.50,30016.000000,0,27,0.052,0.0,10240.000000,0,0.0,0.0,0.0,1.0
253731,0,1,3400,-60,60,67,14,25,0.50,32480.000000,0,27,0.0,0.0,0.0,0.0,0.0,0.0,0.0,1.0
253980,0,1,3400,-60,60,69,11,25,0.50,21824.000000,0,27,0.0,0.0,0.0,0.0,0.0,0.0,0.0,1.0
254229,0,1,3400,-60,60,68,14,25,0.50,54304.000000,0,27,0.0,0.0,0.0,0.0,0.0,0.0,0.0,1.0
254478,0,1,3400,-60,60,70,16,25,0.50,48032.000000,0,27,0.0,0.0,13184.000000,0,0.0,0.0,0.0,1.0
254727,0,1,3400,-60,60,71,17,25,0.78,72544.000000,7,27,0.0,0.0,0.0,0.0,0.0,0.0,0.0,1.0
254976,0,1,3400,-60,60,66,14,25,0.50,45792.000000,0,27,0.0,0.0,0.0,0.0,0.0,0.0,0.0,1.0
255225,0,1,3400,-60,60,68,14,25,0.54,43328.000000,3,27,0.0,0.0,0.0,0.0,0.0,0.0,0.0,1.0
255474,0,1,3400,-60,60,68,15,25,0.50,26944.000000,0,27,0.0,0.0,14592.000000,0,0.0,0.0,0.0,1.0
255723,0,1,3400,-60,60,70,16,25,0.50,37152.000000,0,27,0.0,0.0,0.0,0.0,0.0,0.0,0.0,1.0
255972,0,1,3400,-60,60,70,17,25,0.50,53568.000000,0,27,0.0,0.0,0.0,0.0,0.0,0.0,0.0,1.0
256221,0,1,3400,-60,60,68,13,25,0.50,56224.000000,0,27,0.0,186,0.0,0.0,0.0,0.0,0.0,1.0
256470,0,1,3400,-60,60,67,16,25,0.67,61440.000000,9,27,0.0,0.0,14592.000000,0,0.0,0.0,0.0,1.0
256719,0,1,3400,-60,60,70,4.7,25,0.50,24864.000000,0,27,0.0,0.0,0.0,0.0,0.0,0.0,0.0,1.0
256968,0,1,3400,-60,60,71,16,25,0.54,46912.000000,6,27,0.0,0.0,0.0,0.0,0.0,0.0,0.0,1.0
257217,0,1,3400,-60,60,65,18,24,0.50,23840.000000,0,27,0.0,0.0,0.0,0.0,0.0,0.0,0.0,1.0
257466,0,1,3400,-60,60,67,17,25,0.92,48481.925781,11,27,0.0,0.0,13236.948242,0,0.0,0.0,0.0,1.0
257715,0,1,3400,-60,60,61,12,25,0.78,51776.000000,2,27,0.0,0.0,0.0,0.0,0.0,0.0,0.0,1.0
257964,0,1,3400,-60,60,65,15,25,0.50,42752.000000,0,27,0.0,0.0,0.0,0.0,0.0,0.0,0.0,1.0
258213,0,1,3400,-60,60,66,16,25,0.54,40796.812500,0,27,0.0,186,0.0,0.0,0.0,0.0,0.0,1.0
258462,0,1,3400,-60,60,67,20,25,0.50,28288.000000,0,27,0.0,0.0,9888.000000,0,0.0,0.0,0.0,1.0
258711,0,1,3400,-60,60,66,11,25,1.1,31616.000000,6,27,0.0,0.0,0.0,0.0,0.0,0.0,0.0,1.0
258960,0,1,3400,-60,60,62,14,26,0.50,26656.000000,0,27,0.0,0.0,0.0,0.0,0.0,0.0,0.0,1.0
259209,0,1,3400,-60,60,61,16,26,0.56,62368.000000,5,27,0.0,0.0,0.0,0.0,0.0,0.0,0.0,1.0
259458,0,1,3400,-60,60,63,12,25,0.50,37920.000000,0,27,4.2,0.0,53728.000000,0,0.0,0.0,0.0,1.0
259707,0,1,3400,-60,60,65,19,25,0.64,31328.000000,9,27,6.0,0.0,0.0,0.0,0.0,0.0,0.0,1.0
259956,0,1,3400,-60,60,66,14,25,0.52,50560.000000,0,27,6.0,0.0,0.0,0.0,0.0,0.0,0.0,1.0
260205,0,1,3400,-60,60,67,16,25,0.50,21600.000000,0,27,6.0,0.0,0.0,0.0,0.0,0.0,0.0,1.0
260454,0,1,3400,-60,60,66,11,25,0.50,14336.000000,0,27,10,0.0,0.0,80,0.0,0.0,0.0,1.0
260703,0,1,3400,-60,60,63,17,25,0.50,52800.000000,0,27,13,0.0,0.0,0.0,0.0,0.0,0.0,1.0
260952,0,1,3400,-60,60,65,12,25,0.61,38944.000000,4,27,13,0.0,0.0,0.0,0.0,0.0,0.0,1.0
261201,0,1,3400,-60,60,71,13,25,0.50,32352.000000,0,27,13,186,0.0,0.0,0.0,0.0,0.0,1.0
261450,0,1,3400,-60,60,67,17,25,0.50,61376.000000,0,27,1.1,0.0,13024.000000,0,0.0,0.0,0.0,1.0
261699,0,1,3400,-60,60,71,17,25,0.50,45376.000000,0,27,0.0,0.0,0.0,0.0,0.0,0.0,0.0,1.0
261948,0,1,3400,-60,60,74,16,25,0.79,67232.000000,7,27,0.0,0.0,0.0,0.0,0.0,0.0,0.0,1.0
262197,0,1,3400,-60,60,71,13,25,0.50,33248.000000,0,27,0.0,0.0,0.0,0.0,0.0,0.0,0.0,1.0
262446,0,1,3400,-60,60,65,11,26,0.82,39168.000000,3,27,0.0,0.0,11456.000000,0,0.0,0.0,0.0,1.0
262695,0,1,3400,-60,60,68,19,26,0.53,42848.000000,0,27,0.0,0.0,0.0,0.0,0.0,0.0,0.0,1.0
262944,0,1,3400,-60,60,74,17,26,0.50,31776.000000,0,27,0.0,0.0,0.0,0.0,0.0,0.0,0.0,1.0
263193,0,1,3400,-60,60,77,14,26,0.50,48384.000000,0,27,0.0,186,0.0,0.0,0.0,0.0,0.0,1.0
263442,0,1,3400,-60,60,71,17,25,0.53,36608.000000,6,27,0.0,0.0,14592.000000,0,0.0,0.0,0.0,1.0
263691,0,1,3400,-60,60,70,12,25,0.50,62080.000000,0,27,0.0,0.0,0.0,0.0,0.0,0.0,0.0,1.0
263940,0,1,3400,-60,60,71,15,25,0.64,16064.256836,0,27,0.0,0.0,0.0,0.0,0.0,0.0,0.0,1.0
264189,0,1,3400,-60,60,68,10.0,25,0.52,38784.000000,0,27,0.0,0.0,0.0,0.0,0.0,0.0,0.0,1.0
264438,0,1,3400,-60,60,67,15,25,0.55,31744.000000,0,27,0.0,0.0,13024.000000,0,0.0,0.0,0.0,1.0
264687,0,1,3400,-60,60,70,14,25,0.50,48669.324219,0,27,0.0,0.0,0.0,0.0,0.0,0.0,0.0,1.0
264936,0,1,3400,-60,60,68,14,24,0.50,37504.000000,0,27,0.0,0.0,0.0,0.0,0.0,0.0,0.0,1.0
265185,0,1,3400,-60,60,69,12,25,0.50,43712.000000,0,27,0.0,186,0.0,0.0,0.0,0.0,0.0,1.0
265434,0,1,3400,-60,60,63,10,25,0.50,29408.000000,0,27,3.8,0.0,30112.000000,0,0.0,0.0,0.0,1.0
265683,0,1,3400,-60,60,66,11,25,0.50,42080.000000,0,27,4.5,0.0,0.0,0.0,0.0,0.0,0.0,1.0
265932,0,1,3400,-60,60,72,15,25,0.50,43328.000000,0,27,4.5,0.0,0.0,0.0,0.0,0.0,0.0,1.0
266181,0,1,3400,-60,60,67,16,25,0.50,63936.000000,0,27,4.5,186,0.0,0.0,0.0,0.0,0.0,1.0
266430,0,1,3400,-60,60,66,17,25,0.50,26496.000000,0,27,11,0.0,0.0,80,0.0,0.0,0.0,1.0
266679,0,1,3400,-60,60,65,15,26,0.50,49408.000000,0,27,11,0.0,0.0,0.0,0.0,0.0,0.0,1.0
266928,0,1,3400,-60,60,69,4.8,26,0.50,79072.000000,0,27,11,0.0,0.0,0.0,0.0,0.0,0.0,1.0
267177,0,1,3400,-60,60,72,16,26,0.54,16064.000000,0,27,11,0.0,0.0,0.0,0.0,0.0,0.0,1.0
267426,0,1,3400,-60,60,74,17,25,0.95,26496.000000,6,27,13,0.0,69056.000000,55,0.0,0.0,0.0,1.0
267675,0,1,3400,-60,60,67,11,25,0.50,27424.000000,0,27,16,0.0,0.0,0.0,0.0,0.0,0.0,1.0
267924,0,1,3400,-60,60,66,15,25,0.63,38144.000000,4,27,16,0.0,0.0,0.0,0.0,0.0,0.0,1.0
268173,0,1,3400,-60,60,68,14,25,0.50,32064.000000,0,27,16,186,0.0,0.0,0.0,0.0,0.0,1.0
268422,0,1,3400,-60,60,73,16,25,0.50,21472.000000,0,27,1.4,0.0,9888.000000,0,0.0,0.0,0.0,1.0
268671,0,1,3400,-60,60,75,11,25,0.50,33824.000000,0,27,0.0,0.0,0.0,0.0,0.0,0.0,0.0,1.0
268920,0,1,3400,-60,60,65,14,25,0.50,21504.000000,0,27,0.0,0.0,0.0,0.0,0.0,0.0,0.0,1.0
269169,0,1,3400,-60,60,70,16,25,0.51,27520.000000,8,27,0.0,0.0,0.0,0.0,0.0,0.0,0.0,1.0
269418,0,1,3400,-60,60,69,11,25,0.54,55904.000000,2,27,3.1,0.0,41664.000000,0,0.0,0.0,0.0,1.0
269667,0,1,3400,-60,60,68,16,25,1.1,20320.000000,12,27,3.5,0.0,0.0,0.0,0.0,0.0,0.0,1.0
269916,0,1,3400,-60,60,67,17,25,0.75,36288.000000,7,27,3.5,0.0,0.0,0.0,0.0,0.0,0.0,1.0
270165,0,1,3400,-60,60,66,15,25,0.84,26816.000000,8,27,3.4,186,0.0,0.0,0.0,0.0,0.0,1.0
270414,0,1,3400,-60,60,64,8.5,25,0.50,33792.000000,0,27,4.0,0.0,18624.000000,0,0.0,0.0,0.0,1.0
270663,0,1,3400,-60,60,62,17,25,0.50,36672.000000,0,27,4.0,0.0,0.0,0.0,0.0,0.0,0.0,1.0
270912,0,1,3400,-60,60,66,15,25,0.50,50120.480469,0,27,4.0,0.0,0.0,0.0,0.0,0.0,0.0,1.0
271161,0,1,3400,-60,60,66,12,25,0.50,28960.000000,0,27,4.0,186,0.0,0.0,0.0,0.0,0.0,1.0
271410,0,1,3400,-60,60,60,8.7,25,1.2,36621.515625,2,27,1.2,0.0,13450.199219,0,0.0,0.0,0.0,1.0
271659,0,1,3400,-60,60,68,12,25,0.81,26624.000000,0,27,1.0,0.0,0.0,0.0,0.0,0.0,0.0,1.0
271908,0,1,3400,-60,60,76,15,25,0.89,62720.000000,2,27,1.0,0.0,0.0,0.0,0.0,0.0,0.0,1.0
272157,0,1,3400,-60,60,72,15,25,0.61,31008.000000,8,27,0.99,0.0,0.0,0.0,0.0,0.0,0.0,1.0
272406,0,1,3400,-60,60,71,16,24,0.62,73888.000000,7,27,0.23,0.0,13024.000000,0,0.0,0.0,0.0,1.0
272655,0,1,3400,-60,60,71,16,25,0.52,42496.000000,0,27,0.0,0.0,0.0,0.0,0.0,0.0,0.0,1.0
272904,0,1,3400,-60,60,69,11,25,0.53,55296.000000,2,27,0.0,0.0,0.0,0.0,0.0,0.0,0.0,1.0
273153,0,1,3400,-60,60,69,14,25,0.54,37376.000000,0,27,0.0,0.0,0.0,0.0,0.0,0.0,0.0,1.0
273402,0,1,3400,-60,60,66,13,25,0.53,41600.000000,0,27,0.0,0.0,13024.000000,0,0.0,0.0,0.0,1.0
273651,0,1,3400,-60,60,67,16,25,0.70,21152.000000,0,27,0.0,0.0,0.0,0.0,0.0,0.0,0.0,1.0
273900,0,1,3400,-60,60,72,16,25,0.77,21408.000000,8,27,0.0,0.0,0.0,0.0,0.0,0.0,0.0,1.0
274149,0,1,3400,-60,60,70,15,25,0.51,22624.000000,0,27,0.0,186,0.0,0.0,0.0,0.0,0.0,1.0
274398,0,1,3400,-60,60,73,15,25,0.84,21088.000000,6,27,0.0,0.0,13024.000000,0,0.0,0.0,0.0,1.0
274647,0,1,3400,-60,60,72,15,25,0.65,47008.000000,5,27,0.0,0.0,0.0,0.0,0.0,0.0,0.0,1.0
274896,0,1,3400,-60,60,74,14,25,0.51,48512.000000,0,27,0.0,0.0,0.0,0.0,0.0,0.0,0.0,1.0
275145,0,1,3400,-60,60,68,15,25,0.51,44352.000000,0,27,0.0,0.0,0.0,0.0,0.0,0.0,0.0,1.0
275394,0,1,3400,-60,60,66,18,25,0.63,31936.000000,0,27,0.0,0.0,13024.000000,0,0.0,0.0,0.0,1.0
275643,0,1,3400,-60,60,67,11,25,0.50,26912.000000,0,27,0.0,0.0,0.0,0.0,0.0,0.0,0.0,1.0
275892,0,1,3400,-60,60,69,12,25,0.50,28576.000000,0,27,0.0,0.0,0.0,0.0,0.0,0.0,0.0,1.0
276141,0,1,3400,-60,60,71,10.0,25,0.67,15072.000000,17,27,0.0,0.0,0.0,0.0,0.0,0.0,0.0,1.0
276390,0,1,3400,-60,60,70,8.9,25,0.54,80704.000000,0,27,0.51,0.0,18432.000000,0,0.0,0.0,0.0,1.0
276639,0,1,3400,-60,60,72,8.0,25,0.50,56192.000000,0,27,1.0,0.0,0.0,0.0,0.0,0.0,0.0,1.0
276888,0,1,3400,-60,60,72,9.3,25,0.89,36562.250000,2,27,1.0,0.0,0.0,0.0,0.0,0.0,0.0,1.0
277137,0,1,3400,-60,60,67,9.4,25,0.50,26912.000000,0,27,1.0,186,0.0,0.0,0.0,0.0,0.0,1.0
277386,0,1,3400,-60,60,70,17,25,0.50,15968.000000,0,27,0.072,0.0,9888.000000,0,0.0,0.0,0.0,1.0
277635,0,1,3400,-60,60,69,10,25,0.50,23616.000000,0,27,0.0,0.0,0.0,0.0,0.0,0.0,0.0,1.0
277884,0,1,3400,-60,60,74,14,25,0.74,63521.914062,3,27,2.0,0.0,0.0,0,0.0,0.0,0.0,1.0
278133,0,1,3400,-60,60,71,9.2,25,0.50,10560.000000,0,27,14,186,0.0,0.0,0.0,0.0,0.0,1.0
278382,0,1,3400,-60,60,64,14,25,0.50,48992.000000,0,27,1.1,0.0,10240.000000,0,0.0,0.0,0.0,1.0
278631,0,1,3400,-60,60,64,15,25,1.5,36192.000000,13,27,0.0,0.0,0.0,0.0,0.0,0.0,0.0,1.0
278880,0,1,3400,-60,60,64,12,25,0.50,49344.000000,0,27,0.0,0.0,0.0,0.0,0.0,0.0,0.0,1.0
279129,0,1,3400,-60,60,67,12,25,0.50,46432.000000,0,27,0.0,0.0,0.0,0.0,0.0,0.0,0.0,1.0
279378,0,1,3400,-60,60,69,15,25,0.50,32032.000000,0,27,0.0,0.0,13024.000000,0,0.0,0.0,0.0,1.0
279627,0,1,3400,-60,60,67,13,25,0.71,64608.000000,3,27,0.0,0.0,0.0,0.0,0.0,0.0,0.0,1.0
279876,0,1,3400,-60,60,69,17,25,0.50,45376.000000,0,27,0.0,0.0,0.0,0.0,0.0,0.0,0.0,1.0
280125,0,1,3400,-60,60,65,16,25,0.50,56128.000000,0,27,0.0,0.0,0.0,0.0,0.0,0.0,0.0,1.0
280374,0,1,3400,-60,60,64,16,25,0.50,53504.000000,0,27,0.11,0.0,12544.000000,0,0.0,0.0,0.0,1.0
280623,0,1,3400,-60,60,70,17,25,0.54,58624.000000,0,27,0.0,0.0,0.0,0.0,0.0,0.0,0.0,1.0
280872,0,1,3400,-60,60,69,16,25,0.50,27008.000000,0,27,0.0,0.0,0.0,0.0,0.0,0.0,0.0,1.0
281121,0,1,3400,-60,60,68,16,25,0.61,60864.000000,8,27,0.0,0.0,0.0,0.0,0.0,0.0,0.0,1.0
281370,0,1,3400,-60,60,68,17,25,0.51,44576.000000,0,27,0.18,0.0,16288.000000,0,0.0,0.0,0.0,1.0
281619,0,1,3400,-60,60,69,15,25,0.50,48896.000000,0,27,0.0,0.0,0.0,0.0,0.0,0.0,0.0,1.0
281868,0,1,3400,-60,60,68,16,25,0.50,64032.000000,0,27,0.0,0.0,0.0,0.0,0.0,0.0,0.0,1.0
282117,0,1,3400,-60,60,65,11,26,0.50,46432.000000,0,27,0.0,0.0,0.0,0.0,0.0,0.0,0.0,1.0
282366,0,1,3400,-60,60,67,14,25,0.50,43200.000000,0,27,0.0,0.0,13024.000000,0,0.0,0.0,0.0,1.0
282615,0,1,3400,-60,60,69,16,25,0.50,32512.000000,0,27,0.0,0.0,0.0,0.0,0.0,0.0,0.0,1.0
282864,0,1,3400,-60,60,71,17,25,0.50,42624.000000,0,27,0.0,0.0,0.0,0.0,0.0,0.0,0.0,1.0
283113,0,1,3400,-60,60,69,9.5,25,0.50,52832.000000,0,27,0.0,0.0,0.0,0.0,0.0,0.0,0.0,1.0
283362,0,1,3400,-60,60,65,13,25,0.63,56928.000000,2,27,0.0,0.0,11616.000000,0,0.0,0.0,0.0,1.0
283611,0,1,3400,-60,60,70,15,25,0.50,32640.000000,0,27,0.0,0.0,0.0,0.0,0.0,0.0,0.0,1.0
283860,0,1,3400,-60,60,70,12,25,0.50,69012.046875,0,27,0.0,0.0,0.0,0.0,0.0,0.0,0.0,1.0
284109,0,1,3400,-60,60,69,17,25,0.50,31584.000000,0,27,0.0,0.0,0.0,0.0,0.0,0.0,0.0,1.0
284358,0,1,3400,-60,60,71,13,25,0.70,47904.382812,5,27,0.0,0.0,12972.111328,0,0.0,0.0,0.0,1.0
284607,0,1,3400,-60,60,74,15,25,0.50,59296.000000,0,27,0.0,0.0,0.0,0.0,0.0,0.0,0.0,1.0
284856,0,1,3400,-60,60,71,17,25,0.50,32096.000000,0,27,0.0,0.0,0.0,0.0,0.0,0.0,0.0,1.0
285105,0,1,3400,-60,60,68,18,26,1.2,41216.000000,13,27,0.0,0.0,0.0,0.0,0.0,0.0,0.0,1.0
285354,0,1,3400,-60,60,69,19,25,0.79,48992.000000,0,27,2.0,0.0,22848.000000,0,0.0,0.0,0.0,1.0
285603,0,1,3400,-60,60,65,15,26,0.50,42592.000000,0,27,3.0,0.0,0.0,0.0,0.0,0.0,0.0,1.0
285852,0,1,3400,-60,60,63,13,25,0.50,33184.000000,0,27,3.0,0.0,0.0,0.0,0.0,0.0,0.0,1.0
286101,0,1,3400,-60,60,64,16,25,0.81,36000.000000,8,27,3.0,0.0,0.0,0.0,0.0,0.0,0.0,1.0
286350,0,1,3400,-60,60,64,16,25,0.50,37248.000000,0,27,0.73,0.0,13184.000000,0,0.0,0.0,0.0,1.0
286599,0,1,3400,-60,60,68,17,25,0.50,54176.000000,0,27,0.0,0.0,0.0,0.0,0.0,0.0,0.0,1.0
286848,0,1,3400,-60,60,72,21,25,0.50,31520.000000,0,27,0.0,0.0,0.0,0.0,0.0,0.0,0.0,1.0
287097,0,1,3400,-60,60,70,15,25,0.50,47808.000000,0,27,0.0,186,0.0,0.0,0.0,0.0,0.0,1.0
287346,0,1,3400,-60,60,70,15,25,0.50,28160.000000,0,27,0.0,0.0,13024.000000,0,0.0,0.0,0.0,1.0
287595,0,1,3400,-60,60,69,16,25,0.81,56640.000000,9,27,0.0,0.0,0.0,0.0,0.0,0.0,0.0,1.0
287844,0,1,3400,-60,60,71,11,25,1.1,45696.000000,5,27,0.0,0.0,0.0,0.0,0.0,0.0,0.0,1.0
288093,0,1,3400,-60,60,68,16,25,0.92,28032.000000,9,27,0.0,0.0,0.0,0.0,0.0,0.0,0.0,1.0
288342,0,1,3400,-60,60,65,17,25,0.50,63808.000000,0,27,0.0,0.0,11616.000000,0,0.0,0.0,0.0,1.0
288591,0,1,3400,-60,60,68,15,25,0.50,53920.000000,0,27,0.0,0.0,0.0,0.0,0.0,0.0,0.0,1.0
288840,0,1,3400,-60,60,70,16,25,0.50,50208.000000,0,27,0.0,0.0,0.0,0.0,0.0,0.0,0.0,1.0
289089,0,1,3400,-60,60,71,13,26,0.53,52960.000000,3,27,0.0,186,0.0,0.0,0.0,0.0,0.0,1.0
289338,0,1,3400,-60,60,67,17,25,0.56,36032.000000,8,27,0.0,0.0,11616.000000,0,0.0,0.0,0.0,1.0
289587,0,1,3400,-60,60,68,13,25,0.50,43648.000000,0,27,0.0,0.0,0.0,0.0,0.0,0.0,0.0,1.0
289836,0,1,3400,-60,60,70,13,25,0.50,55808.000000,0,27,0.0,0.0,0.0,0.0,0.0,0.0,0.0,1.0
290085,0,1,3400,-60,60,68,12,26,0.56,37216.000000,4,27,0.0,186,0.0,0.0,0.0,0.0,0.0,1.0
290334,0,1,3400,-60,60,69,10,25,0.50,53012.046875,0,27,5.2,0.0,44497.992188,42,0.0,0.0,0.0,1.0
290583,0,1,3400,-60,60,68,17,25,0.50,21344.000000,0,27,5.9,0.0,0.0,0.0,0.0,0.0,0.0,1.0
290832,0,1,3400,-60,60,66,12,25,0.50,28430.279297,0,27,6.0,0.0,0.0,0.0,0.0,0.0,0.0,1.0
291081,0,1,3400,-60,60,68,9.5,25,0.50,46112.000000,0,27,6.0,0.0,0.0,0.0,0.0,0.0,0.0,1.0
291330,0,1,3400,-60,60,68,5.9,25,0.50,30720.000000,0,27,3.2,0.0,16640.000000,0,0.0,0.0,0.0,1.0
291579,0,1,3400,-60,60,67,4.7,25,0.50,24672.000000,0,27,0.0,0.0,0.0,0.0,0.0,0.0,0.0,1.0
291828,0,1,3400,-60,60,69,13,25,0.50,32896.000000,0,27,0.0,0.0,0.0,0.0,0.0,0.0,0.0,1.0
292077,0,1,3400,-60,60,68,12,25,0.50,52352.000000,0,27,0.0,186,0.0,0.0,0.0,0.0,0.0,1.0
292326,0,1,3400,-60,60,70,10,25,0.50,32032.000000,0,27,0.032,0.0,13184.000000,0,0.0,0.0,0.0,1.0
292575,0,1,3400,-60,60,69,17,25,0.50,21760.000000,0,27,0.0,0.0,0.0,0.0,0.0,0.0,0.0,1.0
292824,0,1,3400,-60,60,71,13,25,0.50,35712.000000,0,27,0.0,0.0,0.0,0.0,0.0,0.0,0.0,1.0
293073,0,1,3400,-60,60,68,12,25,0.68,43232.000000,4,27,0.0,0.0,0.0,0.0,0.0,0.0,0.0,1.0
293322,0,1,3400,-60,60,68,16,25,0.68,37440.000000,7,27,0.0,0.0,11456.000000,0,0.0,0.0,0.0,1.0
293571,0,1,3400,-60,60,71,12,25,0.50,29888.000000,0,27,0.0,0.0,0.0,0.0,0.0,0.0,0.0,1.0
293820,0,1,3400,-60,60,66,9.8,25,0.50,39616.000000,0,27,0.0,0.0,0.0,0.0,0.0,0.0,0.0,1.0
294069,0,1,3400,-60,60,66,17,25,0.50,26784.000000,0,27,0.0,0.0,0.0,0.0,0.0,0.0,0.0,1.0
294318,0,1,3400,-60,60,70,17,25,0.51,41408.000000,6,27,1.4,0.0,16768.000000,0,0.0,0.0,0.0,1.0
294567,0,1,3400,-60,60,66,15,25,0.50,48032.000000,0,27,2.0,0.0,0.0,0.0,0.0,0.0,0.0,1.0
294816,0,1,3400,-60,60,68,9.2,25,0.50,5376.000000,0,27,2.0,0.0,0.0,0.0,0.0,0.0,0.0,1.0
295065,0,1,3400,-60,60,71,15,25,0.64,60800.000000,0,27,2.0,186,0.0,0.0,0.0,0.0,0.0,1.0
295314,0,1,3400,-60,60,70,11,25,0.50,21344.000000,0,27,0.18,0.0,14752.000000,0,0.0,0.0,0.0,1.0
295563,0,1,3400,-60,60,66,14,25,0.50,32064.000000,0,27,0.0,0.0,0.0,0.0,0.0,0.0,0.0,1.0
295812,0,1,3400,-60,60,66,11,25,0.50,16672.000000,0,27,0.0,0.0,0.0,0.0,0.0,0.0,0.0,1.0
296061,0,1,3400,-60,60,68,10,25,1.0,33216.000000,5,27,0.0,186,0.0,0.0,0.0,0.0,0.0,1.0
296310,0,1,3400,-60,60,69,17,25,0.64,37056.000000,7,27,0.0,0.0,14592.000000,0,0.0,0.0,0.0,1.0
296559,0,1,3400,-60,60,66,6.1,25,0.51,35040.000000,2,27,0.0,0.0,0.0,0.0,0.0,0.0,0.0,1.0
296808,0,1,3400,-60,60,67,12,25,0.50,56160.640625,0,27,0.0,0.0,0.0,0.0,0.0,0.0,0.0,1.0
297057,0,1,3400,-60,60,70,11,26,0.61,39808.000000,2,27,0.0,186,1568.000000,0,0.0,0.0,0.0,1.0
297306,0,1,3400,-60,60,68,13,25,0.50,27712.000000,0,27,0.83,0.0,13504.000000,0,0.0,0.0,0.0,1.0
297555,0,1,3400,-60,60,68,14,25,0.79,53290.835938,6,27,1.00,0.0,0.0,0.0,0.0,0.0,0.0,1.0
297804,0,1,3400,-60,60,72,6.9,25,0.50,25664.000000,0,27,0.99,0.0,0.0,0.0,0.0,0.0,0.0,1.0
298053,0,1,3400,-60,60,67,15,25,0.63,41632.000000,6,27,0.98,0.0,0.0,0.0,0.0,0.0,0.0,1.0
298302,0,1,3400,-60,60,66,16,25,0.54,47392.000000,5,27,0.32,0.0,10240.000000,0,0.0,0.0,0.0,1.0
298551,0,1,3400,-60,60,69,14,25,0.61,53856.000000,4,27,0.0,0.0,0.0,0.0,0.0,0.0,0.0,1.0
298800,0,1,3400,-60,60,67,13,25,1.4,17920.000000,0,27,0.0,0.0,0.0,0.0,0.0,0.0,0.0,1.0
299049,0,1,3400,-60,60,69,9.6,25,0.65,31360.000000,6,27,0.0,186,0.0,0.0,0.0,0.0,0.0,1.0
299298,0,1,3400,-60,60,67,15,25,0.50,49600.000000,0,27,0.0,0.0,13024.000000,0,0.0,0.0,0.0,1.0
299547,0,1,3400,-60,60,69,17,25,0.50,48128.000000,0,27,0.0,0.0,0.0,0.0,0.0,0.0,0.0,1.0
299796,0,1,3400,-60,60,63,17,25,0.50,55648.000000,0,27,0.0,0.0,0.0,0.0,0.0,0.0,0.0,1.0
300045,0,1,3400,-60,60,69,10,25,0.50,28000.000000,0,27,0.0,186,0.0,0.0,0.0,0.0,0.0,1.0
300294,0,1,3400,-60,60,74,13,26,0.50,48352.000000,0,27,4.0,0.0,62816.000000,0,0.0,0.0,0.0,1.0
300543,0,1,3400,-60,60,68,16,25,0.50,31808.000000,0,27,4.4,0.0,0.0,0.0,0.0,0.0,0.0,1.0
300792,0,1,3400,-60,60,66,17,25,0.50,42176.000000,0,27,4.5,0.0,0.0,0.0,0.0,0.0,0.0,1.0
301041,0,1,3400,-60,60,66,14,25,0.53,53952.000000,0,27,4.4,186,0.0,0.0,0.0,0.0,0.0,1.0
301290,0,1,3400,-60,60,64,16,25,0.56,62560.000000,4,27,0.29,0.0,14592.000000,0,0.0,0.0,0.0,1.0
301539,0,1,3400,-60,60,66,12,25,0.50,52064.000000,0,27,0.0,0.0,0.0,0.0,0.0,0.0,0.0,1.0
301788,0,1,3400,-60,60,67,17,25,0.50,32000.000000,0,27,0.0,0.0,0.0,0.0,0.0,0.0,0.0,1.0
302037,0,1,3400,-60,60,66,14,25,0.50,39648.000000,0,27,0.0,0.0,0.0,0.0,0.0,0.0,0.0,1.0
302286,0,1,3400,-60,60,66,16,25,0.50,31968.000000,0,27,0.0,0.0,14112.000000,0,0.0,0.0,0.0,1.0
302535,0,1,3400,-60,60,63,10,25,0.72,48992.000000,3,27,0.0,0.0,0.0,0.0,0.0,0.0,0.0,1.0
302784,0,1,3400,-60,60,68,16,25,0.50,69120.000000,0,27,0.0,0.0,0.0,0.0,0.0,0.0,0.0,1.0
303033,0,1,3400,-60,60,71,14,25,0.52,39389.558594,0,27,0.0,0.0,0.0,0.0,0.0,0.0,0.0,1.0
303282,0,1,3400,-60,60,70,17,25,0.53,42752.000000,0,27,0.0,0.0,13184.000000,0,0.0,0.0,0.0,1.0
303531,0,1,3400,-60,60,69,12,25,0.50,51744.000000,0,27,0.0,0.0,0.0,0.0,0.0,0.0,0.0,1.0
303780,0,1,3400,-60,60,68,13,25,0.50,56928.000000,0,27,0.0,0.0,0.0,0.0,0.0,0.0,0.0,1.0
304029,0,1,3400,-60,60,64,16,25,0.50,47936.253906,0,27,0.0,0.0,0.0,0.0,0.0,0.0,0.0,1.0
304278,0,1,3400,-60,60,69,17,25,0.50,42368.000000,0,27,0.0,0.0,14112.000000,0,0.0,0.0,0.0,1.0
304527,0,1,3400,-60,60,71,16,26,0.87,40192.000000,12,27,0.0,0.0,0.0,0.0,0.0,0.0,0.0,1.0
304776,0,1,3400,-60,60,72,16,25,0.50,21472.000000,0,27,0.0,0.0,0.0,0.0,0.0,0.0,0.0,1.0
305025,0,1,3400,-60,60,69,17,25,0.50,53408.000000,0,27,0.0,0.0,0.0,0.0,0.0,0.0,0.0,1.0
305274,0,1,3400,-60,60,70,17,25,0.50,85472.000000,0,27,0.0,0.0,15008.000000,0,0.0,0.0,0.0,1.0
305523,0,1,3400,-60,60,66,16,25,0.64,57408.000000,5,27,0.0,0.0,0.0,0.0,0.0,0.0,0.0,1.0
305772,0,1,3400,-60,60,70,15,25,0.50,45056.000000,0,27,0.0,0.0,0.0,0.0,0.0,0.0,0.0,1.0
306021,0,1,3400,-60,60,70,13,25,0.53,54496.000000,0,27,0.0,0.0,0.0,0.0,0.0,0.0,0.0,1.0
306270,0,1,3400,-60,60,68,13,25,0.50,36224.000000,0,27,0.072,0.0,15136.000000,0,0.0,0.0,0.0,1.0
306519,0,1,3400,-60,60,65,16,25,0.50,74016.000000,0,27,0.0,0.0,0.0,0.0,0.0,0.0,0.0,1.0
306768,0,1,3400,-60,60,70,13,25,0.50,26688.000000,0,27,0.0,0.0,0.0,0.0,0.0,0.0,0.0,1.0
307017,0,1,3400,-60,60,72,12,25,0.50,38720.000000,0,27,0.0,0.0,0.0,0.0,0.0,0.0,0.0,1.0
307266,0,1,3400,-60,60,70,14,25,0.54,39168.000000,3,27,4.1,0.0,40544.000000,13,0.0,0.0,0.0,1.0
307515,0,1,3400,-60,60,70,16,25,0.50,42432.000000,0,27,8.0,0.0,0.0,0.0,0.0,0.0,0.0,1.0
307764,0,1,3400,-60,60,70,17,26,0.50,31776.000000,0,27,7.9,0.0,0.0,0.0,0.0,0.0,0.0,1.0
308013,0,1,3400,-60,60,71,16,25,0.50,21280.000000,0,27,8.0,0.0,0.0,0.0,0.0,0.0,0.0,1.0
308262,0,1,3400,-60,60,71,13,25,0.63,39968.000000,3,27,2.0,0.0,13024.000000,0,0.0,0.0,0.0,1.0
308511,0,1,3400,-60,60,65,17,25,0.78,41952.000000,6,27,0.0,0.0,0.0,0.0,0.0,0.0,0.0,1.0
308760,0,1,3400,-60,60,63,15,25,0.50,32416.000000,0,27,0.0,0.0,0.0,0.0,0.0,0.0,0.0,1.0
309009,0,1,3400,-60,60,67,14,25,0.50,34848.000000,0,27,0.0,0.0,0.0,0.0,0.0,0.0,0.0,1.0
309258,0,1,3400,-60,60,67,17,25,0.50,48096.000000,0,27,0.0,0.0,13024.000000,0,0.0,0.0,0.0,1.0
309507,0,1,3400,-60,60,71,17,25,0.68,42827.308594,6,27,0.0,0.0,0.0,0.0,0.0,0.0,0.0,1.0
309756,0,1,3400,-60,60,68,14,25,0.50,29888.000000,0,27,0.0,0.0,0.0,0.0,0.0,0.0,0.0,1.0
310005,0,1,3400,-60,60,68,12,25,0.50,52512.000000,0,27,0.0,186,0.0,0.0,0.0,0.0,0.0,1.0
310254,0,1,3400,-60,60,70,14,25,0.52,32832.000000,0,27,0.076,0.0,9152.000000,0,0.0,0.0,0.0,1.0
310503,0,1,3400,-60,60,65,14,25,0.50,44621.515625,0,27,0.024,0.0,0.0,0.0,0.0,0.0,0.0,1.0
310752,0,1,3400,-60,60,69,12,25,0.50,26528.000000,0,27,0.036,0.0,0.0,0.0,0.0,0.0,0.0,1.0
311001,0,1,3400,-60,60,70,11,25,0.67,47936.000000,2,27,0.048,186,0.0,0.0,0.0,0.0,0.0,1.0
311250,0,1,3400,-60,60,67,12,25,0.50,49600.000000,0,27,0.044,0.0,9888.000000,0,0.0,0.0,0.0,1.0
311499,0,1,3400,-60,60,68,11,25,0.50,44288.000000,0,27,0.012,0.0,0.0,0.0,0.0,0.0,0.0,1.0
311748,0,1,3400,-60,60,68,18,26,0.50,0.0,0.0,27,0.0,0.0,0.0,0.0,0.0,0.0,0.0,1.0
311997,0,1,3400,-60,60,70,16,25,0.58,14880.000000,17,27,0.012,0.0,0.0,0.0,0.0,0.0,0.0,1.0
312246,0,1,3400,-60,60,67,12,25,0.50,39424.000000,0,27,0.012,0.0,16992.000000,0,0.0,0.0,0.0,1.0
312495,0,1,3400,-60,60,68,16,25,0.60,58688.000000,5,27,0.0,0.0,0.0,0.0,0.0,0.0,0.0,1.0
312744,0,1,3400,-60,60,68,17,25,0.50,84960.000000,0,27,0.024,0.0,0.0,0.0,0.0,0.0,0.0,1.0
312993,0,1,3400,-60,60,65,18,25,0.50,42784.000000,0,27,0.036,0.0,0.0,0.0,0.0,0.0,0.0,1.0
313242,0,1,3400,-60,60,68,11,25,0.50,44864.000000,0,27,0.012,0.0,13024.000000,0,0.0,0.0,0.0,1.0
313491,0,1,3400,-60,60,69,15,25,0.50,48192.000000,0,27,0.012,0.0,0.0,0.0,0.0,0.0,0.0,1.0
313740,0,1,3400,-60,60,69,14,25,0.50,64320.000000,0,27,0.024,0.0,0.0,0.0,0.0,0.0,0.0,1.0
313989,0,1,3400,-60,60,66,13,25,0.73,46912.000000,5,27,0.012,0.0,0.0,0.0,0.0,0.0,0.0,1.0
314238,0,1,3400,-60,60,67,17,25,0.50,63872.000000,0,27,0.0,0.0,13024.000000,0,0.0,0.0,0.0,1.0
314487,0,1,3400,-60,60,68,14,25,0.50,46912.000000,0,27,0.0,0.0,0.0,0.0,0.0,0.0,0.0,1.0
314736,0,1,3400,-60,60,66,16,25,0.50,44000.000000,0,27,0.012,0.0,0.0,0.0,0.0,0.0,0.0,1.0
314985,0,1,3400,-60,60,71,15,25,0.77,53216.000000,4,27,0.0,186,0.0,0.0,0.0,0.0,0.0,1.0
315234,0,1,3400,-60,60,72,15,25,0.79,30976.000000,8,27,0.024,0.0,11456.000000,0,0.0,0.0,0.0,1.0
315483,0,1,3400,-60,60,68,17,25,0.50,64000.000000,0,27,0.036,0.0,0.0,0.0,0.0,0.0,0.0,1.0
315732,0,1,3400,-60,60,66,15,25,0.50,59456.000000,0,27,0.0,0.0,0.0,0.0,0.0,0.0,0.0,1.0
315981,0,1,3400,-60,60,68,17,25,0.50,42281.125000,0,27,0.024,186,0.0,0.0,0.0,0.0,0.0,1.0
316230,0,1,3400,-60,60,63,16,25,1.6,33856.000000,23,27,0.0,0.0,11456.000000,0,0.0,0.0,0.0,1.0
316479,0,1,3400,-60,60,68,15,25,0.50,49312.000000,0,27,0.0,0.0,0.0,0.0,0.0,0.0,0.0,1.0
316728,0,1,3400,-60,60,70,15,25,0.50,33600.000000,0,27,0.0,0.0,0.0,0.0,0.0,0.0,0.0,1.0
316977,0,1,3400,-60,60,72,13,25,0.61,60844.621094,2,27,0.0,186,0.0,0.0,0.0,0.0,0.0,1.0
317226,0,1,3400,-60,60,69,14,25,0.51,50080.000000,0,27,0.0,0.0,13024.000000,0,0.0,0.0,0.0,1.0
317475,0,1,3400,-60,60,65,15,25,0.50,58816.000000,0,27,0.0,0.0,0.0,0.0,0.0,0.0,0.0,1.0
317724,0,1,3400,-60,60,61,13,25,0.50,43808.000000,0,27,0.0,0.0,0.0,0.0,0.0,0.0,0.0,1.0
317973,0,1,3400,-60,60,67,16,25,0.50,19744.000000,0,27,0.0,0.0,0.0,0.0,0.0,0.0,0.0,1.0
318222,0,1,3400,-60,60,67,12,25,0.50,52640.000000,0,27,0.0,0.0,13024.000000,0,0.0,0.0,0.0,1.0
318471,0,1,3400,-60,60,73,15,25,0.50,16096.000000,0,27,0.0,0.0,0.0,0.0,0.0,0.0,0.0,1.0
318720,0,1,3400,-60,60,72,15,25,0.50,31936.000000,0,27,0.0,0.0,0.0,0.0,0.0,0.0,0.0,1.0
318969,0,1,3400,-60,60,66,15,25,0.50,69216.000000,0,27,0.0,186,0.0,0.0,0.0,0.0,0.0,1.0
319218,0,1,3400,-60,60,65,15,25,1.1,23840.000000,11,27,0.0,0.0,13024.000000,0,0.0,0.0,0.0,1.0
319467,0,1,3400,-60,60,65,14,26,0.84,34144.000000,0,27,0.0,0.0,0.0,0.0,0.0,0.0,0.0,1.0
319716,0,1,3400,-60,60,70,16,25,0.50,33856.000000,0,27,0.0,0.0,0.0,0.0,0.0,0.0,0.0,1.0
319965,0,1,3400,-60,60,69,10,25,0.50,27648.000000,0,27,0.0,0.0,0.0,0.0,0.0,0.0,0.0,1.0
320214,0,1,3400,-60,60,71,15,25,0.77,46944.000000,5,27,1.2,0.0,25312.000000,0,0.0,0.0,0.0,1.0
320463,0,1,3400,-60,60,73,15,25,0.50,32704.000000,0,27,2.0,0.0,0.0,0.0,0.0,0.0,0.0,1.0
320712,0,1,3400,-60,60,66,9.4,25,0.50,52064.000000,0,27,2.0,0.0,0.0,0.0,0.0,0.0,0.0,1.0
320961,0,1,3400,-60,60,69,11,25,0.50,37664.000000,0,27,2.0,0.0,0.0,0.0,0.0,0.0,0.0,1.0
321210,0,1,3400,-60,60,63,15,25,0.50,49728.000000,0,27,0.52,0.0,13024.000000,0,0.0,0.0,0.0,1.0
321459,0,1,3400,-60,60,64,15,25,0.51,66240.000000,0,27,0.0,0.0,0.0,0.0,0.0,0.0,0.0,1.0
321708,0,1,3400,-60,60,70,12,25,0.50,33312.000000,0,27,0.0,0.0,0.0,0.0,0.0,0.0,0.0,1.0
321957,0,1,3400,-60,60,75,16,25,0.55,21504.000000,0,27,0.0,0.0,0.0,0.0,0.0,0.0,0.0,1.0
322206,0,1,3400,-60,60,69,15,25,0.50,59296.000000,0,27,0.0,0.0,13024.000000,0,0.0,0.0,0.0,1.0
322455,0,1,3400,-60,60,69,17,26,0.50,53429.718750,0,27,0.0,0.0,0.0,0.0,0.0,0.0,0.0,1.0
322704,0,1,3400,-60,60,62,9.3,25,0.50,50656.000000,0,27,0.0,0.0,0.0,0.0,0.0,0.0,0.0,1.0
322953,0,1,3400,-60,60,66,15,25,1.7,16480.000000,17,27,0.0,0.0,0.0,0.0,0.0,0.0,0.0,1.0
323202,0,1,3400,-60,60,71,9.6,25,0.50,36480.000000,0,27,0.0,0.0,13024.000000,0,0.0,0.0,0.0,1.0
323451,0,1,3400,-60,60,72,10,25,0.50,21536.000000,0,27,0.0,0.0,0.0,0.0,0.0,0.0,0.0,1.0
323700,0,1,3400,-60,60,72,17,25,0.50,32031.873047,0,27,0.0,0.0,0.0,0.0,0.0,0.0,0.0,1.0
323949,0,1,3400,-60,60,70,15,25,0.50,37312.000000,0,27,0.0,0.0,0.0,0.0,0.0,0.0,0.0,1.0
324198,0,1,3400,-60,60,68,12,25,0.50,65472.000000,0,27,0.0,0.0,9888.000000,0,0.0,0.0,0.0,1.0
324447,0,1,3400,-60,60,76,16,25,0.50,22912.000000,0,27,0.0,0.0,0.0,0.0,0.0,0.0,0.0,1.0
324696,0,1,3400,-60,60,71,15,25,0.50,31072.000000,0,27,0.0,0.0,0.0,0.0,0.0,0.0,0.0,1.0
324945,0,1,3400,-60,60,69,15,25,0.54,44608.000000,0,27,0.0,186,0.0,0.0,0.0,0.0,0.0,1.0
325194,0,1,3400,-60,60,70,12,25,0.50,48128.000000,0,27,0.0,0.0,14592.000000,0,0.0,0.0,0.0,1.0
325443,0,1,3400,-60,60,72,15,25,0.50,49280.000000,0,27,0.0,0.0,0.0,0.0,0.0,0.0,0.0,1.0
325692,0,1,3400,-60,60,72,18,25,0.50,31776.000000,0,27,0.0,0.0,0.0,0.0,0.0,0.0,0.0,1.0
325941,0,1,3400,-60,60,69,16,25,0.64,37440.000000,6,27,0.0,0.0,0.0,0.0,0.0,0.0,0.0,1.0
326190,0,1,3400,-60,60,67,13,25,0.84,53728.000000,2,27,0.0,0.0,14592.000000,0,0.0,0.0,0.0,1.0
326439,0,1,3400,-60,60,68,16,25,1.1,38560.000000,7,27,0.0,0.0,0.0,0.0,0.0,0.0,0.0,1.0
326688,0,1,3400,-60,60,70,17,26,0.94,85344.000000,0,27,0.0,0.0,0.0,0.0,0.0,0.0,0.0,1.0
326937,0,1,3400,-60,60,68,17,26,0.53,42496.000000,6,27,0.0,186,0.0,0.0,0.0,0.0,0.0,1.0
327186,0,1,3400,-60,60,67,17,25,0.61,25568.000000,10,27,0.0,0.0,13024.000000,0,0.0,0.0,0.0,1.0
327435,0,1,3400,-60,60,68,16,25,1.2,30880.000000,8,27,0.0,0.0,0.0,0.0,0.0,0.0,0.0,1.0
327684,0,1,3400,-60,60,65,11,25,0.50,55264.000000,0,27,0.0,0.0,0.0,0.0,0.0,0.0,0.0,1.0
327933,0,1,3400,-60,60,67,17,26,0.50,37152.000000,0,27,0.0,0.0,0.0,0.0,0.0,0.0,0.0,1.0
328182,0,1,3400,-60,60,66,17,25,0.50,21312.000000,0,27,0.0,0.0,13184.000000,0,0.0,0.0,0.0,1.0
328431,0,1,3400,-60,60,64,11,25,0.50,54656.000000,0,27,0.0,0.0,0.0,0.0,0.0,0.0,0.0,1.0
328680,0,1,3400,-60,60,70,15,25,0.63,43712.000000,3,27,0.0,0.0,0.0,0.0,0.0,0.0,0.0,1.0
328929,0,1,3400,-60,60,77,14,25,0.50,26441.767578,0,27,0.0,186,0.0,0.0,0.0,0.0,0.0,1.0
329178,0,1,3400,-60,60,75,19,25,0.81,37312.000000,7,27,0.0,0.0,13184.000000,0,0.0,0.0,0.0,1.0
329427,0,1,3400,-60,60,68,16,25,0.52,53088.000000,0,27,0.0,0.0,0.0,0.0,0.0,0.0,0.0,1.0
329676,0,1,3400,-60,60,68,15,25,0.50,10688.000000,0,27,0.0,0.0,0.0,0.0,0.0,0.0,0.0,1.0
329925,0,1,3400,-60,60,69,17,25,0.78,24160.000000,6,27,0.0,0.0,0.0,0.0,0.0,0.0,0.0,1.0
330174,0,1,3400,-60,60,68,16,25,0.50,25243.027344,0,27,0.0,0.0,12972.111328,0,0.0,0.0,0.0,1.0
330423,0,1,3400,-60,60,69,17,26,0.50,10656.000000,0,27,0.0,0.0,0.0,0.0,0.0,0.0,0.0,1.0
330672,0,1,3400,-60,60,68,9.7,26,0.53,39168.000000,3,27,0.0,0.0,0.0,0.0,0.0,0.0,0.0,1.0
330921,0,1,3400,-60,60,69,17,25,0.82,25664.000000,9,27,0.0,0.0,0.0,0.0,0.0,0.0,0.0,1.0
331170,0,1,3400,-60,60,70,15,25,0.64,55712.000000,0,27,0.0,0.0,11456.000000,0,0.0,0.0,0.0,1.0
331419,0,1,3400,-60,60,68,9.7,25,0.50,42368.000000,0,27,0.0,0.0,0.0,0.0,0.0,0.0,0.0,1.0
331668,0,1,3400,-60,60,64,16,25,0.50,26912.000000,0,27,0.0,0.0,0.0,0.0,0.0,0.0,0.0,1.0
331917,0,1,3400,-60,60,62,17,25,0.89,20256.000000,12,27,0.0,0.0,0.0,0.0,0.0,0.0,0.0,1.0
332166,0,1,3400,-60,60,67,16,25,1.8,26624.000000,0,27,0.0,186,0.0,0.0,0.0,0.0,0.0,1.0
332415,0,1,3400,-60,60,68,17,25,0.50,42752.000000,0,27,6.2,0.0,51264.000000,0,0.0,0.0,0.0,1.0
332664,0,1,3400,-60,60,66,14,25,0.50,33280.000000,0,27,6.9,0.0,0.0,0.0,0.0,0.0,0.0,1.0
332913,0,1,3400,-60,60,65,14,25,0.50,51520.000000,0,27,7.0,186,0.0,0.0,0.0,0.0,0.0,1.0
333162,0,1,3400,-60,60,68,16,25,0.50,35808.000000,0,27,7.5,0.0,0.0,80,0.0,0.0,0.0,1.0
333411,0,1,3400,-60,60,65,16,25,0.50,21152.000000,0,27,7.5,0.0,0.0,0.0,0.0,0.0,0.0,1.0
333660,0,1,3400,-60,60,72,15,25,0.67,52672.000000,4,27,7.4,0.0,0.0,0.0,0.0,0.0,0.0,1.0
333909,0,1,3400,-60,60,72,16,25,0.61,20256.000000,12,27,7.4,0.0,0.0,0.0,0.0,0.0,0.0,1.0
334158,0,1,3400,-60,60,75,14,25,0.84,80896.000000,2,27,3.2,0.0,13024.000000,0,0.0,0.0,0.0,1.0
334407,0,1,3400,-60,60,72,11,25,0.50,20064.000000,0,27,0.0,0.0,0.0,0.0,0.0,0.0,0.0,1.0
334656,0,1,3400,-60,60,63,13,25,0.50,64864.000000,0,27,0.0,0.0,0.0,0.0,0.0,0.0,0.0,1.0
334905,0,1,3400,-60,60,67,10,26,0.51,53280.000000,2,27,0.0,0.0,0.0,0.0,0.0,0.0,0.0,1.0
335154,0,1,3400,-60,60,64,16,25,0.50,26560.000000,0,27,0.0,0.0,13024.000000,0,0.0,0.0,0.0,1.0
335403,0,1,3400,-60,60,68,15,25,0.74,31004.015625,8,27,0.0,0.0,0.0,0.0,0.0,0.0,0.0,1.0
335652,0,1,3400,-60,60,71,16,25,0.50,42656.000000,0,27,0.0,0.0,0.0,0.0,0.0,0.0,0.0,1.0
335901,0,1,3400,-60,60,74,10,25,0.61,54272.000000,3,27,0.0,0.0,0.0,0.0,0.0,0.0,0.0,1.0
336150,0,1,3400,-60,60,72,14,25,0.63,81984.000000,2,27,0.0,0.0,13024.000000,0,0.0,0.0,0.0,1.0
336399,0,1,3400,-60,60,66,15,25,0.55,40256.000000,0,27,0.0,0.0,0.0,0.0,0.0,0.0,0.0,1.0
336648,0,1,3400,-60,60,64,16,25,0.50,42868.527344,0,27,0.0,0.0,0.0,0.0,0.0,0.0,0.0,1.0
336897,0,1,3400,-60,60,66,15,25,0.51,30720.000000,0,27,0.0,0.0,0.0,0.0,0.0,0.0,0.0,1.0
337146,0,1,3400,-60,60,67,8.2,25,0.50,51872.000000,0,27,0.0,0.0,13024.000000,0,0.0,0.0,0.0,1.0
337395,0,1,3400,-60,60,70,15,25,0.50,55648.000000,0,27,0.0,0.0,0.0,0.0,0.0,0.0,0.0,1.0
337644,0,1,3400,-60,60,73,9.7,25,1.2,74528.000000,1,27,0.0,0.0,0.0,0.0,0.0,0.0,0.0,1.0
337893,0,1,3400,-60,60,70,17,26,0.50,16320.000000,0,27,0.0,186,0.0,0.0,0.0,0.0,0.0,1.0
338142,0,1,3400,-60,60,66,14,25,0.50,38624.000000,0,27,3.9,0.0,46272.000000,0,0.0,0.0,0.0,1.0
338391,0,1,3400,-60,60,63,17,25,0.50,42720.000000,0,27,4.5,0.0,0.0,0.0,0.0,0.0,0.0,1.0
338640,0,1,3400,-60,60,69,11,25,0.50,33184.000000,0,27,4.5,0.0,0.0,0.0,0.0,0.0,0.0,1.0
338889,0,1,3400,-60,60,67,8.9,25,0.50,42752.000000,0,27,4.5,186,0.0,0.0,0.0,0.0,0.0,1.0
339138,0,1,3400,-60,60,70,13,25,0.50,22816.000000,0,27,0.68,0.0,16288.000000,0,0.0,0.0,0.0,1.0
339387,0,1,3400,-60,60,69,15,25,0.92,58208.000000,7,27,0.0,0.0,0.0,0.0,0.0,0.0,0.0,1.0
339636,0,1,3400,-60,60,75,17,25,0.50,37216.000000,0,27,0.0,0.0,0.0,0.0,0.0,0.0,0.0,1.0
339885,0,1,3400,-60,60,78,11,25,0.50,30496.000000,0,27,0.0,0.0,0.0,0.0,0.0,0.0,0.0,1.0
340134,0,1,3400,-60,60,73,12,25,0.99,21344.000000,10,27,0.032,0.0,11456.000000,0,0.0,0.0,0.0,1.0
340383,0,1,3400,-60,60,69,17,25,0.93,41696.000000,6,27,0.0,0.0,0.0,0.0,0.0,0.0,0.0,1.0
340632,0,1,3400,-60,60,70,11,25,0.50,51232.000000,0,27,0.0,0.0,0.0,0.0,0.0,0.0,0.0,1.0
340881,0,1,3400,-60,60,72,14,25,0.50,54688.000000,0,27,0.0,186,0.0,0.0,0.0,0.0,0.0,1.0
341130,0,1,3400,-60,60,70,14,25,0.53,53440.000000,0,27,0.0,0.0,13024.000000,0,0.0,0.0,0.0,1.0
341379,0,1,3400,-60,60,65,17,26,0.50,47904.000000,0,27,0.0,0.0,0.0,0.0,0.0,0.0,0.0,1.0
341628,0,1,3400,-60,60,66,14,25,0.53,38144.000000,0,27,0.0,0.0,0.0,0.0,0.0,0.0,0.0,1.0
341877,0,1,3400,-60,60,64,12,25,0.50,27855.421875,0,27,0.0,186,0.0,0.0,0.0,0.0,0.0,1.0
342126,0,1,3400,-60,60,67,11,25,0.53,37312.000000,0,27,0.20,0.0,14784.000000,0,0.0,0.0,0.0,1.0
342375,0,1,3400,-60,60,71,16,25,0.50,21280.000000,0,27,0.0,0.0,0.0,0.0,0.0,0.0,0.0,1.0
342624,0,1,3400,-60,60,69,15,25,0.50,37088.000000,0,27,0.0,0.0,0.0,0.0,0.0,0.0,0.0,1.0
342873,0,1,3400,-60,60,70,17,25,0.50,21504.000000,0,27,0.0,0.0,0.0,0.0,0.0,0.0,0.0,1.0
343122,0,1,3400,-60,60,78,14,25,0.50,29482.072266,0,27,0.18,0.0,16223.107422,0,0.0,0.0,0.0,1.0
343371,0,1,3400,-60,60,72,16,25,0.50,47808.000000,0,27,0.0,0.0,0.0,0.0,0.0,0.0,0.0,1.0
343620,0,1,3400,-60,60,63,16,25,0.50,37376.000000,0,27,0.0,0.0,0.0,0.0,0.0,0.0,0.0,1.0
343869,0,1,3400,-60,60,64,13,25,0.50,44672.000000,0,27,0.0,186,0.0,0.0,0.0,0.0,0.0,1.0
344118,0,1,3400,-60,60,71,11,25,0.50,45568.000000,0,27,6.1,0.0,67680.000000,0,0.0,0.0,0.0,1.0
344367,0,1,3400,-60,60,70,17,25,0.57,32064.000000,0,27,6.9,0.0,0.0,0.0,0.0,0.0,0.0,1.0
344616,0,1,3400,-60,60,68,14,25,1.4,27552.000000,4,27,7.0,0.0,0.0,0.0,0.0,0.0,0.0,1.0
344865,0,1,3400,-60,60,73,15,25,0.50,21280.000000,0,27,7.0,0.0,0.0,0.0,0.0,0.0,0.0,1.0
345114,0,1,3400,-60,60,72,17,26,0.50,27008.000000,0,27,2.1,0.0,16288.000000,0,0.0,0.0,0.0,1.0
345363,0,1,3400,-60,60,70,11,26,0.56,33792.000000,0,27,0.0,0.0,0.0,0.0,0.0,0.0,0.0,1.0
345612,0,1,3400,-60,60,66,11,26,0.50,37120.000000,0,27,0.0,0.0,0.0,0.0,0.0,0.0,0.0,1.0
345861,0,1,3400,-60,60,66,11,25,0.50,51520.000000,0,27,0.0,186,0.0,0.0,0.0,0.0,0.0,1.0
346110,0,1,3400,-60,60,70,15,26,0.52,21504.000000,0,27,0.0,0.0,13024.000000,0,0.0,0.0,0.0,1.0
346359,0,1,3400,-60,60,67,17,25,0.50,37600.000000,0,27,0.0,0.0,0.0,0.0,0.0,0.0,0.0,1.0
346608,0,1,3400,-60,60,69,18,25,0.50,42656.000000,0,27,0.0,0.0,0.0,0.0,0.0,0.0,0.0,1.0
346857,0,1,3400,-60,60,70,17,25,0.64,32352.000000,0,27,0.0,186,0.0,0.0,0.0,0.0,0.0,1.0
347106,0,1,3400,-60,60,76,13,25,0.51,63168.000000,4,27,0.0,0.0,13184.000000,0,0.0,0.0,0.0,1.0
347355,0,1,3400,-60,60,74,15,25,0.50,21824.000000,0,27,0.0,0.0,0.0,0.0,0.0,0.0,0.0,1.0
347604,0,1,3400,-60,60,71,15,25,0.50,54752.000000,0,27,0.0,0.0,0.0,0.0,0.0,0.0,0.0,1.0
347853,0,1,3400,-60,60,68,16,25,0.50,26976.000000,0,27,0.0,0.0,0.0,0.0,0.0,0.0,0.0,1.0
348102,0,1,3400,-60,60,70,14,25,0.50,32963.855469,0,27,0.0,0.0,13076.305664,0,0.0,0.0,0.0,1.0
348351,0,1,3400,-60,60,68,11,25,0.50,37024.000000,0,27,0.0,0.0,0.0,0.0,0.0,0.0,0.0,1.0
348600,0,1,3400,-60,60,70,16,25,0.50,49376.000000,0,27,0.0,0.0,0.0,0.0,0.0,0.0,0.0,1.0
348849,0,1,3400,-60,60,65,17,25,0.50,63648.000000,0,27,0.0,186,0.0,0.0,0.0,0.0,0.0,1.0
349098,0,1,3400,-60,60,71,15,26,0.55,27040.000000,0,27,0.0,0.0,13024.000000,0,0.0,0.0,0.0,1.0
349347,0,1,3400,-60,60,70,17,25,0.54,36928.000000,0,27,0.0,0.0,0.0,0.0,0.0,0.0,0.0,1.0
349596,0,1,3400,-60,60,76,10,25,0.50,24608.000000,0,27,0.0,0.0,0.0,0.0,0.0,0.0,0.0,1.0
349845,0,1,3400,-60,60,73,11,26,0.50,55904.382812,0,27,0.0,186,0.0,0.0,0.0,0.0,0.0,1.0
350094,0,1,3400,-60,60,71,16,25,0.50,27296.000000,0,27,0.0,0.0,13024.000000,0,0.0,0.0,0.0,1.0
350343,0,1,3400,-60,60,71,17,25,0.71,20448.000000,12,27,0.0,0.0,0.0,0.0,0.0,0.0,0.0,1.0
350592,0,1,3400,-60,60,69,16,25,0.50,16064.000000,0,27,0.0,0.0,0.0,0.0,0.0,0.0,0.0,1.0
350841,0,1,3400,-60,60,72,17,25,0.56,21312.000000,0,27,0.0,0.0,0.0,0.0,0.0,0.0,0.0,1.0
351090,0,1,3400,-60,60,66,16,25,0.51,26592.000000,0,27,0.85,0.0,17472.000000,0,0.0,0.0,0.0,1.0
351339,0,1,3400,-60,60,65,15,25,0.50,40128.000000,0,27,0.98,0.0,0.0,0.0,0.0,0.0,0.0,1.0
351588,0,1,3400,-60,60,72,9.3,25,0.50,30240.000000,0,27,0.99,0.0,0.0,0.0,0.0,0.0,0.0,1.0
351837,0,1,3400,-60,60,72,11,25,0.50,63072.000000,0,27,0.98,0.0,0.0,0.0,0.0,0.0,0.0,1.0
352086,0,1,3400,-60,60,67,17,25,0.50,63808.000000,0,27,1.6,0.0,19232.000000,0,0.0,0.0,0.0,1.0
352335,0,1,3400,-60,60,72,12,25,0.50,34048.000000,0,27,2.0,0.0,0.0,0.0,0.0,0.0,0.0,1.0
352584,0,1,3400,-60,60,66,16,26,0.86,40320.000000,12,27,2.0,0.0,0.0,0.0,0.0,0.0,0.0,1.0
352833,0,1,3400,-60,60,67,17,26,0.50,31872.000000,0,27,2.0,0.0,0.0,0.0,0.0,0.0,0.0,1.0
353082,0,1,3400,-60,60,67,16,26,0.50,27168.000000,0,27,0.46,0.0,14592.000000,0,0.0,0.0,0.0,1.0
353331,0,1,3400,-60,60,69,16,25,1.0,68000.000000,4,27,0.0,0.0,0.0,0.0,0.0,0.0,0.0,1.0
353580,0,1,3400,-60,60,72,11,25,0.54,45888.000000,0,27,0.0,0.0,0.0,0.0,0.0,0.0,0.0,1.0
353829,0,1,3400,-60,60,66,17,25,0.50,32096.000000,0,27,0.0,186,0.0,0.0,0.0,0.0,0.0,1.0
354078,0,1,3400,-60,60,73,16,25,0.50,69472.000000,0,27,0.0,0.0,9888.000000,0,0.0,0.0,0.0,1.0
354327,0,1,3400,-60,60,70,16,25,0.50,48032.000000,0,27,0.0,0.0,0.0,0.0,0.0,0.0,0.0,1.0
354576,0,1,3400,-60,60,67,17,25,0.50,21461.847656,0,27,0.0,0.0,0.0,0.0,0.0,0.0,0.0,1.0
354825,0,1,3400,-60,60,67,14,25,0.51,37280.000000,0,27,0.0,0.0,0.0,0.0,0.0,0.0,0.0,1.0
355074,0,1,3400,-60,60,68,14,25,0.50,43552.000000,0,27,9.2,0.0,48896.000000,64,0.0,0.0,0.0,1.0
355323,0,1,3400,-60,60,70,17,25,0.50,26656.000000,0,27,10,0.0,0.0,0.0,0.0,0.0,0.0,1.0
355572,0,1,3400,-60,60,63,17,25,0.50,37152.000000,0,27,10,0.0,0.0,0.0,0.0,0.0,0.0,1.0
355821,0,1,3400,-60,60,69,16,26,0.50,21440.000000,0,27,11,186,0.0,0.0,0.0,0.0,0.0,1.0
356070,0,1,3400,-60,60,71,12,25,0.52,41664.000000,0,27,8.8,0.0,18624.000000,20,0.0,0.0,0.0,1.0
356319,0,1,3400,-60,60,76,15,26,0.75,37832.667969,4,27,8.5,0.0,0.0,0.0,0.0,0.0,0.0,1.0
356568,0,1,3400,-60,60,72,17,25,0.75,36064.000000,8,27,8.5,0.0,0.0,0.0,0.0,0.0,0.0,1.0
356817,0,1,3400,-60,60,64,17,25,0.56,47584.000000,0,27,8.5,186,0.0,0.0,0.0,0.0,0.0,1.0
357066,0,1,3400,-60,60,71,17,25,0.50,37024.000000,0,27,0.96,0.0,14112.000000,0,0.0,0.0,0.0,1.0
357315,0,1,3400,-60,60,70,17,25,0.67,48096.000000,5,27,0.048,0.0,0.0,0.0,0.0,0.0,0.0,1.0
357564,0,1,3400,-60,60,62,17,25,1.4,28896.000000,0,27,0.048,0.0,0.0,0.0,0.0,0.0,0.0,1.0
357813,0,1,3400,-60,60,67,16,25,0.50,26720.000000,0,27,0.0,0.0,0.0,0.0,0.0,0.0,0.0,1.0
358062,0,1,3400,-60,60,72,16,25,0.79,32352.000000,7,27,0.0,0.0,13024.000000,0,0.0,0.0,0.0,1.0
358311,0,1,3400,-60,60,72,13,25,0.55,21312.000000,0,27,0.048,0.0,0.0,0.0,0.0,0.0,0.0,1.0
358560,0,1,3400,-60,60,69,15,25,0.50,26816.000000,0,27,0.0,0.0,0.0,0.0,0.0,0.0,0.0,1.0
358809,0,1,3400,-60,60,73,17,25,1.0,10752.000000,20,27,0.096,0.0,0.0,0.0,0.0,0.0,0.0,1.0
359058,0,1,3400,-60,60,72,15,25,0.50,42784.000000,0,27,0.14,0.0,13024.000000,0,0.0,0.0,0.0,1.0
359307,0,1,3400,-60,60,70,15,25,0.52,33216.000000,0,27,0.048,0.0,0.0,0.0,0.0,0.0,0.0,1.0
359556,0,1,3400,-60,60,68,17,25,0.50,58976.000000,0,27,0.048,0.0,0.0,0.0,0.0,0.0,0.0,1.0
359805,0,1,3400,-60,60,64,16,25,0.50,26560.000000,0,27,0.048,0.0,0.0,0.0,0.0,0.0,0.0,1.0
360054,0,1,3400,-60,60,68,11,26,0.50,81728.000000,0,27,0.90,0.0,15616.000000,0,0.0,0.0,0.0,1.0
360303,0,1,3400,-60,60,68,16,26,0.50,42848.000000,0,27,1.1,0.0,0.0,0.0,0.0,0.0,0.0,1.0
360552,0,1,3400,-60,60,65,15,25,0.51,48032.000000,0,27,1.2,0.0,0.0,0.0,0.0,0.0,0.0,1.0
360801,0,1,3400,-60,60,63,14,26,0.50,37952.000000,0,27,1.0,186,0.0,0.0,0.0,0.0,0.0,1.0
361050,0,1,3400,-60,60,69,15,26,0.59,26592.000000,0,27,0.35,0.0,13024.000000,0,0.0,0.0,0.0,1.0
361299,0,1,3400,-60,60,67,11,25,0.50,22746.988281,0,27,0.0,0.0,0.0,0.0,0.0,0.0,0.0,1.0
361548,0,1,3400,-60,60,68,14,25,0.57,64800.000000,3,27,0.048,0.0,0.0,0.0,0.0,0.0,0.0,1.0
361797,0,1,3400,-60,60,68,15,25,0.50,21472.000000,0,27,0.096,0.0,0.0,0.0,0.0,0.0,0.0,1.0
362046,0,1,3400,-60,60,66,15,25,0.50,37696.000000,0,27,0.048,0.0,13024.000000,0,0.0,0.0,0.0,1.0
362295,0,1,3400,-60,60,66,16,25,0.65,9568.000000,25,27,0.0,0.0,0.0,0.0,0.0,0.0,0.0,1.0
362544,0,1,3400,-60,60,67,14,25,0.56,71104.000000,2,27,0.14,0.0,0.0,0.0,0.0,0.0,0.0,1.0
362793,0,1,3400,-60,60,73,13,25,0.52,37035.855469,0,27,0.048,186,0.0,0.0,0.0,0.0,0.0,1.0
363042,0,1,3400,-60,60,73,12,25,0.64,57344.000000,2,27,0.36,0.0,19968.000000,10,0.0,0.0,0.0,1.0
363291,0,1,3400,-60,60,68,14,25,0.50,44864.000000,0,27,0.096,0.0,0.0,0.0,0.0,0.0,0.0,1.0
363540,0,1,3400,-60,60,64,14,25,0.52,43392.000000,0,27,0.048,0.0,0.0,0.0,0.0,0.0,0.0,1.0
363789,0,1,3400,-60,60,64,16,25,0.53,51808.000000,6,27,0.096,0.0,0.0,0.0,0.0,0.0,0.0,1.0
364038,0,1,3400,-60,60,63,10,25,0.57,30816.000000,8,27,0.048,0.0,13024.000000,0,0.0,0.0,0.0,1.0
364287,0,1,3400,-60,60,67,16,26,1.0,14976.000000,17,27,0.096,0.0,0.0,0.0,0.0,0.0,0.0,1.0
364536,0,1,3400,-60,60,70,11,26,0.50,29856.000000,0,27,0.048,0.0,0.0,0.0,0.0,0.0,0.0,1.0
364785,0,1,3400,-60,60,70,16,26,0.53,58880.000000,4,27,0.14,186,0.0,0.0,0.0,0.0,0.0,1.0
365034,0,1,3400,-60,60,70,16,25,0.54,85312.000000,0,27,0.14,0.0,13024.000000,0,0.0,0.0,0.0,1.0
365283,0,1,3400,-60,60,67,15,25,0.51,32064.000000,0,27,0.048,0.0,0.0,0.0,0.0,0.0,0.0,1.0
365532,0,1,3400,-60,60,70,13,25,0.54,43840.000000,0,27,0.096,0.0,0.0,0.0,0.0,0.0,0.0,1.0
365781,0,1,3400,-60,60,65,13,25,0.50,42848.000000,0,27,0.19,186,0.0,0.0,0.0,0.0,0.0,1.0
366030,0,1,3400,-60,60,67,16,25,0.91,37152.000000,7,27,0.0,0.0,9888.000000,0,0.0,0.0,0.0,1.0
366279,0,1,3400,-60,60,69,14,25,0.50,38400.000000,0,27,0.096,0.0,0.0,0.0,0.0,0.0,0.0,1.0
366528,0,1,3400,-60,60,68,13,25,0.50,41600.000000,0,27,0.096,0.0,0.0,0.0,0.0,0.0,0.0,1.0
366777,0,1,3400,-60,60,70,15,25,0.99,38336.000000,5,27,0.096,0.0,0.0,0.0,0.0,0.0,0.0,1.0
367026,0,1,3400,-60,60,69,12,25,0.51,77312.000000,0,27,5.0,0.0,48640.000000,19,0.0,0.0,0.0,1.0
367275,0,1,3400,-60,60,62,13,25,0.63,34024.097656,0,27,6.9,0.0,0.0,0.0,0.0,0.0,0.0,1.0
367524,0,1,3400,-60,60,61,7.7,26,0.50,32928.000000,0,27,6.9,0.0,0.0,0.0,0.0,0.0,0.0,1.0
367773,0,1,3400,-60,60,63,13,25,0.50,66240.000000,0,27,7.0,186,0.0,0.0,0.0,0.0,0.0,1.0
368022,0,1,3400,-60,60,67,16,25,0.50,37088.000000,0,27,0.64,0.0,11616.000000,0,0.0,0.0,0.0,1.0
368271,0,1,3400,-60,60,63,15,25,0.50,47904.000000,0,27,0.0,0.0,0.0,0.0,0.0,0.0,0.0,1.0
368520,0,1,3400,-60,60,63,16,26,0.50,31936.000000,0,27,0.0,0.0,0.0,0.0,0.0,0.0,0.0,1.0
368769,0,1,3400,-60,60,69,16,25,0.68,53152.000000,5,27,0.0,0.0,0.0,0.0,0.0,0.0,0.0,1.0
369018,0,1,3400,-60,60,66,17,25,0.81,25760.000000,10,27,0.0,0.0,13024.000000,0,0.0,0.0,0.0,1.0
369267,0,1,3400,-60,60,68,17,25,0.54,63298.804688,4,27,0.0,0.0,0.0,0.0,0.0,0.0,0.0,1.0
369516,0,1,3400,-60,60,70,17,25,0.57,37504.000000,0,27,0.0,0.0,0.0,0.0,0.0,0.0,0.0,1.0
369765,0,1,3400,-60,60,74,18,25,0.50,37440.000000,0,27,0.0,186,0.0,0.0,0.0,0.0,0.0,1.0
370014,0,1,3400,-60,60,68,15,25,0.50,37824.000000,0,27,0.0,0.0,13184.000000,0,0.0,0.0,0.0,1.0
370263,0,1,3400,-60,60,68,8.5,25,0.50,45376.000000,0,27,0.0,0.0,0.0,0.0,0.0,0.0,0.0,1.0
370512,0,1,3400,-60,60,69,16,25,0.51,41568.000000,6,27,0.0,0.0,0.0,0.0,0.0,0.0,0.0,1.0
370761,0,1,3400,-60,60,66,18,25,0.54,67904.000000,4,27,0.0,0.0,0.0,0.0,0.0,0.0,0.0,1.0
371010,0,1,3400,-60,60,64,17,26,0.50,21216.000000,0,27,0.0,0.0,13184.000000,0,0.0,0.0,0.0,1.0
371259,0,1,3400,-60,60,66,14,25,0.79,41856.000000,6,27,0.0,0.0,0.0,0.0,0.0,0.0,0.0,1.0
371508,0,1,3400,-60,60,70,17,25,0.50,31680.000000,0,27,0.0,0.0,0.0,0.0,0.0,0.0,0.0,1.0
371757,0,1,3400,-60,60,70,13,26,0.51,28608.000000,4,27,0.0,0.0,0.0,0.0,0.0,0.0,0.0,1.0
372006,0,1,3400,-60,60,68,15,25,0.58,62848.000000,4,27,0.0,0.0,13024.000000,0,0.0,0.0,0.0,1.0
372255,0,1,3400,-60,60,70,13,26,0.61,55296.000000,3,27,0.0,0.0,0.0,0.0,0.0,0.0,0.0,1.0
372504,0,1,3400,-60,60,75,14,25,0.50,47424.000000,0,27,0.0,0.0,0.0,0.0,0.0,0.0,0.0,1.0
372753,0,1,3400,-60,60,66,17,25,0.50,58816.000000,0,27,0.0,186,0.0,0.0,0.0,0.0,0.0,1.0
373002,0,1,3400,-60,60,66,17,25,0.91,25472.000000,11,27,3.9,0.0,48608.000000,0,0.0,0.0,0.0,1.0
373251,0,1,3400,-60,60,69,15,25,0.53,58560.000000,0,27,4.5,0.0,0.0,0.0,0.0,0.0,0.0,1.0
373500,0,1,3400,-60,60,70,13,25,0.50,55552.000000,0,27,4.5,0.0,0.0,0.0,0.0,0.0,0.0,1.0
373749,0,1,3400,-60,60,75,14,25,0.77,63232.000000,5,27,4.5,0.0,0.0,0.0,0.0,0.0,0.0,1.0
373998,0,1,3400,-60,60,75,15,25,0.50,26538.152344,0,27,7.9,0.0,0.0,80,0.0,0.0,0.0,1.0
374247,0,1,3400,-60,60,69,13,25,0.55,39328.000000,0,27,8.9,0.0,0.0,0.0,0.0,0.0,0.0,1.0
374496,0,1,3400,-60,60,63,17,25,0.59,58880.000000,0,27,8.9,0.0,0.0,0.0,0.0,0.0,0.0,1.0
374745,0,1,3400,-60,60,66,13,25,0.50,43040.000000,0,27,9.0,0.0,0.0,0.0,0.0,0.0,0.0,1.0
374994,0,1,3400,-60,60,70,16,26,0.65,47744.000000,5,27,2.3,0.0,11456.000000,0,0.0,0.0,0.0,1.0
375243,0,1,3400,-60,60,69,17,26,0.65,53024.000000,5,27,0.0,0.0,0.0,0.0,0.0,0.0,0.0,1.0
375492,0,1,3400,-60,60,71,8.7,26,0.50,42048.000000,0,27,0.0,0.0,0.0,0.0,0.0,0.0,0.0,1.0
375741,0,1,3400,-60,60,71,14,26,0.50,38592.000000,0,27,0.0,186,0.0,0.0,0.0,0.0,0.0,1.0
375990,0,1,3400,-60,60,65,15,25,0.50,34836.652344,0,27,4.0,0.0,57593.625000,0,0.0,0.0,0.0,1.0
376239,0,1,3400,-60,60,67,16,25,0.51,42848.000000,0,27,4.4,0.0,0.0,0.0,0.0,0.0,0.0,1.0
376488,0,1,3400,-60,60,74,16,25,0.52,53088.000000,0,27,4.5,0.0,0.0,0.0,0.0,0.0,0.0,1.0
376737,0,1,3400,-60,60,74,11,25,0.50,31840.000000,0,27,4.4,186,0.0,0.0,0.0,0.0,0.0,1.0
376986,0,1,3400,-60,60,71,12,25,0.50,38400.000000,0,27,0.47,0.0,13024.000000,0,0.0,0.0,0.0,1.0
377235,0,1,3400,-60,60,74,16,25,0.50,31776.000000,0,27,0.0,0.0,0.0,0.0,0.0,0.0,0.0,1.0
377484,0,1,3400,-60,60,69,13,25,0.50,18208.000000,0,27,0.0,0.0,0.0,0.0,0.0,0.0,0.0,1.0
377733,0,1,3400,-60,60,68,12,25,0.50,24704.000000,0,27,0.0,0.0,0.0,0.0,0.0,0.0,0.0,1.0
377982,0,1,3400,-60,60,69,12,25,0.51,47872.000000,0,27,0.0,0.0,13024.000000,0,0.0,0.0,0.0,1.0
378231,0,1,3400,-60,60,70,16,25,0.50,53312.000000,0,27,0.0,0.0,0.0,0.0,0.0,0.0,0.0,1.0
378480,0,1,3400,-60,60,69,15,25,0.50,21344.000000,0,27,0.0,0.0,0.0,0.0,0.0,0.0,0.0,1.0
378729,0,1,3400,-60,60,67,14,25,0.50,21440.000000,0,27,0.0,0.0,0.0,0.0,0.0,0.0,0.0,1.0
378978,0,1,3400,-60,60,71,12,25,0.50,57728.000000,0,27,2.0,0.0,37312.000000,0,0.0,0.0,0.0,1.0
379227,0,1,3400,-60,60,70,17,26,0.76,31072.000000,8,27,3.4,0.0,0.0,0.0,0.0,0.0,0.0,1.0
379476,0,1,3400,-60,60,69,15,26,1.00,35040.000000,14,27,3.5,0.0,0.0,0.0,0.0,0.0,0.0,1.0
379725,0,1,3400,-60,60,66,14,26,0.79,36672.000000,6,27,3.5,0.0,0.0,0.0,0.0,0.0,0.0,1.0
379974,0,1,3400,-60,60,68,14,25,0.50,59936.000000,0,27,3.9,0.0,16064.000000,0,0.0,0.0,0.0,1.0
380223,0,1,3400,-60,60,65,15,26,1.0,15648.000000,8,27,4.0,0.0,0.0,0.0,0.0,0.0,0.0,1.0
380472,0,1,3400,-60,60,65,15,25,0.51,53590.363281,5,27,4.0,0.0,0.0,0.0,0.0,0.0,0.0,1.0
380721,0,1,3400,-60,60,63,12,25,0.50,49024.000000,0,27,4.0,186,0.0,0.0,0.0,0.0,0.0,1.0
380970,0,1,3400,-60,60,68,17,25,0.50,37184.000000,0,27,6.7,0.0,0.0,80,0.0,0.0,0.0,1.0
381219,0,1,3400,-60,60,71,13,25,0.50,23808.000000,0,27,7.0,0.0,0.0,0.0,0.0,0.0,0.0,1.0
381468,0,1,3400,-60,60,69,14,25,0.50,33760.000000,0,27,6.9,0.0,0.0,0.0,0.0,0.0,0.0,1.0
381717,0,1,3400,-60,60,68,17,25,0.52,48096.000000,0,27,7.0,186,0.0,0.0,0.0,0.0,0.0,1.0
381966,0,1,3400,-60,60,72,18,25,0.50,5376.000000,0,27,0.84,0.0,7840.000000,0,0.0,0.0,0.0,1.0
382215,0,1,3400,-60,60,75,13,26,0.54,37568.000000,4,27,0.0,0.0,0.0,0.0,0.0,0.0,0.0,1.0
382464,0,1,3400,-60,60,77,16,26,0.67,42294.820312,0,27,0.0,0.0,0.0,0.0,0.0,0.0,0.0,1.0
382713,0,1,3400,-60,60,75,16,26,0.50,32000.000000,0,27,0.0,0.0,0.0,0.0,0.0,0.0,0.0,1.0
382962,0,1,3400,-60,60,72,14,25,0.50,70208.000000,0,27,0.0,0.0,8736.000000,0,0.0,0.0,0.0,1.0
383211,0,1,3400,-60,60,69,6.4,26,0.51,41472.000000,0,27,0.0,0.0,0.0,0.0,0.0,0.0,0.0,1.0
383460,0,1,3400,-60,60,68,16,25,0.61,66816.000000,8,27,0.0,0.0,0.0,0.0,0.0,0.0,0.0,1.0
383709,0,1,3400,-60,60,75,17,25,0.64,48608.000000,14,27,0.0,186,0.0,0.0,0.0,0.0,0.0,1.0
383958,0,1,3400,-60,60,75,18,25,0.50,53312.000000,0,27,1.9,0.0,23808.000000,0,0.0,0.0,0.0,1.0
384207,0,1,3400,-60,60,73,17,25,0.50,37568.000000,0,27,2.0,0.0,0.0,0.0,0.0,0.0,0.0,1.0
384456,0,1,3400,-60,60,72,16,25,0.88,29664.000000,3,27,2.0,0.0,0.0,0.0,0.0,0.0,0.0,1.0
384705,0,1,3400,-60,60,68,16,25,0.51,68864.000000,0,27,2.0,186,0.0,0.0,0.0,0.0,0.0,1.0
384954,0,1,3400,-60,60,70,17,25,0.50,21280.000000,0,27,0.19,0.0,10304.000000,0,0.0,0.0,0.0,1.0
385203,0,1,3400,-60,60,70,17,26,0.50,42560.000000,0,27,0.0,0.0,0.0,0.0,0.0,0.0,0.0,1.0
385452,0,1,3400,-60,60,73,17,25,0.50,53152.000000,0,27,0.0,0.0,0.0,0.0,0.0,0.0,0.0,1.0
385701,0,1,3400,-60,60,69,14,25,0.50,48448.000000,0,27,0.0,0.0,0.0,0.0,0.0,0.0,0.0,1.0
385950,0,1,3400,-60,60,70,16,25,0.50,37696.000000,0,27,0.0,0.0,13024.000000,0,0.0,0.0,0.0,1.0
386199,0,1,3400,-60,60,71,12,25,0.63,38656.000000,4,27,0.0,0.0,0.0,0.0,0.0,0.0,0.0,1.0
386448,0,1,3400,-60,60,73,17,26,0.50,31840.000000,0,27,0.0,0.0,0.0,0.0,0.0,0.0,0.0,1.0
386697,0,1,3400,-60,60,68,17,26,0.50,63392.000000,0,27,0.0,186,0.0,0.0,0.0,0.0,0.0,1.0
386946,0,1,3400,-60,60,70,17,25,0.50,37461.847656,0,27,0.0,0.0,13076.305664,0,0.0,0.0,0.0,1.0
387195,0,1,3400,-60,60,70,17,26,0.50,63776.000000,0,27,0.0,0.0,0.0,0.0,0.0,0.0,0.0,1.0
387444,0,1,3400,-60,60,67,13,25,0.50,22592.000000,0,27,0.0,0.0,0.0,0.0,0.0,0.0,0.0,1.0
387693,0,1,3400,-60,60,68,14,25,0.51,59360.000000,0,27,0.0,186,0.0,0.0,0.0,0.0,0.0,1.0
387942,0,1,3400,-60,60,72,9.2,25,0.50,29632.000000,0,27,0.0,0.0,13024.000000,0,0.0,0.0,0.0,1.0
388191,0,1,3400,-60,60,69,16,25,0.50,25344.000000,0,27,0.0,0.0,0.0,0.0,0.0,0.0,0.0,1.0
388440,0,1,3400,-60,60,69,15,25,0.66,10624.000000,0,27,0.0,0.0,0.0,0.0,0.0,0.0,0.0,1.0
388689,0,1,3400,-60,60,75,15,25,0.70,15840.000000,0,27,0.0,0.0,0.0,0.0,0.0,0.0,0.0,1.0
388938,0,1,3400,-60,60,73,15,25,0.50,54916.335938,0,27,0.0,0.0,14533.864258,0,0.0,0.0,0.0,1.0
389187,0,1,3400,-60,60,66,8.3,25,0.50,5408.000000,0,27,0.0,0.0,0.0,0.0,0.0,0.0,0.0,1.0
389436,0,1,3400,-60,60,67,13,25,0.50,58912.000000,0,27,0.0,0.0,0.0,0.0,0.0,0.0,0.0,1.0
389685,0,1,3400,-60,60,72,16,25,0.50,50304.000000,0,27,0.0,186,0.0,0.0,0.0,0.0,0.0,1.0
389934,0,1,3400,-60,60,71,15,25,0.50,53152.000000,0,27,0.0,0.0,11456.000000,0,0.0,0.0,0.0,1.0
390183,0,1,3400,-60,60,70,17,26,0.50,39104.000000,0,27,0.0,0.0,0.0,0.0,0.0,0.0,0.0,1.0
390432,0,1,3400,-60,60,65,16,26,0.82,36096.000000,7,27,0.0,0.0,0.0,0.0,0.0,0.0,0.0,1.0
390681,0,1,3400,-60,60,68,17,25,0.79,32320.000000,8,27,0.0,186,0.0,0.0,0.0,0.0,0.0,1.0
390930,0,1,3400,-60,60,62,12,26,0.50,22368.000000,0,27,0.0,0.0,13024.000000,0,0.0,0.0,0.0,1.0
391179,0,1,3400,-60,60,68,13,26,0.50,48416.000000,0,27,0.0,0.0,0.0,0.0,0.0,0.0,0.0,1.0
391428,0,1,3400,-60,60,71,13,25,0.50,44160.000000,0,27,0.0,0.0,0.0,0.0,0.0,0.0,0.0,1.0
391677,0,1,3400,-60,60,69,15,25,0.50,5312.000000,0,27,0.0,0.0,0.0,0.0,0.0,0.0,0.0,1.0
391926,0,1,3400,-60,60,65,15,25,0.55,27584.000000,0,27,2.5,0.0,42592.000000,19,0.0,0.0,0.0,1.0
392175,0,1,3400,-60,60,63,18,25,0.50,53504.000000,0,27,6.0,0.0,0.0,0.0,0.0,0.0,0.0,1.0
392424,0,1,3400,-60,60,68,11,25,0.50,45440.000000,0,27,6.0,0.0,0.0,0.0,0.0,0.0,0.0,1.0
392673,0,1,3400,-60,60,70,15,25,0.50,37472.000000,0,27,6.1,0.0,0.0,0.0,0.0,0.0,0.0,1.0
392922,0,1,3400,-60,60,72,11,25,0.52,59584.000000,0,27,9.6,0.0,120128.000000,29,0.0,0.0,0.0,1.0
393171,0,1,3400,-60,60,70,16,25,0.50,31712.000000,0,27,11,0.0,0.0,0.0,0.0,0.0,0.0,1.0
393420,0,1,3400,-60,60,70,11,26,1.2,47357.429688,2,27,12,0.0,0.0,0.0,0.0,0.0,0.0,1.0
393669,0,1,3400,-60,60,66,15,25,0.50,32384.000000,0,27,11,0.0,0.0,0.0,0.0,0.0,0.0,1.0
393918,0,1,3400,-60,60,69,17,26,0.50,69280.000000,0,27,3.0,0.0,13024.000000,0,0.0,0.0,0.0,1.0
394167,0,1,3400,-60,60,69,13,26,0.54,37504.000000,0,27,0.19,0.0,0.0,0.0,0.0,0.0,0.0,1.0
394416,0,1,3400,-60,60,73,19,25,0.50,26688.000000,0,27,0.048,0.0,0.0,0.0,0.0,0.0,0.0,1.0
394665,0,1,3400,-60,60,70,15,26,0.82,52192.000000,8,27,0.048,186,0.0,0.0,0.0,0.0,0.0,1.0
394914,0,1,3400,-60,60,73,17,26,0.73,36000.000000,8,27,0.0,0.0,14592.000000,0,0.0,0.0,0.0,1.0
395163,0,1,3400,-60,60,73,14,25,0.56,32320.000000,0,27,0.096,0.0,0.0,0.0,0.0,0.0,0.0,1.0
395412,0,1,3400,-60,60,65,18,25,0.50,21227.091797,0,27,0.096,0.0,0.0,0.0,0.0,0.0,0.0,1.0
395661,0,1,3400,-60,60,69,12,25,0.53,41568.000000,6,27,0.096,0.0,0.0,0.0,0.0,0.0,0.0,1.0
395910,0,1,3400,-60,60,73,16,25,0.50,42624.000000,0,27,0.11,0.0,15008.000000,0,0.0,0.0,0.0,1.0
396159,0,1,3400,-60,60,70,14,25,0.52,39680.000000,0,27,0.0,0.0,0.0,0.0,0.0,0.0,0.0,1.0
396408,0,1,3400,-60,60,70,15,25,0.53,33120.000000,8,27,0.096,0.0,0.0,0.0,0.0,0.0,0.0,1.0
396657,0,1,3400,-60,60,68,14,26,0.50,31776.000000,0,27,0.0,0.0,0.0,0.0,0.0,0.0,0.0,1.0
396906,0,1,3400,-60,60,67,15,26,0.50,26688.000000,0,27,0.048,0.0,13184.000000,0,0.0,0.0,0.0,1.0
397155,0,1,3400,-60,60,63,11,25,0.50,56352.000000,0,27,0.048,0.0,0.0,0.0,0.0,0.0,0.0,1.0
397404,0,1,3400,-60,60,63,17,25,0.50,69888.000000,0,27,0.0,0.0,0.0,0.0,0.0,0.0,0.0,1.0
397653,0,1,3400,-60,60,67,14,26,0.50,34816.000000,0,27,0.048,186,0.0,0.0,0.0,0.0,0.0,1.0
397902,0,1,3400,-60,60,70,13,26,0.50,49600.000000,0,27,0.0,0.0,17248.000000,0,0.0,0.0,0.0,1.0
398151,0,1,3400,-60,60,69,18,26,1.3,36416.000000,4,27,0.048,0.0,0.0,0.0,0.0,0.0,0.0,1.0
398400,0,1,3400,-60,60,72,16,26,0.50,44608.000000,0,27,0.048,0.0,0.0,0.0,0.0,0.0,0.0,1.0
398649,0,1,3400,-60,60,71,18,26,0.52,38912.000000,0,27,0.0,0.0,0.0,0.0,0.0,0.0,0.0,1.0
398898,0,1,3400,-60,60,67,16,25,0.50,21376.000000,0,27,0.0,0.0,16384.000000,0,0.0,0.0,0.0,1.0
399147,0,1,3400,-60,60,61,15,25,0.50,49504.000000,0,27,0.0,0.0,0.0,0.0,0.0,0.0,0.0,1.0
399396,0,1,3400,-60,60,63,3.2,25,0.50,41568.000000,0,27,0.096,0.0,0.0,0.0,0.0,0.0,0.0,1.0
399645,0,1,3400,-60,60,64,6.5,25,0.50,19392.000000,0,27,0.14,186,0.0,0.0,0.0,0.0,0.0,1.0
399894,0,1,3400,-60,60,65,12,25,0.50,51823.292969,0,27,0.0,0.0,11662.650391,0,0.0,0.0,0.0,1.0
400143,0,1,3400,-60,60,68,15,25,0.50,45632.000000,0,27,0.0,0.0,0.0,0.0,0.0,0.0,0.0,1.0
400392,0,1,3400,-60,60,71,16,25,0.54,41536.000000,6,27,0.0,0.0,0.0,0.0,0.0,0.0,0.0,1.0
400641,0,1,3400,-60,60,72,11,25,0.75,32000.000000,5,27,0.0,0.0,0.0,0.0,0.0,0.0,0.0,1.0
400890,0,1,3400,-60,60,66,9.9,26,0.93,31456.000000,0,27,1.8,0.0,56672.000000,13,0.0,0.0,0.0,1.0
401139,0,1,3400,-60,60,70,13,26,0.50,21632.000000,0,27,4.5,0.0,0.0,0.0,0.0,0.0,0.0,1.0
401388,0,1,3400,-60,60,68,12,26,0.50,46432.000000,0,27,4.5,0.0,0.0,0.0,0.0,0.0,0.0,1.0
401637,0,1,3400,-60,60,66,16,26,0.56,57376.000000,5,27,4.5,186,0.0,0.0,0.0,0.0,0.0,1.0
401886,0,1,3400,-60,60,68,16,26,0.95,46560.000000,6,27,6.8,0.0,0.0,80,0.0,0.0,0.0,1.0
402135,0,1,3400,-60,60,71,12,25,0.50,51314.742188,0,27,6.9,0.0,0.0,0.0,0.0,0.0,0.0,1.0
402384,0,1,3400,-60,60,70,13,26,0.50,32352.000000,0,27,7.0,0.0,0.0,0.0,0.0,0.0,0.0,1.0
402633,0,1,3400,-60,60,68,14,25,0.50,54240.000000,0,27,7.0,186,0.0,0.0,0.0,0.0,0.0,1.0
402882,0,1,3400,-60,60,71,15,25,0.50,47968.000000,0,27,0.73,0.0,13024.000000,0,0.0,0.0,0.0,1.0
403131,0,1,3400,-60,60,73,16,25,0.50,83968.000000,0,27,0.0,0.0,0.0,0.0,0.0,0.0,0.0,1.0
403380,0,1,3400,-60,60,72,9.5,25,0.50,40768.000000,0,27,0.0,0.0,0.0,0.0,0.0,0.0,0.0,1.0
403629,0,1,3400,-60,60,67,12,25,0.61,38656.000000,0,27,0.0,186,0.0,0.0,0.0,0.0,0.0,1.0
403878,0,1,3400,-60,60,65,17,25,0.55,42784.000000,0,27,0.0,0.0,13024.000000,0,0.0,0.0,0.0,1.0
404127,0,1,3400,-60,60,63,12,25,0.50,50016.000000,0,27,0.0,0.0,0.0,0.0,0.0,0.0,0.0,1.0
404376,0,1,3400,-60,60,70,16,25,0.50,58752.000000,0,27,0.0,0.0,0.0,0.0,0.0,0.0,0.0,1.0
404625,0,1,3400,-60,60,74,15,25,0.53,42688.000000,0,27,0.0,0.0,0.0,0.0,0.0,0.0,0.0,1.0
404874,0,1,3400,-60,60,72,12,26,0.50,32928.000000,0,27,0.0,0.0,13024.000000,6,0.0,0.0,0.0,1.0
405123,0,1,3400,-60,60,68,17,26,0.61,52288.000000,5,27,0.0,0.0,1568.000000,0,0.0,0.0,0.0,1.0
405372,0,1,3400,-60,60,67,15,25,0.59,37568.000000,0,27,0.0,0.0,0.0,0.0,0.0,0.0,0.0,1.0
405621,0,1,3400,-60,60,69,15,26,0.50,15872.000000,0,27,0.0,0.0,0.0,0.0,0.0,0.0,0.0,1.0
405870,0,1,3400,-60,60,68,13,26,0.57,43904.000000,5,27,1.9,0.0,82016.000000,12,0.0,0.0,0.0,1.0
406119,0,1,3400,-60,60,69,8.2,26,0.50,55968.000000,0,27,4.5,0.0,0.0,0.0,0.0,0.0,0.0,1.0
406368,0,1,3400,-60,60,72,12,25,0.50,32706.828125,0,27,4.5,0.0,0.0,0.0,0.0,0.0,0.0,1.0
406617,0,1,3400,-60,60,66,13,25,0.65,27808.000000,3,27,4.5,186,0.0,0.0,0.0,0.0,0.0,1.0
406866,0,1,3400,-60,60,70,14,25,0.56,29536.000000,0,27,3.6,0.0,16608.000000,0,0.0,0.0,0.0,1.0
407115,0,1,3400,-60,60,68,16,25,0.50,48640.000000,0,27,3.5,0.0,0.0,0.0,0.0,0.0,0.0,1.0
407364,0,1,3400,-60,60,70,17,25,0.50,48096.000000,0,27,3.5,0.0,0.0,0.0,0.0,0.0,0.0,1.0
407613,0,1,3400,-60,60,67,9.0,25,0.50,27392.000000,0,27,3.5,0.0,0.0,0.0,0.0,0.0,0.0,1.0
407862,0,1,3400,-60,60,70,15,26,0.65,62528.000000,3,27,9.3,0.0,0.0,80,0.0,0.0,0.0,1.0
408111,0,1,3400,-60,60,72,16,25,0.53,21216.000000,0,27,11,0.0,0.0,0.0,0.0,0.0,0.0,1.0
408360,0,1,3400,-60,60,67,17,26,0.50,42368.000000,0,27,11,0.0,0.0,0.0,0.0,0.0,0.0,1.0
408609,0,1,3400,-60,60,66,12,26,0.52,57944.222656,0,27,11,186,0.0,0.0,0.0,0.0,0.0,1.0
408858,0,1,3400,-60,60,71,14,26,0.96,59168.000000,7,27,0.91,0.0,13024.000000,0,0.0,0.0,0.0,1.0
409107,0,1,3400,-60,60,67,14,26,0.50,51904.000000,0,27,0.0,0.0,0.0,0.0,0.0,0.0,0.0,1.0
409356,0,1,3400,-60,60,66,14,26,1.7,5728.000000,20,27,0.0,0.0,0.0,0.0,0.0,0.0,0.0,1.0
409605,0,1,3400,-60,60,69,16,26,1.0,31968.000000,0,27,0.0,0.0,0.0,0.0,0.0,0.0,0.0,1.0
409854,0,1,3400,-60,60,72,15,26,0.50,42592.000000,0,27,0.0,0.0,16160.000000,0,0.0,0.0,0.0,1.0
410103,0,1,3400,-60,60,71,13,25,0.50,37600.000000,0,27,0.0,0.0,0.0,0.0,0.0,0.0,0.0,1.0
410352,0,1,3400,-60,60,69,13,25,0.97,66368.000000,2,27,0.0,0.0,0.0,0.0,0.0,0.0,0.0,1.0
410601,0,1,3400,-60,60,66,13,25,0.50,46560.000000,0,27,0.0,0.0,0.0,0.0,0.0,0.0,0.0,1.0
410850,0,1,3400,-60,60,69,5.7,25,0.52,31072.000000,0,27,4.8,0.0,36640.000000,7,0.0,0.0,0.0,1.0
411099,0,1,3400,-60,60,70,17,25,0.50,69184.000000,0,27,7.0,0.0,0.0,0.0,0.0,0.0,0.0,1.0
411348,0,1,3400,-60,60,70,16,25,0.50,32032.000000,0,27,7.0,0.0,0.0,0.0,0.0,0.0,0.0,1.0
411597,0,1,3400,-60,60,71,10,26,0.50,50880.000000,0,27,7.0,0.0,0.0,0.0,0.0,0.0,0.0,1.0
411846,0,1,3400,-60,60,70,15,26,0.50,32288.000000,0,27,1.9,0.0,13184.000000,0,0.0,0.0,0.0,1.0
412095,0,1,3400,-60,60,71,9.0,26,0.50,78304.000000,0,27,0.0,0.0,0.0,0.0,0.0,0.0,0.0,1.0
412344,0,1,3400,-60,60,71,16,26,1.0,46560.000000,10,27,0.0,0.0,0.0,0.0,0.0,0.0,0.0,1.0
412593,0,1,3400,-60,60,66,14,26,0.50,39871.484375,0,27,0.0,0.0,0.0,0.0,0.0,0.0,0.0,1.0
412842,0,1,3400,-60,60,65,15,26,0.50,42656.000000,0,27,0.0,0.0,9888.000000,0,0.0,0.0,0.0,1.0
413091,0,1,3400,-60,60,67,14,26,0.50,16704.000000,0,27,0.0,0.0,0.0,0.0,0.0,0.0,0.0,1.0
413340,0,1,3400,-60,60,66,16,26,0.86,45664.000000,11,27,0.0,0.0,0.0,0.0,0.0,0.0,0.0,1.0
413589,0,1,3400,-60,60,62,13,26,0.86,52608.000000,4,27,0.0,186,0.0,0.0,0.0,0.0,0.0,1.0
413838,0,1,3400,-60,60,65,14,26,0.52,33504.000000,0,27,0.0,0.0,11456.000000,0,0.0,0.0,0.0,1.0
414087,0,1,3400,-60,60,72,17,25,0.50,37152.000000,0,27,0.0,0.0,0.0,0.0,0.0,0.0,0.0,1.0
414336,0,1,3400,-60,60,73,10,25,0.50,33856.000000,0,27,0.0,0.0,0.0,0.0,0.0,0.0,0.0,1.0
414585,0,1,3400,-60,60,72,16,25,0.53,38368.000000,0,27,0.0,186,0.0,0.0,0.0,0.0,0.0,1.0
414834,0,1,3400,-60,60,67,13,25,0.50,38368.000000,0,27,3.9,0.0,45760.000000,0,0.0,0.0,0.0,1.0
415083,0,1,3400,-60,60,68,8.6,25,0.50,66613.546875,0,27,4.4,0.0,0.0,0.0,0.0,0.0,0.0,1.0
415332,0,1,3400,-60,60,71,16,26,0.50,42464.000000,0,27,4.5,0.0,0.0,0.0,0.0,0.0,0.0,1.0
415581,0,1,3400,-60,60,70,10,26,0.50,17920.000000,0,27,4.5,186,0.0,0.0,0.0,0.0,0.0,1.0
415830,0,1,3400,-60,60,63,17,26,0.50,37088.000000,0,27,0.32,0.0,14592.000000,0,0.0,0.0,0.0,1.0
416079,0,1,3400,-60,60,69,15,26,0.50,49344.000000,0,27,0.0,0.0,0.0,0.0,0.0,0.0,0.0,1.0
416328,0,1,3400,-60,60,72,13,26,0.50,50816.000000,0,27,0.0,0.0,0.0,0.0,0.0,0.0,0.0,1.0
416577,0,1,3400,-60,60,66,15,26,0.50,53568.000000,0,27,0.0,186,0.0,0.0,0.0,0.0,0.0,1.0
416826,0,1,3400,-60,60,67,14,26,0.50,47904.000000,0,27,0.0,0.0,13184.000000,0,0.0,0.0,0.0,1.0
417075,0,1,3400,-60,60,66,16,26,0.50,69472.000000,0,27,0.0,0.0,0.0,0.0,0.0,0.0,0.0,1.0
417324,0,1,3400,-60,60,68,17,26,0.67,42432.000000,6,27,0.0,0.0,0.0,0.0,0.0,0.0,0.0,1.0
417573,0,1,3400,-60,60,70,12,26,0.50,34784.000000,0,27,0.0,186,0.0,0.0,0.0,0.0,0.0,1.0
417822,0,1,3400,-60,60,70,4.7,26,0.50,10624.000000,0,27,0.0,0.0,9888.000000,0,0.0,0.0,0.0,1.0
418071,0,1,3400,-60,60,68,18,25,0.50,10688.000000,0,27,0.0,0.0,0.0,0.0,0.0,0.0,0.0,1.0
418320,0,1,3400,-60,60,65,13,25,0.50,58752.000000,0,27,0.0,0.0,0.0,0.0,0.0,0.0,0.0,1.0
418569,0,1,3400,-60,60,70,16,25,1.1,48992.000000,5,27,0.0,186,0.0,0.0,0.0,0.0,0.0,1.0
418818,0,1,3400,-60,60,68,17,25,0.50,42784.000000,0,27,0.0,0.0,13024.000000,0,0.0,0.0,0.0,1.0
419067,0,1,3400,-60,60,66,16,26,0.70,25542.167969,11,27,0.0,0.0,0.0,0.0,0.0,0.0,0.0,1.0
419316,0,1,3400,-60,60,64,15,26,0.50,38528.000000,0,27,0.0,0.0,0.0,0.0,0.0,0.0,0.0,1.0
419565,0,1,3400,-60,60,67,17,26,0.53,25440.000000,10,27,0.0,186,0.0,0.0,0.0,0.0,0.0,1.0
419814,0,1,3400,-60,60,64,15,26,0.59,74560.000000,3,27,0.0,0.0,13024.000000,0,0.0,0.0,0.0,1.0
420063,0,1,3400,-60,60,66,16,26,0.50,21312.000000,0,27,0.0,0.0,0.0,0.0,0.0,0.0,0.0,1.0
420312,0,1,3400,-60,60,67,16,26,0.57,11712.000000,0,27,0.0,0.0,0.0,0.0,0.0,0.0,0.0,1.0
420561,0,1,3400,-60,60,69,17,26,0.52,53024.000000,0,27,0.0,186,0.0,0.0,0.0,0.0,0.0,1.0
420810,0,1,3400,-60,60,69,13,26,0.50,44192.000000,0,27,7.8,0.0,32672.000000,64,0.0,0.0,0.0,1.0
421059,0,1,3400,-60,60,68,13,26,0.63,54912.000000,2,27,8.9,0.0,0.0,0.0,0.0,0.0,0.0,1.0
421308,0,1,3400,-60,60,72,15,26,0.50,42688.000000,0,27,9.0,0.0,0.0,0.0,0.0,0.0,0.0,1.0
421557,0,1,3400,-60,60,70,16,26,0.51,30597.609375,8,27,9.0,186,0.0,0.0,0.0,0.0,0.0,1.0
421806,0,1,3400,-60,60,66,17,25,0.50,26624.000000,0,27,0.83,0.0,14592.000000,0,0.0,0.0,0.0,1.0
422055,0,1,3400,-60,60,66,15,25,0.50,39520.000000,0,27,0.0,0.0,0.0,0.0,0.0,0.0,0.0,1.0
422304,0,1,3400,-60,60,68,12,25,0.50,35264.000000,0,27,0.0,0.0,0.0,0.0,0.0,0.0,0.0,1.0
422553,0,1,3400,-60,60,70,18,25,0.53,68672.000000,0,27,0.0,0.0,0.0,0.0,0.0,0.0,0.0,1.0
422802,0,1,3400,-60,60,73,15,26,0.50,31808.000000,0,27,0.0,0.0,13024.000000,0,0.0,0.0,0.0,1.0
423051,0,1,3400,-60,60,69,14,26,0.50,37152.000000,0,27,0.0,0.0,0.0,0.0,0.0,0.0,0.0,1.0
423300,0,1,3400,-60,60,71,9.8,26,0.50,42848.000000,0,27,0.0,0.0,0.0,0.0,0.0,0.0,0.0,1.0
423549,0,1,3400,-60,60,72,17,26,0.50,43040.000000,0,27,0.0,0.0,0.0,0.0,0.0,0.0,0.0,1.0
423798,0,1,3400,-60,60,71,17,26,0.50,26720.000000,0,27,1.3,0.0,9152.000000,0,0.0,0.0,0.0,1.0
424047,0,1,3400,-60,60,69,15,26,0.89,9600.000000,25,27,1.5,0.0,0.0,0.0,0.0,0.0,0.0,1.0
424296,0,1,3400,-60,60,68,12,26,0.75,28512.000000,0,27,1.5,0.0,0.0,0.0,0.0,0.0,0.0,1.0
424545,0,1,3400,-60,60,71,15,26,0.50,38656.000000,0,27,1.5,0.0,0.0,0.0,0.0,0.0,0.0,1.0
424794,0,1,3400,-60,60,66,19,25,0.50,58784.000000,0,27,1.0,0.0,15904.000000,0,0.0,0.0,0.0,1.0
425043,0,1,3400,-60,60,71,14,25,0.50,39712.000000,0,27,1.0,0.0,0.0,0.0,0.0,0.0,0.0,1.0
425292,0,1,3400,-60,60,71,16,25,0.50,32160.000000,0,27,1.0,0.0,0.0,0.0,0.0,0.0,0.0,1.0
425541,0,1,3400,-60,60,69,18,25,0.50,26795.181641,0,27,1.0,0.0,0.0,0.0,0.0,0.0,0.0,1.0
425790,0,1,3400,-60,60,65,14,25,0.50,34400.000000,0,27,0.39,0.0,14592.000000,0,0.0,0.0,0.0,1.0
426039,0,1,3400,-60,60,70,4.7,25,0.50,39168.000000,0,27,0.0,0.0,0.0,0.0,0.0,0.0,0.0,1.0
426288,0,1,3400,-60,60,68,15,25,0.50,79840.000000,0,27,0.0,0.0,0.0,0.0,0.0,0.0,0.0,1.0
426537,0,1,3400,-60,60,63,16,25,0.50,32064.000000,0,27,0.0,186,0.0,0.0,0.0,0.0,0.0,1.0
426786,0,1,3400,-60,60,65,16,26,0.50,43072.000000,0,27,5.9,0.0,45376.000000,25,0.0,0.0,0.0,1.0
427035,0,1,3400,-60,60,68,13,26,0.50,39808.000000,0,27,6.9,0.0,0.0,0.0,0.0,0.0,0.0,1.0
427284,0,1,3400,-60,60,71,10,26,0.50,30656.000000,0,27,6.9,0.0,0.0,0.0,0.0,0.0,0.0,1.0
427533,0,1,3400,-60,60,76,15,26,0.50,71104.000000,0,27,7.0,186,0.0,0.0,0.0,0.0,0.0,1.0
427782,0,1,3400,-60,60,73,11,26,0.53,31552.000000,6,27,6.6,0.0,39296.000000,0,0.0,0.0,0.0,1.0
428031,0,1,3400,-60,60,73,12,26,0.53,39840.636719,3,27,6.9,0.0,0.0,0.0,0.0,0.0,0.0,1.0
428280,0,1,3400,-60,60,69,8.1,26,0.50,30560.000000,0,27,6.9,0.0,0.0,0.0,0.0,0.0,0.0,1.0
428529,0,1,3400,-60,60,70,17,26,0.50,26560.000000,0,27,7.0,186,0.0,0.0,0.0,0.0,0.0,1.0
428778,0,1,3400,-60,60,74,15,26,0.61,37024.000000,0,27,6.6,0.0,0.0,80,0.0,0.0,0.0,1.0
429027,0,1,3400,-60,60,70,12,26,0.75,27008.000000,5,27,6.9,0.0,0.0,0.0,0.0,0.0,0.0,1.0
429276,0,1,3400,-60,60,72,16,25,1.2,36160.000000,7,27,6.9,0.0,0.0,0.0,0.0,0.0,0.0,1.0
429525,0,1,3400,-60,60,72,7.1,25,0.50,18752.000000,0,27,6.9,186,0.0,0.0,0.0,0.0,0.0,1.0
429774,0,1,3400,-60,60,73,17,25,0.63,21248.000000,11,27,1.5,0.0,15232.000000,0,0.0,0.0,0.0,1.0
430023,0,1,3400,-60,60,70,11,25,0.50,60032.000000,0,27,1.0,0.0,0.0,0.0,0.0,0.0,0.0,1.0
430272,0,1,3400,-60,60,72,17,25,0.50,39680.000000,0,27,0.99,0.0,0.0,0.0,0.0,0.0,0.0,1.0
430521,0,1,3400,-60,60,74,15,26,0.50,42592.000000,0,27,0.99,0.0,0.0,0.0,0.0,0.0,0.0,1.0
430770,0,1,3400,-60,60,66,12,26,0.50,27424.000000,0,27,0.42,0.0,13024.000000,0,0.0,0.0,0.0,1.0
431019,0,1,3400,-60,60,65,13,26,0.61,30688.000000,8,27,0.0,0.0,0.0,0.0,0.0,0.0,0.0,1.0
431268,0,1,3400,-60,60,64,18,26,0.95,25600.000000,18,27,0.0,0.0,0.0,0.0,0.0,0.0,0.0,1.0
431517,0,1,3400,-60,60,66,16,26,0.50,62016.000000,0,27,0.0,186,0.0,0.0,0.0,0.0,0.0,1.0
431766,0,1,3400,-60,60,73,16,26,0.50,33664.000000,0,27,0.0,0.0,13024.000000,0,0.0,0.0,0.0,1.0
432015,0,1,3400,-60,60,69,15,26,0.50,42184.738281,0,27,0.0,0.0,0.0,0.0,0.0,0.0,0.0,1.0
432264,0,1,3400,-60,60,66,17,26,0.51,44096.000000,6,27,0.0,0.0,0.0,0.0,0.0,0.0,0.0,1.0
432513,0,1,3400,-60,60,72,16,26,0.50,37248.000000,0,27,0.0,0.0,0.0,0.0,0.0,0.0,0.0,1.0
432762,0,1,3400,-60,60,71,15,25,0.50,31872.000000,0,27,0.0,0.0,16160.000000,0,0.0,0.0,0.0,1.0
433011,0,1,3400,-60,60,70,16,25,0.50,75296.000000,0,27,0.0,0.0,0.0,0.0,0.0,0.0,0.0,1.0
433260,0,1,3400,-60,60,68,16,25,0.50,32096.000000,0,27,0.0,0.0,0.0,0.0,0.0,0.0,0.0,1.0
433509,0,1,3400,-60,60,66,17,25,0.50,70240.000000,0,27,0.0,0.0,0.0,0.0,0.0,0.0,0.0,1.0
433758,0,1,3400,-60,60,68,13,25,0.52,37312.000000,0,27,7.6,0.0,33952.000000,21,0.0,0.0,0.0,1.0
434007,0,1,3400,-60,60,71,14,26,0.50,51008.000000,0,27,8.9,0.0,0.0,0.0,0.0,0.0,0.0,1.0
434256,0,1,3400,-60,60,69,15,26,0.50,38752.000000,0,27,9.0,0.0,0.0,0.0,0.0,0.0,0.0,1.0
434505,0,1,3400,-60,60,68,15,26,0.50,16288.000000,0,27,8.9,186,0.0,0.0,0.0,0.0,0.0,1.0
434754,0,1,3400,-60,60,65,9.7,26,0.50,19601.593750,0,27,0.97,0.0,11569.720703,0,0.0,0.0,0.0,1.0
435003,0,1,3400,-60,60,68,15,26,0.50,38304.000000,0,27,0.0,0.0,0.0,0.0,0.0,0.0,0.0,1.0
435252,0,1,3400,-60,60,72,13,26,1.0,25632.000000,9,27,0.0,0.0,0.0,0.0,0.0,0.0,0.0,1.0
435501,0,1,3400,-60,60,67,18,26,0.50,26976.000000,0,27,0.0,0.0,0.0,0.0,0.0,0.0,0.0,1.0
435750,0,1,3400,-60,60,66,17,26,0.50,32160.000000,0,27,0.0,0.0,13024.000000,0,0.0,0.0,0.0,1.0
435999,0,1,3400,-60,60,69,13,26,0.50,23840.000000,0,27,0.0,0.0,0.0,0.0,0.0,0.0,0.0,1.0
436248,0,1,3400,-60,60,70,17,26,0.50,42240.000000,0,27,0.0,0.0,0.0,0.0,0.0,0.0,0.0,1.0
436497,0,1,3400,-60,60,71,16,26,0.79,52288.000000,5,27,0.0,0.0,0.0,0.0,0.0,0.0,0.0,1.0
436746,0,1,3400,-60,60,72,14,25,0.50,33344.000000,0,27,0.0,0.0,13184.000000,0,0.0,0.0,0.0,1.0
436995,0,1,3400,-60,60,67,1.5,25,0.50,40800.000000,0,27,0.0,0.0,0.0,0.0,0.0,0.0,0.0,1.0
437244,0,1,3400,-60,60,69,13,25,0.64,39712.000000,3,27,0.0,0.0,0.0,0.0,0.0,0.0,0.0,1.0
437493,0,1,3400,-60,60,67,15,25,0.53,60160.000000,3,27,0.0,186,0.0,0.0,0.0,0.0,0.0,1.0
437742,0,1,3400,-60,60,66,16,25,0.50,85760.000000,0,27,0.0,0.0,11456.000000,0,0.0,0.0,0.0,1.0
437991,0,1,3400,-60,60,69,14,26,0.50,60416.000000,0,27,0.0,0.0,0.0,0.0,0.0,0.0,0.0,1.0
438240,0,1,3400,-60,60,68,15,25,0.57,68626.507812,4,27,0.0,0.0,0.0,0.0,0.0,0.0,0.0,1.0
438489,0,1,3400,-60,60,67,12,26,0.50,16032.000000,0,27,0.0,0.0,0.0,0.0,0.0,0.0,0.0,1.0
438738,0,1,3400,-60,60,62,16,26,0.50,42592.000000,0,27,0.0,0.0,13024.000000,0,0.0,0.0,0.0,1.0
438987,0,1,3400,-60,60,67,16,26,0.50,37472.000000,0,27,0.0,0.0,0.0,0.0,0.0,0.0,0.0,1.0
439236,0,1,3400,-60,60,70,17,26,0.50,32000.000000,0,27,0.0,0.0,0.0,0.0,0.0,0.0,0.0,1.0
439485,0,1,3400,-60,60,72,15,26,0.88,25504.000000,10,27,0.0,0.0,0.0,0.0,0.0,0.0,0.0,1.0
439734,0,1,3400,-60,60,69,15,26,0.50,21248.000000,0,27,0.0,0.0,13024.000000,0,0.0,0.0,0.0,1.0
439983,0,1,3400,-60,60,65,17,26,0.67,31904.000000,14,27,0.0,0.0,0.0,0.0,0.0,0.0,0.0,1.0
440232,0,1,3400,-60,60,65,16,26,0.50,21632.000000,0,27,0.0,0.0,0.0,0.0,0.0,0.0,0.0,1.0
440481,0,1,3400,-60,60,65,12,26,0.50,50176.000000,0,27,0.0,186,0.0,0.0,0.0,0.0,0.0,1.0
440730,0,1,3400,-60,60,70,16,25,0.50,47712.000000,0,27,0.0,0.0,13024.000000,0,0.0,0.0,0.0,1.0
440979,0,1,3400,-60,60,69,16,25,0.75,30944.000000,8,27,0.0,0.0,0.0,0.0,0.0,0.0,0.0,1.0
441228,0,1,3400,-60,60,65,17,25,0.56,68589.640625,0,27,0.0,0.0,0.0,0.0,0.0,0.0,0.0,1.0
441477,0,1,3400,-60,60,65,12,26,0.50,51328.000000,0,27,0.0,186,0.0,0.0,0.0,0.0,0.0,1.0
441726,0,1,3400,-60,60,71,14,26,0.50,75712.000000,0,27,0.0,0.0,13024.000000,0,0.0,0.0,0.0,1.0
441975,0,1,3400,-60,60,73,17,26,0.50,42848.000000,0,27,0.0,0.0,0.0,0.0,0.0,0.0,0.0,1.0
442224,0,1,3400,-60,60,75,16,26,0.50,42400.000000,0,27,0.0,0.0,0.0,0.0,0.0,0.0,0.0,1.0
442473,0,1,3400,-60,60,72,14,26,0.50,21312.000000,0,27,0.0,0.0,0.0,0.0,0.0,0.0,0.0,1.0
442722,0,1,3400,-60,60,72,15,26,0.50,37088.000000,0,27,0.0,0.0,14592.000000,0,0.0,0.0,0.0,1.0
442971,0,1,3400,-60,60,72,15,26,0.95,30880.000000,8,27,0.0,0.0,0.0,0.0,0.0,0.0,0.0,1.0
443220,0,1,3400,-60,60,68,17,26,0.64,47040.000000,6,27,0.0,0.0,0.0,0.0,0.0,0.0,0.0,1.0
443469,0,1,3400,-60,60,67,12,26,0.50,45472.000000,0,27,0.0,186,0.0,0.0,0.0,0.0,0.0,1.0
443718,0,1,3400,-60,60,70,14,26,0.50,58496.000000,0,27,0.85,0.0,16640.000000,0,0.0,0.0,0.0,1.0
443967,0,1,3400,-60,60,71,17,25,0.50,42496.000000,0,27,0.99,0.0,0.0,0.0,0.0,0.0,0.0,1.0
444216,0,1,3400,-60,60,71,16,25,0.50,37600.000000,0,27,0.99,0.0,0.0,0.0,0.0,0.0,0.0,1.0
444465,0,1,3400,-60,60,68,18,25,0.50,16128.000000,0,27,0.99,0.0,0.0,0.0,0.0,0.0,0.0,1.0
444714,0,1,3400,-60,60,61,15,25,0.51,26666.666016,0,27,0.91,0.0,19373.494141,0,0.0,0.0,0.0,1.0
444963,0,1,3400,-60,60,67,17,25,0.50,26656.000000,0,27,1.0,0.0,0.0,0.0,0.0,0.0,0.0,1.0
445212,0,1,3400,-60,60,74,17,26,0.56,26720.000000,9,27,0.99,0.0,0.0,0.0,0.0,0.0,0.0,1.0
445461,0,1,3400,-60,60,73,12,25,0.50,32128.000000,0,27,1.0,186,0.0,0.0,0.0,0.0,0.0,1.0
445710,0,1,3400,-60,60,70,17,26,0.50,47520.000000,0,27,0.11,0.0,13024.000000,0,0.0,0.0,0.0,1.0
445959,0,1,3400,-60,60,70,16,26,0.50,37088.000000,0,27,0.0,0.0,0.0,0.0,0.0,0.0,0.0,1.0
446208,0,1,3400,-60,60,65,14,26,0.50,28512.000000,0,27,0.0,0.0,0.0,0.0,0.0,0.0,0.0,1.0
446457,0,1,3400,-60,60,67,7.9,25,0.50,39616.000000,0,27,0.0,0.0,0.0,0.0,0.0,0.0,0.0,1.0
446706,0,1,3400,-60,60,71,14,26,0.92,30048.000000,15,27,0.0,0.0,13184.000000,0,0.0,0.0,0.0,1.0
446955,0,1,3400,-60,60,70,16,26,0.56,21216.000000,0,27,0.0,0.0,0.0,0.0,0.0,0.0,0.0,1.0
447204,0,1,3400,-60,60,68,17,26,0.50,42368.000000,0,27,0.0,0.0,0.0,0.0,0.0,0.0,0.0,1.0
447453,0,1,3400,-60,60,68,13,26,0.50,60480.000000,0,27,0.0,186,0.0,0.0,0.0,0.0,0.0,1.0
447702,0,1,3400,-60,60,67,13,26,0.79,37737.050781,5,27,1.3,0.0,28334.662109,9,0.0,0.0,0.0,1.0
447951,0,1,3400,-60,60,68,16,25,1.2,30528.000000,9,27,0.98,0.0,0.0,0.0,0.0,0.0,0.0,1.0
448200,0,1,3400,-60,60,70,16,25,0.50,43168.000000,0,27,0.98,0.0,0.0,0.0,0.0,0.0,0.0,1.0
448449,0,1,3400,-60,60,66,15,25,0.50,38752.000000,0,27,0.98,0.0,0.0,0.0,0.0,0.0,0.0,1.0
448698,0,1,3400,-60,60,69,14,25,0.50,28832.000000,0,27,0.26,0.0,11456.000000,0,0.0,0.0,0.0,1.0
448947,0,1,3400,-60,60,70,13,26,0.50,45248.000000,0,27,0.0,0.0,0.0,0.0,0.0,0.0,0.0,1.0
449196,0,1,3400,-60,60,71,17,26,0.50,21440.000000,0,27,0.0,0.0,0.0,0.0,0.0,0.0,0.0,1.0
449445,0,1,3400,-60,60,68,22,26,1.7,0.0,100.000000,27,0.0,0.0,0.0,0.0,0.0,0.0,0.0,1.0
449694,0,1,3400,-60,60,69,25,26,3.6,0.0,100.000000,27,0.0,0.0,0.0,0.0,0.0,0.0,0.0,1.0
449943,0,1,3400,-60,60,70,26,26,4.0,0.0,0.0,27,0.0,0.0,0.0,0.0,0.0,0.0,0.0,1.0
450192,0,1,3400,-60,60,70,26,26,3.9,0.0,0.0,27,0.0,0.0,0.0,0.0,0.0,0.0,0.0,1.0
450441,0,1,3400,-60,60,68,26,26,4.0,0.0,0.0,27,0.0,0.0,0.0,0.0,0.0,0.0,0.0,1.0
450690,0,1,3400,-60,60,71,26,26,4.0,0.0,0.0,27,0.0,0.0,0.0,0.0,0.0,0.0,0.0,1.0
450939,0,1,3400,-60,60,69,26,28,4.0,0.0,0.0,27,0.0,0.0,0.0,0.0,0.0,0.0,0.0,1.0
451188,0,1,3400,-60,60,72,26,28,4.0,0.0,0.0,27,0.0,0.0,0.0,0.0,0.0,0.0,0.0,1.0
451437,0,1,3400,-60,60,71,26,28,4.0,0.0,0.0,27,0.0,0.0,0.0,0.0,0.0,0.0,0.0,1.0
451686,0,1,3400,-60,60,70,26,28,4.0,0.0,0.0,27,0.0,0.0,0.0,0.0,0.0,0.0,0.0,1.0
451935,0,1,3400,-60,60,69,26,27,4.0,0.0,0.0,27,0.0,0.0,0.0,0.0,0.0,0.0,0.0,1.0
452184,0,1,3400,-60,60,70,26,27,4.0,0.0,0.0,27,0.0,0.0,0.0,0.0,0.0,0.0,0.0,1.0
452433,0,1,3400,-60,60,73,26,27,4.0,0.0,0.0,27,0.0,0.0,0.0,0.0,0.0,0.0,0.0,1.0
452682,0,1,3400,-60,60,69,26,28,4.0,0.0,0.0,27,0.0,0.0,0.0,0.0,0.0,0.0,0.0,1.0
452931,0,1,3400,-60,60,72,26,28,4.0,0.0,0.0,27,0.0,0.0,0.0,0.0,0.0,0.0,0.0,1.0
453180,0,1,3400,-60,60,73,26,28,4.0,0.0,0.0,27,0.0,0.0,0.0,0.0,0.0,0.0,0.0,1.0
453429,0,1,3400,-60,60,71,26,28,4.0,0.0,0.0,27,0.0,0.0,0.0,0.0,0.0,0.0,0.0,1.0
453678,0,1,3400,-60,60,76,26,28,4.0,0.0,0.0,27,0.0,0.0,0.0,0.0,0.0,0.0,0.0,1.0
453927,0,1,3400,-60,60,73,26,28,4.0,0.0,0.0,27,0.0,0.0,0.0,0.0,0.0,0.0,0.0,1.0
454176,0,1,3400,-60,60,70,26,28,4.0,0.0,0.0,27,0.0,0.0,0.0,0.0,0.0,0.0,0.0,1.0
454425,0,1,3400,-60,60,71,26,28,4.0,0.0,0.0,27,0.0,0.0,0.0,0.0,0.0,0.0,0.0,1.0
454674,0,1,3400,-60,60,66,26,28,4.0,0.0,0.0,27,0.0,0.0,0.0,0.0,0.0,0.0,0.0,1.0
454923,0,1,3400,-85,85,-167,26,4.6,4.0,0.0,0.0,27,0.0,0.0,0.0,0.0,0.0,0.0,0.0,1.0
455172,0,1,3400,-89,89,-706,26,0.98,4.0,0.0,0.0,27,0.0,0.0,0.0,0.0,0.0,0.0,0.0,1.0
455421,0,1,3400,-89,89,-1571.527710,26,0.88,4.0,0.0,0.0,27,6.3,0.0,1498.007935,0,0.0,1.0,0.0,1.0
455670,0,1,3400,-89,89,-1571.527710,26,0.88,4.0,0.0,0.0,27,6.3,0.0,0.0,0.0,0.0,0.0,0.0,1.0
455919,0,1,3400,-89,89,-1571.527710,26,0.88,4.0,0.0,0.0,27,6.3,0.0,0.0,0.0,0.0,0.0,0.0,1.0
456168,0,1,3400,-89,89,-1571.527710,26,0.88,4.0,0.0,0.0,27,6.3,0.0,0.0,0.0,0.0,0.0,0.0,1.0
456417,0,1,3400,-89,89,-1571.527710,26,0.88,4.0,0.0,0.0,27,6.3,0.0,0.0,0.0,0.0,0.0,0.0,1.0
456666,0,1,3400,-89,89,-1571.527710,26,0.88,4.0,0.0,0.0,27,6.3,0.0,0.0,0.0,0.0,0.0,0.0,1.0
456915,0,1,3400,-89,89,-1571.527710,26,0.88,4.0,0.0,0.0,27,6.3,0.0,0.0,0.0,0.0,0.0,0.0,0.0
457164,0,1,3400,-89,89,-1571.527710,26,0.88,4.0,0.0,0.0,27,6.3,0.0,0.0,0.0,0.0,0.0,0.0,0.0
457413,0,1,3400,-89,89,-1571.527710,26,0.88,4.0,0.0,0.0,27,6.3,0.0,0.0,0.0,0.0,0.0,0.0,0.0
457662,0,1,3400,-89,89,-1571.527710,26,0.88,4.0,0.0,0.0,27,6.3,0.0,0.0,0.0,0.0,0.0,0.0,0.0
457911,0,1,3400,-89,89,-1571.527710,26,0.88,4.0,0.0,0.0,27,6.3,0.0,0.0,0.0,0.0,0.0,0.0,0.0
458160,0,1,3400,-89,89,-1571.527710,26,0.88,4.0,0.0,0.0,27,6.3,0.0,0.0,0.0,0.0,0.0,0.0,0.0
458409,0,1,3400,-89,89,-1571.527710,26,0.88,4.0,0.0,0.0,27,6.3,0.0,0.0,0.0,0.0,0.0,0.0,0.0
458658,0,1,3400,-89,89,-1571.527710,26,0.88,4.0,0.0,0.0,27,6.3,0.0,0.0,0.0,0.0,0.0,0.0,0.0
458907,0,1,3400,-89,89,-1571.527710,26,0.88,4.0,0.0,0.0,27,6.3,0.0,0.0,0.0,0.0,0.0,0.0,0.0
459156,0,1,3400,-89,89,-1571.527710,26,0.88,4.0,0.0,0.0,27,6.3,0.0,0.0,0.0,0.0,0.0,0.0,0.0
459405,0,1,3400,-89,89,-1571.527710,26,0.88,4.0,0.0,0.0,27,6.3,0.0,0.0,0.0,0.0,0.0,0.0,0.0
459654,0,1,3400,-89,89,-1571.527710,