Timestamp,num_ues,IMSI,RNTI,,slicing_enabled,slice_id,slice_prb,power_multiplier,scheduling_policy,,dl_mcs,dl_n_samples,dl_buffer [bytes],tx_brate downlink [Mbps],tx_pkts downlink,tx_errors downlink (%),dl_cqi,,ul_mcs,ul_n_samples,ul_buffer [bytes],rx_brate uplink [Mbps],rx_pkts uplink,rx_errors uplink (%),ul_rssi,ul_sinr,phr,,sum_requested_prbs,sum_granted_prbs,,dl_pmi,dl_ri,ul_n,ul_turbo_iters
1602450553785,12,1010123456042,74,,1,2,2,1,1,,24.9429,35,7895,0.059296,13,0,14.1667,,10.875,8,0,0.1,3,0,0,23.6007,31,,1,30,,0,0,0,1
1602450554035,10,1010123456042,74,,1,2,2,1,1,,27,89,32846,0.17584,35,0,12,,11.9677,62,0,0.275808,25,8,0,11.8244,31,,45,88,,0,0,0,3.33871
1602450554285,9,1010123456042,74,,1,2,2,1,1,,27.4911,112,55272,0.24992,46,0,14,,7.41026,39,0,0.109312,16,0,0,12.7313,31,,250,92,,0,0,0,1.15385
1602450554535,9,1010123456042,74,,1,2,2,1,1,,27.8841,138,75607,0.332064,57,0,14,,0,0,0,0,0,0,0,0,0,,216,110,,0,0,0,0
1602450554785,9,1010123456042,74,,1,2,2,1,1,,27.6791,134,96556,0.294272,52,0,13.8333,,0,0,0,0,0,0,0,0,0,,147,106,,0,0,0,0
1602450555035,9,1010123456042,74,,1,2,2,1,1,,27.4861,72,121959,0.15952,29,0,13.6667,,7.63158,38,0,0.113568,15,0,0,13.4385,31,,102,56,,0,0,0,1.71053
1602450555284,9,1010123456042,74,,1,2,2,1,1,,27.5821,134,142616,0.306217,55,0,14.1429,,0,0,0,0,0,0,0,0,0,,133,112,,0,0,0,0
1602450555534,9,1010123456042,74,,1,2,2,1,1,,27.062,129,164240,0.279518,52,0,13.5,,0,0,0,0,0,0,0,0,0,,129,104,,0,0,0,0
1602450555784,9,1010123456042,74,,1,2,2,1,1,,25.9018,112,183733,0.21359,44,0,13.1667,,0,0,0,0,0,0,0,0,0,,115,86,,0,0,0,0
1602450556035,9,1010123456042,74,,1,2,2,1,1,,26.6618,136,184225,0.262656,52,0,13.1667,,9.54545,11,0,0.1,4,0,0,12.7885,31,,140,106,,0,0,0,1
1602450556284,9,1010123456042,74,,1,2,2,1,1,,26.8088,136,183046,0.270522,52,0,13.5,,0,0,0,0,0,0,0,0,0,,125,106,,0,0,0,0
1602450556535,9,1010123456042,74,,1,2,2,1,1,,26.4744,78,183817,0.157792,31,0,13.2,,0,0,0,0,0,0,0,0,0,,109,66,,0,0,0,0
1602450556784,9,1010123456042,74,,1,2,2,1,1,,26.7,110,184245,0.229462,46,0,13.4,,0,0,0,0,0,0,0,0,0,,133,88,,0,0,0,0
1602450557034,9,1010123456042,74,,1,2,2,1,1,,26.5206,146,183865,0.296675,58,0,13.3333,,5.66667,18,0,0.1,7,0,0,10.4395,31,,156,116,,0,0,0,1.16667
1602450557284,8,1010123456042,74,,1,2,2,1,1,,26.7317,164,183909,0.324337,63,0,13.1429,,0,0,0,0,0,0,0,0,0,,164,130,,0,0,0,0
1602450557534,8,1010123456042,74,,1,2,2,1,1,,26.2431,144,184061,0.285012,59,0,13,,0,0,0,0,0,0,0,0,0,,139,116,,0,0,0,0
1602450557785,8,1010123456042,74,,1,2,2,1,1,,26.3333,159,183397,0.30704,63,0,13,,0,0,0,0,0,0,0,0,0,,159,126,,0,0,0,0
1602450558035,8,1010123456042,74,,1,2,2,1,1,,26.0134,149,183341,0.294592,62,0,13,,4.2,25,0,0.1,10,0,0,9.61398,31,,156,120,,0,0,0,1.2
1602450558284,8,1010123456042,74,,1,2,2,1,1,,26.6181,144,183126,0.282378,57,0,13,,0,0,0,0,0,0,0,0,0,,152,118,,0,0,0,0
1602450558534,8,1010123456042,74,,1,2,2,1,1,,26.7154,123,184381,0.258699,52,0,13.1667,,0,0,0,0,0,0,0,0,0,,149,98,,0,0,0,0
1602450558785,9,1010123456042,74,,1,2,2,1,1,,26.2774,137,183309,0.2672,54,0,13.3333,,0,0,0,0,0,0,0,0,0,,163,110,,0,0,0,0
1602450559035,9,1010123456042,74,,1,2,2,1,1,,27.1185,135,184665,0.29104,55,0,13.6667,,7.33333,12,0,0.1,5,0,0,14.0317,31,,150,108,,0,0,0,1.5
1602450559285,9,1010123456042,74,,1,2,2,1,1,,26.7089,79,184017,0.15344,31,0,13,,0,0,0,0,0,0,0,0,0,,116,66,,0,0,0,0
1602450559535,9,1010123456042,74,,1,2,2,1,1,,27.189,127,183253,0.266592,51,0,13.3333,,0,0,0,0,0,0,0,0,0,,157,100,,0,0,0,0
1602450559785,9,1010123456042,74,,1,2,2,1,1,,27.3116,199,183297,0.428672,80,0,13.6667,,0,0,0,0,0,0,0,0,0,,159,158,,0,0,0,0
1602450560035,9,1010123456042,74,,1,2,2,1,1,,26.7554,139,183309,0.275008,54,0,13.3333,,9.33333,12,0,0.1,5,0,0,14.8951,31,,155,112,,0,0,0,1
1602450560285,9,1010123456042,74,,1,2,2,1,1,,26.566,106,183905,0.214656,44,0,13.1429,,0,0,0,0,0,0,0,0,0,,126,88,,0,0,0,0
1602450560534,10,1010123456042,74,,1,2,2,1,1,,26.9071,140,184005,0.292498,56,0,13.1667,,0,0,0,0,0,0,0,0,0,,179,108,,0,0,0,0
1602450560785,10,1010123456042,74,,1,2,2,1,1,,26.4726,146,184157,0.2792,57,0,13,,0,0,0,0,0,0,0,0,0,,161,114,,0,0,0,0
1602450561035,10,1010123456042,74,,1,2,2,1,1,,25.6731,104,184213,0.18288,39,0,13,,7.36842,19,0,0.1,8,12.5,0,13.1028,31,,128,80,,0,0,0,2.78947
1602450561285,10,1010123456042,74,,1,2,2,1,1,,25.9825,114,183291,0.215072,45,0,13,,0,0,0,0,0,0,0,0,0,,137,92,,0,0,0,0
1602450561535,10,1010123456042,74,,1,2,2,1,1,,26.5635,126,184301,0.25136,51,0,13,,0,0,0,0,0,0,0,0,0,,172,102,,0,0,0,0
1602450561784,10,1010123456042,74,,1,2,2,1,1,,26.4783,69,184613,0.141912,29,0,13.1667,,0,0,0,0,0,0,0,0,0,,75,54,,0,0,0,0
1602450562034,10,1010123456042,74,,1,2,2,1,1,,26.4174,115,183549,0.225606,46,0,13,,11.1429,7,0,0.1,3,0,0,16.5484,31,,125,92,,0,0,0,1
1602450562285,10,1010123456042,74,,1,2,2,1,1,,26.3796,108,182706,0.199584,41,0,13.2857,,0,0,0,0,0,0,0,0,0,,137,88,,0,0,0,0
1602450562534,10,1010123456042,74,,1,2,2,1,1,,26.8784,148,183465,0.311614,59,0,13.1667,,0,0,0,0,0,0,0,0,0,,163,118,,0,0,0,0
1602450562784,10,1010123456042,74,,1,2,2,1,1,,26.7191,178,183154,0.347438,70,0,13,,0,0,0,0,0,0,0,0,0,,181,138,,0,0,0,0
1602450563035,10,1010123456042,74,,1,2,2,1,1,,26.3729,118,183281,0.241728,50,0,13,,3.5,24,0,0.1,9,0,0,11.8722,31,,119,96,,0,0,0,1.125
1602450563285,10,1010123456042,74,,1,2,2,1,1,,19.954,87,183798,0.12608,34,0,11.5714,,0,0,0,0,0,0,0,0,0,,116,68,,0,0,0,0
1602450563534,10,1010123456042,74,,1,2,2,1,1,,26.6825,126,183486,0.243309,49,0,13,,0,0,0,0,0,0,0,0,0,,147,100,,0,0,0,0
1602450563785,10,1010123456042,74,,1,2,2,1,1,,25.8667,75,183486,0.14704,31,0,13,,0,0,0,0,0,0,0,0,0,,107,60,,0,0,0,0
1602450564034,10,1010123456042,74,,1,2,2,1,1,,26.4579,107,184150,0.205687,42,0,13,,3.30769,39,0,0.1,16,0,0,9.72837,31,,152,88,,0,0,0,1.05128
1602450564285,10,1010123456042,74,,1,2,2,1,1,,26.7682,151,183566,0.308416,62,0,12.8571,,0,0,0,0,0,0,0,0,0,,171,122,,0,0,0,0
1602450564535,10,1010123456042,74,,1,2,2,1,1,,26.6456,158,184210,0.31152,63,0,12.8333,,0,0,0,0,0,0,0,0,0,,181,126,,0,0,0,0
1602450564784,10,1010123456042,74,,1,2,2,1,1,,26.075,120,184283,0.234056,49,0,13,,0,0,0,0,0,0,0,0,0,,181,98,,0,0,0,0
1602450565034,10,1010123456042,74,,1,2,2,1,1,,26.6,140,183124,0.281349,57,0,13,,3.89744,39,0,0.1,16,0,0,10.1048,31,,173,112,,0,0,0,1
1602450565284,10,1010123456042,74,,1,2,2,1,1,,26.2549,102,184075,0.206201,42,0,13.2857,,0,0,0,0,0,0,0,0,0,,142,84,,0,0,0,0
1602450565534,10,1010123456042,74,,1,2,2,1,1,,25.5769,156,183973,0.278072,59,0,12.3333,,0,0,0,0,0,0,0,0,0,,170,124,,0,0,0,0
1602450565785,10,1010123456042,74,,1,2,2,1,1,,24.5986,142,183416,0.261888,60,0,12.5,,0,0,0,0,0,0,0,0,0,,168,116,,0,0,0,0
1602450566034,10,1010123456042,74,,1,2,2,1,1,,25.4615,117,184138,0.208996,45,0,12.8,,12.2727,11,0,0.1,5,40,0,9.72664,31,,132,92,,0,0,0,5.54545
1602450566285,10,1010123456042,74,,1,2,2,1,1,,25.3597,139,183653,0.263072,57,0,12.5,,0,0,0,0,0,0,0,0,0,,127,110,,0,0,0,0
1602450566534,10,1010123456042,74,,1,2,2,1,1,,22.6125,80,184285,0.122088,32,0,11.6,,0,0,0,0,0,0,0,0,0,,97,64,,0,0,0,0
1602450566785,10,1010123456042,74,,1,2,2,1,1,,22.6691,139,183553,0.20704,54,0,11.3333,,0,0,0,0,0,0,0,0,0,,187,112,,0,0,0,0
1602450567035,10,1010123456042,74,,1,2,2,1,1,,21.6048,124,183991,0.179808,51,0,11,,2.83333,36,0,0.1,14,0,0,8.42908,31,,159,100,,0,0,0,1
1602450567285,10,1010123456042,74,,1,2,2,1,1,,23.875,144,183457,0.251456,58,0,11.5714,,0,0,0,0,0,0,0,0,0,,145,118,,0,0,0,0
1602450567535,10,1010123456042,74,,1,2,2,1,1,,22.2481,129,184585,0.197952,54,0,11.3333,,4,3,0,0.1,1,0,0,5.85677,31,,146,108,,0,0,0,1
1602450567785,10,1010123456042,74,,1,2,2,1,1,,23.038,158,184368,0.237056,60,0,11.8,,0,0,0,0,0,0,0,0,0,,163,124,,0,0,0,0
1602450568035,10,1010123456042,74,,1,2,2,1,1,,24.5752,113,183803,0.214944,49,0,12.1667,,6.66667,57,0,0.1,22,36.3636,0,8.25343,31,,140,94,,0,0,0,4.29825
1602450568285,10,1010123456042,74,,1,2,2,1,1,,22.6774,124,184246,0.17696,46,0,11.7143,,0,0,0,0,0,0,0,0,0,,138,92,,0,0,0,0
1602450568535,10,1010123456042,74,,1,2,2,1,1,,24.3603,136,183323,0.228896,53,0,11.8333,,0,0,0,0,0,0,0,0,0,,153,102,,0,0,0,0
1602450568784,10,1010123456042,74,,1,2,2,1,1,,24.38,150,183871,0.262297,60,0,12.5,,0,0,0,0,0,0,0,0,0,,154,122,,0,0,0,0
1602450569034,10,1010123456042,74,,1,2,2,1,1,,24.6781,146,183456,0.238843,54,0,12,,2.39024,41,0,0.1,17,5.88235,0,7.70571,31,,151,114,,0,0,0,1.53659
1602450569284,10,1010123456042,74,,1,2,2,1,1,,24.8506,87,183379,0.163341,36,0,11.8571,,0,0,0,0,0,0,0,0,0,,91,64,,0,0,0,0
1602450569535,10,1010123456042,74,,1,2,2,1,1,,20.554,139,182950,0.190368,53,0,11,,0,0,0,0,0,0,0,0,0,,152,112,,0,0,0,0
1602450569785,10,1010123456042,74,,1,2,2,1,1,,25.5361,97,183351,0.191392,41,0,12.3333,,0,0,0,0,0,0,0,0,0,,118,76,,0,0,0,0
1602450570034,10,1010123456042,74,,1,2,2,1,1,,25.9375,64,184035,0.11502,24,0,13.1667,,2.07843,51,0,0.1,20,0,0,7.9092,31,,77,50,,0,0,0,1
1602450570284,10,1010123456042,74,,1,2,2,1,1,,25.0494,162,183461,0.304675,67,0,12.2857,,0,0,0,0,0,0,0,0,0,,184,134,,0,0,0,0
1602450570535,10,1010123456042,74,,1,2,2,1,1,,26.6092,87,183549,0.181536,37,0,13,,0,0,0,0,0,0,0,0,0,,126,76,,0,0,0,0
1602450570785,10,1010123456042,74,,1,2,2,1,1,,26.0738,122,183938,0.223968,47,0,12.6667,,0,0,0,0,0,0,0,0,0,,160,94,,0,0,0,0
1602450571034,10,1010123456042,74,,1,2,2,1,1,,25.9779,136,183202,0.267438,56,0,12.8333,,5.09836,61,0,0.1,24,33.3333,0,7.19911,31,,153,110,,0,0,0,4
1602450571284,10,1010123456042,74,,1,2,2,1,1,,25.1765,102,183312,0.186635,41,0,12.3333,,0,0,0,0,0,0,0,0,0,,154,82,,0,0,0,0
1602450571535,10,1010123456042,74,,1,2,2,1,1,,26.5135,148,183025,0.283712,58,0,13,,0,0,0,0,0,0,0,0,0,,164,120,,0,0,0,0
1602450571784,10,1010123456042,74,,1,2,2,1,1,,25.7477,111,183821,0.216193,45,0,12.6667,,0,0,0,0,0,0,0,0,0,,167,90,,0,0,0,0
1602450572034,10,1010123456042,74,,1,2,2,1,1,,25.1885,122,182948,0.220048,49,0,13,,7.78125,32,0,0.1,13,15.3846,0,7.6996,31,,161,96,,0,0,0,2.90625
1602450572285,10,1010123456042,74,,1,2,2,1,1,,26.9048,84,183377,0.18512,37,0,12.7143,,0,0,0,0,0,0,0,0,0,,114,70,,0,0,0,0
1602450572535,10,1010123456042,74,,1,2,2,1,1,,23.5926,81,183269,0.146048,34,0,10.8333,,0,0,0,0,0,0,0,0,0,,117,68,,0,0,0,0
1602450572785,10,1010123456042,74,,1,2,2,1,1,,18.825,40,182989,0.042144,13,0,12.4,,0,0,0,0,0,0,0,0,0,,65,32,,0,0,0,0
1602450573035,10,1010123456042,74,,1,2,2,1,1,,25.632,125,183417,0.23792,51,0,12.25,,14.9882,85,0,0.105344,35,77.1429,0,8.54047,31,,139,96,,0,0,0,8.01176
1602450573285,10,1010123456042,74,,1,2,2,1,1,,26.7117,111,183993,0.217728,44,0,11.1429,,0,0,0,0,0,0,0,0,0,,150,106,,0,0,0,0
1602450573535,10,1010123456042,74,,1,2,2,1,1,,24.3723,94,183391,0.152256,36,0,11.8333,,0,0,0,0,0,0,0,0,0,,114,76,,0,0,0,0
1602450573785,10,1010123456042,74,,1,2,2,1,1,,24.8376,117,184178,0.221216,49,0,12.6667,,0,0,0,0,0,0,0,0,0,,144,94,,0,0,0,0
1602450574035,10,1010123456042,74,,1,2,2,1,1,,25.2308,130,184046,0.226368,50,0,12.1667,,1.77778,36,0,0.1,15,0,0,6.37309,31,,170,106,,0,0,0,1.05556
1602450574285,10,1010123456042,74,,1,2,2,1,1,,24.6452,62,183441,0.129952,29,0,13,,0,0,0,0,0,0,0,0,0,,84,52,,0,0,0,0
1602450574535,10,1010123456042,74,,1,2,2,1,1,,27.1216,74,184139,0.155968,30,0,10.6,,0,0,0,0,0,0,0,0,0,,90,64,,0,0,0,0
1602450574785,10,1010123456042,74,,1,2,2,1,1,,25.6604,159,183580,0.312928,67,0,12.6,,0,0,0,0,0,0,0,0,0,,175,130,,0,0,0,0
1602450575034,10,1010123456042,74,,1,2,2,1,1,,0,0,183580,0,0,0,12,,0,0,0,0,0,0,0,0,0,,0,0,,0,0,0,0
1602450575285,10,1010123456042,74,,1,2,2,1,1,,26.33,100,183302,0.183584,37,0,12.3333,,9.45455,11,0,0.1,4,0,0,20.4515,31,,133,80,,0,0,0,1
1602450575534,10,1010123456042,74,,1,2,2,1,1,,26.5032,157,183988,0.324948,66,0,12.8,,0,0,0,0,0,0,0,0,0,,172,126,,0,0,0,0
1602450575784,10,1010123456042,74,,1,2,2,1,1,,27.1839,87,182717,0.166683,32,0,13.4,,0,0,0,0,0,0,0,0,0,,95,70,,0,0,0,0
1602450576034,10,1010123456042,74,,1,2,2,1,1,,26.9407,118,184128,0.240932,47,0,13,,0.944444,36,0,0.1,15,0,0,6.57979,31,,152,94,,0,0,0,1.05556
1602450576285,10,1010123456042,74,,1,2,2,1,1,,26.9574,141,184056,0.30128,59,0,11.2857,,0,0,0,0,0,0,0,0,0,,169,116,,0,0,0,0
1602450576534,10,1010123456042,74,,1,2,2,1,1,,26.3874,111,184543,0.211213,42,0,13,,0,0,0,0,0,0,0,0,0,,163,108,,0,0,0,0
1602450576784,10,1010123456042,74,,1,2,2,1,1,,26.7517,149,182720,0.293237,59,0,13,,0,0,0,0,0,0,0,0,0,,166,120,,0,0,0,0
1602450577034,10,1010123456042,74,,1,2,2,1,1,,20.9845,129,183899,0.204916,52,0,11.3333,,1.7619,42,0,0.1,17,0,0,7.22343,31,,155,102,,0,0,0,1
1602450577285,10,1010123456042,74,,1,2,2,1,1,,25.9758,124,183752,0.24176,51,0,12.7143,,0,0,0,0,0,0,0,0,0,,163,102,,0,0,0,0
1602450577534,10,1010123456042,74,,1,2,2,1,1,,26.7851,121,184000,0.229976,46,0,13,,0,0,0,0,0,0,0,0,0,,126,92,,0,0,0,0
1602450577785,10,1010123456042,74,,1,2,2,1,1,,26.1544,149,183860,0.288384,60,0,12.8,,0,0,0,0,0,0,0,0,0,,173,120,,0,0,0,0
1602450578035,10,1010123456042,74,,1,2,2,1,1,,26.128,125,183338,0.264288,55,0,12.8333,,4.26531,49,0,0.1,20,20,0,7.21981,31,,164,106,,0,0,0,2.46939
1602450578284,10,1010123456042,74,,1,2,2,1,1,,26.929,169,183227,0.326329,65,0,13,,0,0,0,0,0,0,0,0,0,,173,134,,0,0,0,0
1602450578534,10,1010123456042,74,,1,2,2,1,1,,26.8452,168,183297,0.330345,66,0,13,,0,0,0,0,0,0,0,0,0,,167,132,,0,0,0,0
1602450578785,10,1010123456042,74,,1,2,2,1,1,,26.3268,153,184351,0.296736,61,0,12.8333,,0,0,0,0,0,0,0,0,0,,173,122,,0,0,0,0
1602450579035,10,1010123456042,74,,1,2,2,1,1,,25.0182,110,183820,0.217408,48,0,11.6667,,2.70588,34,0,0.1,13,0,0,7.29643,31,,150,92,,0,0,0,1
1602450579285,10,1010123456042,74,,1,2,2,1,1,,22.3125,128,183240,0.209728,52,0,11.5714,,0,0,0,0,0,0,0,0,0,,150,104,,0,0,0,0
1602450579535,10,1010123456042,74,,1,2,2,1,1,,26.8042,143,183256,0.273504,55,0,13,,0,0,0,0,0,0,0,0,0,,180,114,,0,0,0,0
1602450579785,10,1010123456042,74,,1,2,2,1,1,,23.864,125,183638,0.230144,52,0,11.3333,,0,0,0,0,0,0,0,0,0,,167,102,,0,0,0,0
1602450580035,10,1010123456042,74,,1,2,2,1,1,,26.0337,178,184012,0.314048,66,0,12.8,,3.47619,42,0,0.1,17,0,0,10.228,31,,172,134,,0,0,0,1.35714
1602450580285,10,1010123456042,74,,1,2,2,1,1,,26.3088,68,184196,0.13632,28,0,13,,0,0,0,0,0,0,0,0,0,,96,56,,0,0,0,0
1602450580535,10,1010123456042,74,,1,2,2,1,1,,26.873,126,183500,0.264736,53,0,13,,0,0,0,0,0,0,0,0,0,,156,104,,0,0,0,0
1602450580785,10,1010123456042,74,,1,2,2,1,1,,26.5515,136,184212,0.265408,54,0,13,,0,0,0,0,0,0,0,0,0,,169,106,,0,0,0,0
1602450581035,10,1010123456042,74,,1,2,2,1,1,,26.1439,139,184519,0.269312,56,0,12.8333,,6.30769,26,0,0.1,10,0,0,10.3688,31,,163,114,,0,0,0,1.46154
1602450581285,10,1010123456042,74,,1,2,2,1,1,,26.7653,98,183112,0.188352,38,0,13,,0,0,0,0,0,0,0,0,0,,120,76,,0,0,0,0
1602450581534,10,1010123456042,74,,1,2,2,1,1,,26.4315,146,183302,0.27955,57,0,12.6667,,0,0,0,0,0,0,0,0,0,,179,114,,0,0,0,0
1602450581784,10,1010123456042,74,,1,2,2,1,1,,25.9667,120,183282,0.238072,50,0,12.8333,,0,0,0,0,0,0,0,0,0,,170,100,,0,0,0,0
1602450582034,10,1010123456042,74,,1,2,2,1,1,,25.5823,158,184426,0.279904,60,0,12.6667,,12.0714,14,0,0.1,6,66.6667,0,12.2979,31,,148,126,,0,0,0,6.14286
1602450582285,10,1010123456042,74,,1,2,2,1,1,,26.8726,102,184426,0.209472,42,0,12.8571,,0,0,0,0,0,0,0,0,0,,129,76,,0,0,0,0
1602450582535,10,1010123456042,74,,1,2,2,1,1,,26.1348,141,183302,0.25952,54,0,12.8333,,0,0,0,0,0,0,0,0,0,,151,114,,0,0,0,0
1602450582784,10,1010123456042,74,,1,2,2,1,1,,26.9256,121,184334,0.261269,52,0,13,,0,0,0,0,0,0,0,0,0,,164,100,,0,0,0,0
1602450583034,10,1010123456042,74,,1,2,2,1,1,,25.1481,135,184078,0.246297,54,0,12.5,,5.64706,68,0,0.1,27,29.6296,0,7.82011,31,,155,108,,0,0,0,4.30882
1602450583284,10,1010123456042,74,,1,2,2,1,1,,23.8794,141,184208,0.238554,57,0,11.75,,0,0,0,0,0,0,0,0,0,,149,112,,0,0,0,0
1602450583535,10,1010123456042,74,,1,2,2,1,1,,22.9487,156,183958,0.245856,63,0,11.6667,,0,0,0,0,0,0,0,0,0,,151,126,,0,0,0,0
1602450583785,10,1010123456042,74,,1,2,2,1,1,,23.5429,70,183333,0.107072,26,0,9.8,,0,0,0,0,0,0,0,0,0,,149,92,,0,0,0,0
1602450584034,10,1010123456042,74,,1,2,2,1,1,,22.1212,165,183259,0.23894,65,0,11.1667,,6,68,0,0.1,27,44.4444,0,6.0837,31,,162,132,,0,0,0,4.70588
1602450584284,10,1010123456042,74,,1,2,2,1,1,,23.1605,162,183961,0.263261,66,0,11.4286,,0,0,0,0,0,0,0,0,0,,172,132,,0,0,0,0
1602450584535,10,1010123456042,74,,1,2,2,1,1,,23.8897,145,183316,0.257792,60,0,12,,0,0,0,0,0,0,0,0,0,,167,120,,0,0,0,0
1602450584785,10,1010123456042,74,,1,2,2,1,1,,23.7083,144,183271,0.238368,57,0,12.6,,0,0,0,0,0,0,0,0,0,,183,112,,0,0,0,0
1602450585034,10,1010123456042,74,,1,2,2,1,1,,21.1146,96,183701,0.129446,37,0,8.25,,7.15254,59,0,0.101622,24,25,0,7.78616,31,,170,124,,0,0,0,3.86441
1602450585285,10,1010123456042,74,,1,2,2,1,1,,21.7627,118,184402,0.174624,49,0,11,,0,0,0,0,0,0,0,0,0,,168,94,,0,0,0,0
1602450585535,10,1010123456042,74,,1,2,2,1,1,,21.9612,129,184468,0.188032,52,0,11.2,,0,0,0,0,0,0,0,0,0,,158,104,,0,0,0,0
1602450585785,10,1010123456042,74,,1,2,2,1,1,,21.3194,144,183990,0.196896,57,0,11,,0,0,0,0,0,0,0,0,0,,176,120,,0,0,0,0
1602450586035,10,1010123456042,74,,1,2,2,1,1,,21.6466,116,183487,0.171808,49,0,11,,1.30233,43,0,0.1,17,0,0,5.52204,31,,133,90,,0,0,0,1
1602450586285,10,1010123456042,74,,1,2,2,1,1,,21.7473,186,184048,0.266592,75,0,11,,0,0,0,0,0,0,0,0,0,,169,150,,0,0,0,0
1602450586535,10,1010123456042,74,,1,2,2,1,1,,22.6058,104,183210,0.167168,44,0,11.3333,,0,0,0,0,0,0,0,0,0,,135,92,,0,0,0,0
1602450586785,10,1010123456042,74,,1,2,2,1,1,,21.5195,154,184038,0.206176,59,0,11,,0,0,0,0,0,0,0,0,0,,175,120,,0,0,0,0
1602450587035,10,1010123456042,74,,1,2,2,1,1,,21.7097,93,184282,0.134592,38,0,9.33333,,8.94444,36,0,0.1,14,21.4286,0,7.86024,31,,133,92,,0,0,0,3.63889
1602450587285,10,1010123456042,74,,1,2,2,1,1,,21.3529,119,183501,0.175968,51,0,11,,0,0,0,0,0,0,0,0,0,,159,98,,0,0,0,0
1602450587535,10,1010123456042,74,,1,2,2,1,1,,21.8808,151,184403,0.204064,57,0,11,,0,0,0,0,0,0,0,0,0,,173,116,,0,0,0,0
1602450587785,10,1010123456042,74,,1,2,2,1,1,,21.5252,139,184148,0.188608,54,0,11,,0,0,0,0,0,0,0,0,0,,176,114,,0,0,0,0
1602450588035,10,1010123456042,74,,1,2,2,1,1,,21.5429,140,184067,0.203072,58,0,11,,9.75,8,0,0.1,3,0,0,12.5146,31,,160,110,,0,0,0,1.375
1602450588285,10,1010123456042,74,,1,2,2,1,1,,21.5603,116,183408,0.168192,48,0,11,,0,0,0,0,0,0,0,0,0,,152,94,,0,0,0,0
1602450588534,10,1010123456042,74,,1,2,2,1,1,,19.6303,119,183411,0.140209,45,0,9.75,,0,0,0,0,0,0,0,0,0,,139,92,,0,0,0,0
1602450588785,10,1010123456042,74,,1,2,2,1,1,,21.7241,87,183863,0.124,35,0,11,,0,0,0,0,0,0,0,0,0,,109,72,,0,0,0,0
1602450589034,10,1010123456042,74,,1,2,2,1,1,,21.6462,130,183974,0.194538,55,0,9.2,,3.82456,57,0,0.1,23,17.3913,0,8.35709,31,,178,124,,0,0,0,2.26316
1602450589284,10,1010123456042,74,,1,2,2,1,1,,21.5207,121,183331,0.157462,45,0,11,,0,0,0,0,0,0,0,0,0,,153,94,,0,0,0,0
1602450589534,10,1010123456042,74,,1,2,2,1,1,,21.4478,134,183304,0.195598,56,0,11,,0,0,0,0,0,0,0,0,0,,145,110,,0,0,0,0
1602450589784,10,1010123456042,74,,1,2,2,1,1,,21.5986,142,184225,0.197398,56,0,11,,0,0,0,0,0,0,0,0,0,,155,120,,0,0,0,0
1602450590034,10,1010123456042,74,,1,2,2,1,1,,21.6864,118,183627,0.177414,50,0,11,,5.15,40,0,0.1,15,33.3333,0,6.33756,31,,118,92,,0,0,0,4.15
1602450590284,10,1010123456042,74,,1,2,2,1,1,,22.5154,130,183580,0.181719,48,0,11.2857,,0,0,0,0,0,0,0,0,0,,171,102,,0,0,0,0
1602450590534,10,1010123456042,74,,1,2,2,1,1,,21.7179,78,184452,0.124755,35,0,11,,0,0,0,0,0,0,0,0,0,,111,64,,0,0,0,0
1602450590784,10,1010123456042,74,,1,2,2,1,1,,21.177,113,183937,0.15698,46,0,11,,0,0,0,0,0,0,0,0,0,,142,94,,0,0,0,0
1602450591034,10,1010123456042,74,,1,2,2,1,1,,21.7822,101,183953,0.131759,37,0,11,,8.30435,46,0,0.1,19,36.8421,0,11.6833,31,,121,80,,0,0,0,4.41304
1602450591285,10,1010123456042,74,,1,2,2,1,1,,21.8675,151,184637,0.226016,63,0,11,,0,0,0,0,0,0,0,0,0,,163,120,,0,0,0,0
1602450591535,10,1010123456042,74,,1,2,2,1,1,,19.0342,117,183438,0.137952,45,0,9.75,,0,0,0,0,0,0,0,0,0,,165,92,,0,0,0,0
1602450591785,10,1010123456042,74,,1,2,2,1,1,,20.8563,174,183427,0.23328,70,0,11,,0,0,0,0,0,0,0,0,0,,179,142,,0,0,0,0
1602450592034,10,1010123456042,74,,1,2,2,1,1,,21.3852,122,184159,0.173173,50,0,10.8333,,0,8,0,0,4,100,0,0,0,,161,96,,0,0,0,0
1602450592284,10,1010123456042,74,,1,2,2,1,1,,20.9021,143,184257,0.180819,54,0,10.5714,,0.1,11,0,0.1,5,0,0,5.40192,31,,168,112,,0,0,0,1
1602450592534,10,1010123456042,74,,1,2,2,1,1,,21.1181,127,183374,0.173976,51,0,10.5,,0,0,0,0,0,0,0,0,0,,156,102,,0,0,0,0
1602450592785,10,1010123456042,74,,1,2,2,1,1,,19.7266,128,184307,0.160224,53,0,10.1667,,0,0,0,0,0,0,0,0,0,,177,106,,0,0,0,0
1602450593035,10,1010123456042,74,,1,2,2,1,1,,19.6084,143,183609,0.164192,55,0,10,,0.857143,42,0,0.1,17,5.88235,0,4.67039,31,,171,112,,0,0,0,1.42857
1602450593285,10,1010123456042,74,,1,2,2,1,1,,20.2781,151,183435,0.187968,60,0,10.4,,0,0,0,0,0,0,0,0,0,,165,124,,0,0,0,0
1602450593535,10,1010123456042,74,,1,2,2,1,1,,20.7569,144,183546,0.201248,61,0,10.5,,0,0,0,0,0,0,0,0,0,,174,114,,0,0,0,0
1602450593785,10,1010123456042,74,,1,2,2,1,1,,21.2481,133,183817,0.181664,53,0,11,,0,0,0,0,0,0,0,0,0,,152,106,,0,0,0,0
1602450594035,10,1010123456042,74,,1,2,2,1,1,,22.4324,111,184277,0.166912,42,0,11.6667,,1.65517,58,0,0.1,23,4.34783,0,5.84952,31,,157,90,,0,0,0,1.34483
1602450594285,10,1010123456042,74,,1,2,2,1,1,,22.2361,144,183631,0.219744,59,0,11,,0,0,0,0,0,0,0,0,0,,156,112,,0,0,0,0
1602450594535,10,1010123456042,74,,1,2,2,1,1,,19.9151,106,184065,0.13184,42,0,10.6,,0,0,0,0,0,0,0,0,0,,162,82,,0,0,0,0
1602450594784,10,1010123456042,74,,1,2,2,1,1,,21.5333,165,184307,0.223936,62,0,10.75,,0,0,0,0,0,0,0,0,0,,181,130,,0,0,0,0
1602450595034,10,1010123456042,74,,1,2,2,1,1,,19.9638,138,183635,0.170988,56,0,9.8,,3.05769,52,0,0.1,22,22.7273,0,5.38897,31,,178,108,,0,0,0,2.88462
1602450595284,10,1010123456042,74,,1,2,2,1,1,,20.6014,138,184295,0.168418,52,0,10.5,,0,0,0,0,0,0,0,0,0,,176,104,,0,0,0,0
1602450595534,10,1010123456042,74,,1,2,2,1,1,,21.1163,129,182865,0.18143,49,0,10.6,,0,0,0,0,0,0,0,0,0,,158,104,,0,0,0,0
1602450595785,10,1010123456042,74,,1,2,2,1,1,,20.9596,99,184475,0.150176,45,0,10.6,,0,0,0,0,0,0,0,0,0,,158,82,,0,0,0,0
1602450596034,10,1010123456042,74,,1,2,2,1,1,,19.1546,97,183911,0.109687,38,0,9.5,,9.64286,14,0,0.1,6,33.3333,0,9.50126,31,,159,80,,0,0,0,3.57143
1602450596284,10,1010123456042,74,,1,2,2,1,1,,19.6693,127,183638,0.151679,51,0,10.2,,0,0,0,0,0,0,0,0,0,,162,102,,0,0,0,0
1602450596534,10,1010123456042,74,,1,2,2,1,1,,21.4921,126,184217,0.175357,50,0,11,,0,0,0,0,0,0,0,0,0,,155,98,,0,0,0,0
1602450596785,10,1010123456042,74,,1,2,2,1,1,,22.2169,166,183615,0.24784,65,0,11.6667,,0,0,0,0,0,0,0,0,0,,163,136,,0,0,0,0
1602450597035,10,1010123456042,74,,1,2,2,1,1,,19.5286,70,184137,0.088672,29,0,8,,1.17647,51,0,0.1,20,0,0,7.18252,31,,160,84,,0,0,0,1.23529
1602450597285,10,1010123456042,74,,1,2,2,1,1,,18.8529,170,184185,0.186272,65,0,10,,0,0,0,0,0,0,0,0,0,,175,132,,0,0,0,0
1602450597534,10,1010123456042,74,,1,2,2,1,1,,20.4551,156,183542,0.209671,64,0,10.3333,,0,0,0,0,0,0,0,0,0,,180,130,,0,0,0,0
1602450597784,10,1010123456042,74,,1,2,2,1,1,,20.3284,134,184005,0.183807,57,0,8.25,,0,0,0,0,0,0,0,0,0,,158,122,,0,0,0,0
1602450598034,10,1010123456042,74,,1,2,2,1,1,,20.6667,120,183531,0.162249,50,0,11.8,,7.25,56,0,0.1,22,40.9091,0,5.32101,31,,150,98,,0,0,0,5.32143
1602450598285,10,1010123456042,74,,1,2,2,1,1,,19.5413,109,183800,0.119904,39,0,8,,0,0,0,0,0,0,0,0,0,,122,86,,0,0,0,0
1602450598535,10,1010123456042,74,,1,2,2,1,1,,21.5747,87,184401,0.133824,38,0,8,,0,0,0,0,0,0,0,0,0,,188,112,,0,0,0,0
1602450598785,10,1010123456042,74,,1,2,2,1,1,,21.5283,159,183290,0.22064,63,0,11,,0,0,0,0,0,0,0,0,0,,169,130,,0,0,0,0
1602450599035,10,1010123456042,74,,1,2,2,1,1,,21.9462,130,183205,0.195648,54,0,11.25,,2.74359,39,0,0.1,16,0,0,7.46479,31,,158,106,,0,0,0,1.46154
1602450599285,10,1010123456042,74,,1,2,2,1,1,,19.1006,169,184433,0.205536,69,0,7.8,,0,0,0,0,0,0,0,0,0,,170,138,,0,0,0,0
1602450599535,10,1010123456042,74,,1,2,2,1,1,,20.0261,153,184378,0.18496,60,0,9.8,,0,0,0,0,0,0,0,0,0,,173,136,,0,0,0,0
1602450599785,10,1010123456042,74,,1,2,2,1,1,,20.4385,130,183781,0.16848,53,0,10.3333,,0,0,0,0,0,0,0,0,0,,162,102,,0,0,0,0
1602450600035,10,1010123456042,74,,1,2,2,1,1,,21.7823,124,183990,0.173632,48,0,11.8,,0.1,12,0,0,4,100,0,2.4625,0,,157,102,,0,0,0,10
1602450600285,10,1010123456042,74,,1,2,2,1,1,,22,22,184332,0.048576,14,0,8,,3.42424,33,0,0.1,13,15.3846,0,6.26419,31,,122,74,,0,0,0,2.87879
1602450600535,10,1010123456042,74,,1,2,2,1,1,,24.7966,59,184110,0.102368,23,0,8.33333,,0,0,0,0,0,0,0,0,0,,155,118,,0,0,0,0
1602450600785,10,1010123456042,74,,1,2,2,1,1,,14.313,115,184159,0.094688,45,0,6.66667,,0,0,0,0,0,0,0,0,0,,141,94,,0,0,0,0
1602450601035,10,1010123456042,74,,1,2,2,1,1,,18.7324,142,183530,0.158176,57,0,10,,2.34545,55,0,0.1,21,19.0476,0,5.62931,31,,162,116,,0,0,0,3.01818
1602450601284,10,1010123456042,74,,1,2,2,1,1,,19.7313,67,183866,0.0810602,27,0,6,,0,0,0,0,0,0,0,0,0,,114,86,,0,0,0,0
1602450601534,10,1010123456042,74,,1,2,2,1,1,,19.2727,11,183524,0.0236466,8,0,5.5,,0,0,0,0,0,0,0,0,0,,157,126,,0,0,0,0
1602450601784,10,1010123456042,74,,1,2,2,1,1,,22.0385,130,183432,0.181398,50,0,10.6667,,0,0,0,0,0,0,0,0,0,,144,106,,0,0,0,0
1602450602034,10,1010123456042,74,,1,2,2,1,1,,18.4747,99,184484,0.122506,43,0,9,,5.52632,19,0,0.1,8,50,0,5.34469,31,,129,80,,0,0,0,4.94737
1602450602284,10,1010123456042,74,,1,2,2,1,1,,19.2333,90,184161,0.103518,36,0,11,,0,0,0,0,0,0,0,0,0,,108,74,,0,0,0,0
1602450602535,10,1010123456042,74,,1,2,2,1,1,,21.8433,134,183855,0.203904,56,0,11.4,,0,0,0,0,0,0,0,0,0,,166,110,,0,0,0,0
1602450602784,10,1010123456042,74,,1,2,2,1,1,,21.9078,141,184471,0.21812,59,0,11.1667,,0,0,0,0,0,0,0,0,0,,155,118,,0,0,0,0
1602450603034,10,1010123456042,74,,1,2,2,1,1,,17.8532,109,183786,0.119807,45,0,9.5,,4.45312,64,0,0.1,27,22.2222,0,6.05212,31,,136,90,,0,0,0,2.9375
1602450603284,10,1010123456042,74,,1,2,2,1,1,,18.4786,117,184356,0.120289,44,0,9,,0,0,0,0,0,0,0,0,0,,141,92,,0,0,0,0
1602450603535,10,1010123456042,74,,1,2,2,1,1,,20.6852,108,184311,0.15008,46,0,10.6667,,0,0,0,0,0,0,0,0,0,,140,88,,0,0,0,0
1602450603785,10,1010123456042,74,,1,2,2,1,1,,23.4235,85,182998,0.130656,31,0,10,,0,0,0,0,0,0,0,0,0,,108,68,,0,0,0,0
1602450604035,10,1010123456042,74,,1,2,2,1,1,,19.8723,188,183186,0.23472,77,0,10,,9.72222,18,0,0.1,8,37.5,0,7.73587,31,,169,152,,0,0,0,4.77778
1602450604285,10,1010123456042,74,,1,2,2,1,1,,19.8456,136,184119,0.16192,54,0,10.75,,0,0,0,0,0,0,0,0,0,,158,106,,0,0,0,0
1602450604535,10,1010123456042,74,,1,2,2,1,1,,21.5811,148,183700,0.205376,58,0,10.6667,,0,0,0,0,0,0,0,0,0,,159,116,,0,0,0,0
1602450604785,10,1010123456042,74,,1,2,2,1,1,,19.5378,119,183575,0.151104,50,0,10.3333,,0,0,0,0,0,0,0,0,0,,156,98,,0,0,0,0
1602450605034,10,1010123456042,74,,1,2,2,1,1,,21.0633,79,184615,0.105092,31,0,11,,0,8,0,0,4,100,0,0,0,,89,64,,0,0,0,0
1602450605285,10,1010123456042,74,,1,2,2,1,1,,21.1515,132,183732,0.173088,51,0,9,,0,0,0,0,0,0,0,0,0,,166,102,,0,0,0,0
1602450605535,10,1010123456042,74,,1,2,2,1,1,,19.7365,148,184062,0.180672,60,0,10.3333,,1.54839,31,0,0.1,12,0,0,7.90874,31,,172,120,,0,0,0,1.09677
1602450605785,10,1010123456042,74,,1,2,2,1,1,,19.3276,116,184235,0.137376,47,0,10,,0,0,0,0,0,0,0,0,0,,155,94,,0,0,0,0
1602450606035,10,1010123456042,74,,1,2,2,1,1,,21.4793,121,184448,0.177952,51,0,10.3333,,7.36667,60,0,0.1,24,54.1667,0,4.54103,31,,169,106,,0,0,0,6.48333
1602450606285,10,1010123456042,74,,1,2,2,1,1,,21.963,135,184467,0.198048,55,0,10.75,,0,0,0,0,0,0,0,0,0,,137,104,,0,0,0,0
1602450606535,10,1010123456042,74,,1,2,2,1,1,,20.9634,82,183899,0.111072,33,0,10.5,,0,0,0,0,0,0,0,0,0,,107,68,,0,0,0,0
1602450606785,10,1010123456042,74,,1,2,2,1,1,,20.0963,135,183133,0.161088,52,0,10.6667,,0,0,0,0,0,0,0,0,0,,180,108,,0,0,0,0
1602450607035,10,1010123456042,74,,1,2,2,1,1,,19.9157,83,184253,0.114144,37,0,9.66667,,4.67568,37,0,0.1,15,13.3333,0,8.14219,31,,95,70,,0,0,0,2.62162
1602450607285,10,1010123456042,74,,1,2,2,1,1,,18.7182,110,183641,0.119456,43,0,9.66667,,0,0,0,0,0,0,0,0,0,,146,84,,0,0,0,0
1602450607535,10,1010123456042,74,,1,2,2,1,1,,20,29,184050,0.034144,11,0,9,,0,0,0,0,0,0,0,0,0,,45,22,,0,0,0,0
1602450607784,10,1010123456042,74,,1,2,2,1,1,,18.2721,136,183987,0.147116,55,0,9,,0,0,0,0,0,0,0,0,0,,159,110,,0,0,0,0
1602450608034,10,1010123456042,74,,1,2,2,1,1,,19.6515,132,183544,0.153735,51,0,10.5,,0.72973,37,0,0.1,15,0,0,3.85706,31,,136,106,,0,0,0,1.62162
1602450608285,10,1010123456042,74,,1,2,2,1,1,,22.1203,158,183740,0.233344,64,0,11.5,,0,0,0,0,0,0,0,0,0,,157,126,,0,0,0,0
1602450608534,10,1010123456042,74,,1,2,2,1,1,,19.3067,150,184267,0.174169,59,0,10,,0,0,0,0,0,0,0,0,0,,165,118,,0,0,0,0
1602450608784,10,1010123456042,74,,1,2,2,1,1,,21.4667,150,183725,0.212787,61,0,10,,0,0,0,0,0,0,0,0,0,,148,120,,0,0,0,0
1602450609034,10,1010123456042,74,,1,2,2,1,1,,21.062,129,184072,0.179695,53,0,10.5,,2.5,60,0,0.1,24,16.6667,0,6.28404,31,,143,106,,0,0,0,3
1602450609285,10,1010123456042,74,,1,2,2,1,1,,22.7552,143,183449,0.207168,54,0,11.3333,,0,0,0,0,0,0,0,0,0,,151,110,,0,0,0,0
1602450609534,10,1010123456042,74,,1,2,2,1,1,,21.2774,155,184320,0.207293,60,0,10.3333,,0,0,0,0,0,0,0,0,0,,173,122,,0,0,0,0
1602450609785,10,1010123456042,74,,1,2,2,1,1,,20.1111,117,183931,0.160448,50,0,8.5,,0,0,0,0,0,0,0,0,0,,155,98,,0,0,0,0
1602450610034,10,1010123456042,74,,1,2,2,1,1,,18.5812,160,183952,0.181365,61,0,11,,5.4186,43,0,0.1,16,31.25,0,8.85688,31,,181,128,,0,0,0,4.74419
1602450610284,10,1010123456042,74,,1,2,2,1,1,,18.9074,108,184283,0.145639,49,0,9.66667,,0,0,0,0,0,0,0,0,0,,153,90,,0,0,0,0
1602450610535,10,1010123456042,74,,1,2,2,1,1,,15.5203,148,183273,0.12944,57,0,8,,0,0,0,0,0,0,0,0,0,,172,116,,0,0,0,0
1602450610785,10,1010123456042,74,,1,2,2,1,1,,9.08602,93,183274,0.050976,39,0,5.5,,0,0,0,0,0,0,0,0,0,,140,78,,0,0,0,0
1602450611034,10,1010123456042,74,,1,2,2,1,1,,13.877,122,183438,0.0946827,49,0,8,,1.7931,29,0,0.1,11,0,0,3.46039,31,,182,96,,0,0,0,2.31035
1602450611285,10,1010123456042,74,,1,2,2,1,1,,16.0222,135,184014,0.124,53,0,8.5,,0,0,0,0,0,0,0,0,0,,146,108,,0,0,0,0
1602450611535,10,1010123456042,74,,1,2,2,1,1,,14,116,184148,0.093696,48,0,8,,0,0,0,0,0,0,0,0,0,,165,96,,0,0,0,0
1602450611785,10,1010123456042,74,,1,2,2,1,1,,17.6454,141,184293,0.141376,54,0,10,,0,0,0,0,0,0,0,0,0,,148,106,,0,0,0,0
1602450612035,10,1010123456042,74,,1,2,2,1,1,,17.9259,162,183400,0.16656,61,0,9,,6.43333,30,0,0.1,12,0,0,7.6721,31,,173,130,,0,0,0,2.76667
1602450612285,10,1010123456042,74,,1,2,2,1,1,,18.4889,135,183330,0.154176,56,0,8.66667,,0,0,0,0,0,0,0,0,0,,168,104,,0,0,0,0
1602450612534,10,1010123456042,74,,1,2,2,1,1,,16.2403,129,183957,0.119036,51,0,8.75,,0,0,0,0,0,0,0,0,0,,157,106,,0,0,0,0
1602450612785,10,1010123456042,74,,1,2,2,1,1,,14.7246,138,183342,0.114432,54,0,8.25,,0,0,0,0,0,0,0,0,0,,184,114,,0,0,0,0
1602450613035,10,1010123456042,74,,1,2,2,1,1,,13.9091,154,184191,0.127872,66,0,8,,6.16,100,0,0.1,40,40,0,4.68214,31,,164,122,,0,0,0,4.93
1602450613285,10,1010123456042,74,,1,2,2,1,1,,15.4409,127,183750,0.109504,50,0,8.5,,0,0,0,0,0,0,0,0,0,,171,102,,0,0,0,0
1602450613535,10,1010123456042,74,,1,2,2,1,1,,18.4528,159,184415,0.167296,62,0,9,,0,0,0,0,0,0,0,0,0,,169,126,,0,0,0,0
1602450613785,10,1010123456042,74,,1,2,2,1,1,,14.5,116,184545,0.096992,47,0,8,,0,0,0,0,0,0,0,0,0,,141,92,,0,0,0,0
1602450614035,10,1010123456042,74,,1,2,2,1,1,,16.8919,148,184561,0.143808,60,0,8.5,,0.857143,63,0,0.1,25,24,0,3.19753,31,,174,120,,0,0,0,3.53968
1602450614284,10,1010123456042,74,,1,2,2,1,1,,18.927,137,184278,0.15698,56,0,9.25,,0,0,0,0,0,0,0,0,0,,167,110,,0,0,0,0
1602450614535,10,1010123456042,74,,1,2,2,1,1,,18.6055,109,183588,0.113792,42,0,9,,0,0,0,0,0,0,0,0,0,,146,88,,0,0,0,0
1602450614784,10,1010123456042,74,,1,2,2,1,1,,19.0609,115,184004,0.130506,46,0,9.5,,0,0,0,0,0,0,0,0,0,,148,92,,0,0,0,0
1602450615035,10,1010123456042,74,,1,2,2,1,1,,18.7788,104,183338,0.1088,40,0,10,,2.07547,53,9,0.1,22,22.7273,0,3.89001,31,,131,86,,0,0,0,3.20755
1602450615285,10,1010123456042,74,,1,2,2,1,1,,19.7101,138,183919,0.181632,60,0,9,,1,10,0,0.1,4,0,0,5.24713,31,,157,114,,0,0,0,1.2
1602450615534,10,1010123456042,74,,1,2,2,1,1,,19.5227,176,183289,0.213526,72,0,10,,0,0,0,0,0,0,0,0,0,,159,144,,0,0,0,0
1602450615784,10,1010123456042,74,,1,2,2,1,1,,19.6667,162,183241,0.196594,65,0,9,,0,0,0,0,0,0,0,0,0,,164,128,,0,0,0,0
1602450616034,10,1010123456042,74,,1,2,2,1,1,,19.4645,155,183509,0.18339,62,0,9.8,,0.1,46,0,0.1,18,5.55556,0,3.24476,31,,161,124,,0,0,0,1.65217
1602450616284,10,1010123456042,74,,1,2,2,1,1,,19.622,127,183141,0.150876,50,0,10,,0,0,0,0,0,0,0,0,0,,155,104,,0,0,0,0
1602450616534,10,1010123456042,74,,1,2,2,1,1,,19.8758,153,183173,0.196305,64,0,10,,0,0,0,0,0,0,0,0,0,,156,124,,0,0,0,0
1602450616784,10,1010123456042,74,,1,2,2,1,1,,19.6923,39,184596,0.0483213,16,0,0.1,,0,0,0,0,0,0,0,0,0,,52,32,,0,0,0,0
1602450617034,10,1010123456042,74,,1,2,2,1,1,,19.7364,129,184172,0.155213,51,0,10,,2.33333,36,0,0.1,14,28.5714,0,4.1597,31,,164,104,,0,0,0,4
1602450617285,10,1010123456042,74,,1,2,2,1,1,,19.5918,147,184528,0.18016,60,0,9.66667,,0,0,0,0,0,0,0,0,0,,166,120,,0,0,0,0
1602450617534,10,1010123456042,74,,1,2,2,1,1,,18.5806,124,183437,0.136418,50,0,9,,0,0,0,0,0,0,0,0,0,,143,98,,0,0,0,0
1602450617785,10,1010123456042,74,,1,2,2,1,1,,18.4286,77,183830,0.085568,32,0,9,,0,0,0,0,0,0,0,0,0,,95,62,,0,0,0,0
1602450618034,10,1010123456042,74,,1,2,2,1,1,,19.2621,145,183079,0.166522,57,0,10,,4.69231,13,0,0.1,5,0,0,9.44574,31,,179,116,,0,0,0,1
1602450618285,10,1010123456042,74,,1,2,2,1,1,,19.8211,123,184232,0.152768,50,0,10,,0,0,0,0,0,0,0,0,0,,139,100,,0,0,0,0
1602450618535,10,1010123456042,74,,1,2,2,1,1,,19.6214,103,183257,0.122784,41,0,9.5,,0,0,0,0,0,0,0,0,0,,159,86,,0,0,0,0
1602450618784,10,1010123456042,74,,1,2,2,1,1,,15.4381,105,183292,0.103165,45,0,8,,0,0,0,0,0,0,0,0,0,,143,86,,0,0,0,0
1602450619035,10,1010123456042,74,,1,2,2,1,1,,14.8414,145,183992,0.11872,56,0,8.66667,,6.42105,19,0,0.1,7,57.1429,0,3.38959,31,,176,116,,0,0,0,7.21053
1602450619285,10,1010123456042,74,,1,2,2,1,1,,16.7466,146,183965,0.1496,61,0,9.4,,0,0,0,0,0,0,0,0,0,,174,118,,0,0,0,0
1602450619535,10,1010123456042,74,,1,2,2,1,1,,15.0885,113,184057,0.096288,45,0,8.5,,0,0,0,0,0,0,0,0,0,,159,88,,0,0,0,0
1602450619785,10,1010123456042,74,,1,2,2,1,1,,13.7759,58,184157,0.045696,24,0,8,,0,0,0,0,0,0,0,0,0,,71,48,,0,0,0,0
1602450620035,10,1010123456042,74,,1,2,2,1,1,,17.402,102,183917,0.104448,40,0,10,,3.325,40,0,0.1,17,11.7647,0,8.63816,31,,97,80,,0,0,0,2.575
1602450620285,10,1010123456042,74,,1,2,2,1,1,,19.1486,74,184237,0.084992,28,0,4.5,,0,0,0,0,0,0,0,0,0,,181,124,,0,0,0,0
1602450620535,10,1010123456042,74,,1,2,2,1,1,,0,0,184237,0,0,0,0.1,,0,0,0,0,0,0,0,0,0,,139,96,,0,0,0,0
1602450620784,10,1010123456042,74,,1,2,2,1,1,,18.5,70,184634,0.0796145,28,0,9.5,,0,0,0,0,0,0,0,0,0,,163,108,,0,0,0,0
1602450621034,10,1010123456042,74,,1,2,2,1,1,,21.3125,144,183139,0.196659,57,0,11,,0.977778,45,0,0.1,19,0,0,4.30268,31,,153,112,,0,0,0,1.31111
1602450621285,10,1010123456042,74,,1,2,2,1,1,,20.2914,151,184375,0.193728,60,0,10,,0,0,0,0,0,0,0,0,0,,169,122,,0,0,0,0
1602450621534,10,1010123456042,74,,1,2,2,1,1,,14.977,87,183553,0.0806747,37,0,8,,0,0,0,0,0,0,0,0,0,,147,72,,0,0,0,0
1602450621784,10,1010123456042,74,,1,2,2,1,1,,19.8634,161,183294,0.19396,61,0,11,,0,0,0,0,0,0,0,0,0,,171,126,,0,0,0,0
1602450622035,10,1010123456042,74,,1,2,2,1,1,,17.3942,137,183481,0.13872,51,0,9,,2.95455,44,0,0.1,17,23.5294,0,3.85192,31,,155,106,,0,0,0,4.11364
1602450622284,10,1010123456042,74,,1,2,2,1,1,,13.6356,118,183609,0.100369,54,0,9,,0,0,0,0,0,0,0,0,0,,146,100,,0,0,0,0
1602450622535,10,1010123456042,74,,1,2,2,1,1,,13.6259,139,183587,0.09664,52,0,7,,0,0,0,0,0,0,0,0,0,,155,108,,0,0,0,0
1602450622784,10,1010123456042,74,,1,2,2,1,1,,17.1437,160,184370,0.169863,67,0,11,,0,0,0,0,0,0,0,0,0,,173,130,,0,0,0,0
1602450623035,10,1010123456042,74,,1,2,2,1,1,,13.9197,137,184232,0.102912,54,0,7,,1.22222,45,0,0.1,18,0,0,6.31544,31,,142,108,,0,0,0,1.42222
1602450623284,10,1010123456042,74,,1,2,2,1,1,,20.6402,164,183304,0.215325,66,0,10.75,,0,0,0,0,0,0,0,0,0,,149,136,,0,0,0,0
1602450623534,10,1010123456042,74,,1,2,2,1,1,,21.5133,150,184148,0.208289,59,0,11,,0,0,0,0,0,0,0,0,0,,174,120,,0,0,0,0
1602450623785,10,1010123456042,74,,1,2,2,1,1,,13.8182,66,184093,0.0528,26,0,7.5,,0,0,0,0,0,0,0,0,0,,93,54,,0,0,0,0
1602450624034,10,1010123456042,74,,1,2,2,1,1,,13.8356,146,183762,0.116048,60,0,0.1,,1.02899,69,0,0.1,28,10.7143,0,4.8226,31,,169,114,,0,0,0,2.17391
1602450624285,10,1010123456042,74,,1,2,2,1,1,,17.7333,120,184071,0.132,49,0,11,,0,0,0,0,0,0,0,0,0,,155,98,,0,0,0,0
1602450624535,10,1010123456042,74,,1,2,2,1,1,,24.2374,139,183688,0.249024,54,0,11.5,,0,0,0,0,0,0,0,0,0,,166,110,,0,0,0,0
1602450624784,10,1010123456042,74,,1,2,2,1,1,,13.7578,128,183723,0.0994056,52,0,8,,0,0,0,0,0,0,0,0,0,,155,102,,0,0,0,0
1602450625035,10,1010123456042,74,,1,2,2,1,1,,18.1126,151,184350,0.169088,60,0,9.5,,1.19298,57,0,0.1,22,4.54545,0,4.64219,31,,165,122,,0,0,0,1.84211
1602450625285,10,1010123456042,74,,1,2,2,1,1,,24.0394,127,183387,0.221568,52,0,12,,0,0,0,0,0,0,0,0,0,,162,102,,0,0,0,0
1602450625535,10,1010123456042,74,,1,2,2,1,1,,14.8268,127,184473,0.11168,52,0,7.5,,0,0,0,0,0,0,0,0,0,,161,104,,0,0,0,0
1602450625785,10,1010123456042,74,,1,2,2,1,1,,15.9798,99,184634,0.0928,40,0,11,,0,0,0,0,0,0,0,0,0,,146,78,,0,0,0,0
1602450626035,10,1010123456042,74,,1,2,2,1,1,,17.9306,144,184295,0.151712,55,0,10,,4.28125,32,0,0.1,14,57.1429,0,2.91245,31,,163,114,,0,0,0,6.5625
1602450626285,10,1010123456042,74,,1,2,2,1,1,,18.9481,154,184602,0.181824,62,0,11,,0,0,0,0,0,0,0,0,0,,172,122,,0,0,0,0
1602450626535,10,1010123456042,74,,1,2,2,1,1,,17.8768,138,184353,0.151936,54,0,9.5,,0,0,0,0,0,0,0,0,0,,165,110,,0,0,0,0
1602450626785,10,1010123456042,74,,1,2,2,1,1,,13.9062,96,183586,0.077312,40,0,8,,0,0,0,0,0,0,0,0,0,,138,78,,0,0,0,0
1602450627035,10,1010123456042,74,,1,2,2,1,1,,14.7926,135,183099,0.110272,52,0,9.75,,2.47619,42,0,0.1,17,29.4118,0,4.67829,31,,121,108,,0,0,0,4.07143
1602450627285,10,1010123456042,74,,1,2,2,1,1,,13.9394,132,184391,0.106784,55,0,8,,0,0,0,0,0,0,0,0,0,,181,106,,0,0,0,0
1602450627535,10,1010123456042,74,,1,2,2,1,1,,14.7222,144,183826,0.109984,55,0,8.33333,,0,0,0,0,0,0,0,0,0,,182,116,,0,0,0,0
1602450627784,10,1010123456042,74,,1,2,2,1,1,,15.2264,159,184022,0.14702,66,0,8.5,,0,0,0,0,0,0,0,0,0,,190,128,,0,0,0,0
1602450628034,10,1010123456042,74,,1,2,2,1,1,,19.2081,173,184348,0.231197,70,0,10,,2.39506,81,0,0.1,32,59.375,0,2.92241,31,,169,138,,0,0,0,7.06173
1602450628284,10,1010123456042,74,,1,2,2,1,1,,16.3258,89,183183,0.0764659,34,0,8.75,,0,0,0,0,0,0,0,0,0,,130,76,,0,0,0,0
1602450628535,10,1010123456042,74,,1,2,2,1,1,,15.2636,129,183972,0.118464,54,0,9,,0,0,0,0,0,0,0,0,0,,139,110,,0,0,0,0
1602450628784,10,1010123456042,74,,1,2,2,1,1,,18.5538,130,184011,0.153896,54,0,9,,0,0,0,0,0,0,0,0,0,,145,102,,0,0,0,0
1602450629035,10,1010123456042,74,,1,2,2,1,1,,15.9318,132,184605,0.125248,52,0,10.25,,1.85393,89,0,0.1,36,72.2222,0,2.18007,31,,161,104,,0,0,0,8.19101
1602450629284,10,1010123456042,74,,1,2,2,1,1,,20.1818,121,183999,0.151422,45,0,13,,0,0,0,0,0,0,0,0,0,,161,94,,0,0,0,0
1602450629535,10,1010123456042,74,,1,2,2,1,1,,24.1322,121,183437,0.208832,48,0,7.33333,,0,0,0,0,0,0,0,0,0,,161,118,,0,0,0,0
1602450629785,10,1010123456042,74,,1,2,2,1,1,,20.3664,131,183808,0.184192,56,0,9,,0,0,0,0,0,0,0,0,0,,157,110,,0,0,0,0
1602450630034,10,1010123456042,74,,1,2,2,1,1,,18.8468,124,183824,0.150747,52,0,8,,2.72973,37,0,0.1,16,62.5,0,3.21066,31,,146,100,,0,0,0,6.27027
1602450630285,10,1010123456042,74,,1,2,2,1,1,,14.0932,161,183037,0.117696,62,0,8.33333,,0,0,0,0,0,0,0,0,0,,177,128,,0,0,0,0
1602450630535,10,1010123456042,74,,1,2,2,1,1,,16.7943,141,183287,0.13648,55,0,9,,0,0,0,0,0,0,0,0,0,,171,110,,0,0,0,0
1602450630784,10,1010123456042,74,,1,2,2,1,1,,19.551,98,184214,0.11094,37,0,10,,0,0,0,0,0,0,0,0,0,,116,76,,0,0,0,0
1602450631034,10,1010123456042,74,,1,2,2,1,1,,15.8537,123,183667,0.123727,53,0,8,,1.91489,94,0,0.1,38,47.3684,0,3.3478,31,,127,102,,0,0,0,5.79787
1602450631285,10,1010123456042,74,,1,2,2,1,1,,19.5429,70,183865,0.093056,32,0,10,,0,0,0,0,0,0,0,0,0,,86,60,,0,0,0,0
1602450631535,10,1010123456042,74,,1,2,2,1,1,,19.6186,118,183861,0.143744,48,0,0.1,,0,0,0,0,0,0,0,0,0,,159,96,,0,0,0,0
1602450631785,10,1010123456042,74,,1,2,2,1,1,,17.504,125,184360,0.127776,49,0,9.2,,0,0,0,0,0,0,0,0,0,,140,98,,0,0,0,0
1602450632035,10,1010123456042,74,,1,2,2,1,1,,14.7586,116,184213,0.095136,45,0,9,,0,8,0,0,4,100,0,0,0,,170,98,,0,0,0,0
1602450632285,10,1010123456042,74,,1,2,2,1,1,,13.9792,144,183846,0.115648,60,0,9,,0,0,0,0,0,0,0,0,0,,180,114,,0,0,0,0
1602450632535,10,1010123456042,74,,1,2,2,1,1,,21.8286,35,183774,0.05264,15,0,7,,3.07767,103,0,0.1,41,73.1707,0,2.95593,31,,158,124,,0,0,0,7.5534
1602450632785,10,1010123456042,74,,1,2,2,1,1,,14.1444,90,184551,0.067456,34,0,8.33333,,0,0,0,0,0,0,0,0,0,,172,112,,0,0,0,0
1602450633035,10,1010123456042,74,,1,2,2,1,1,,19.8739,119,184356,0.150144,48,0,10.25,,3.83333,24,0,0.1,11,45.4545,0,5.51692,31,,141,94,,0,0,0,4.91667
1602450633285,10,1010123456042,74,,1,2,2,1,1,,18.4504,131,184069,0.152256,54,0,9.33333,,0,0,0,0,0,0,0,0,0,,152,110,,0,0,0,0
1602450633535,10,1010123456042,74,,1,2,2,1,1,,19.3179,151,184400,0.183808,62,0,9,,0,0,0,0,0,0,0,0,0,,168,122,,0,0,0,0
1602450633785,10,1010123456042,74,,1,2,2,1,1,,14.6615,130,184109,0.109504,54,0,9,,0,0,0,0,0,0,0,0,0,,164,106,,0,0,0,0
1602450634034,10,1010123456042,74,,1,2,2,1,1,,20.2047,127,183875,0.139245,44,0,10.5,,1.40909,44,0,0.1,18,22.2222,0,3.86125,31,,96,96,,0,0,0,3.02273
1602450634284,10,1010123456042,74,,1,2,2,1,1,,13.8562,153,183247,0.132884,68,0,7.2,,0,0,0,0,0,0,0,0,0,,164,128,,0,0,0,0
1602450634534,10,1010123456042,74,,1,2,2,1,1,,16.2542,118,184116,0.109237,46,0,10.2,,0,0,0,0,0,0,0,0,0,,148,96,,0,0,0,0
1602450634784,10,1010123456042,74,,1,2,2,1,1,,17.4128,109,183287,0.131438,47,0,9,,0,0,0,0,0,0,0,0,0,,141,90,,0,0,0,0
1602450635035,10,1010123456042,74,,1,2,2,1,1,,16.6335,161,184029,0.153408,59,0,9.33333,,1.81481,54,0,0.1,23,13.0435,0,6.00338,31,,184,126,,0,0,0,2.12963
1602450635284,10,1010123456042,74,,1,2,2,1,1,,3.10526,57,183700,0.0187952,23,0,4.75,,0,0,0,0,0,0,0,0,0,,163,108,,0,0,0,0
1602450635534,10,1010123456042,74,,1,2,2,1,1,,14.5102,98,183953,0.0983133,42,0,7,,0,0,0,0,0,0,0,0,0,,97,80,,0,0,0,0
1602450635784,10,1010123456042,74,,1,2,2,1,1,,17.4643,112,183345,0.117076,43,0,9,,0,0,0,0,0,0,0,0,0,,135,86,,0,0,0,0
1602450636034,10,1010123456042,74,,1,2,2,1,1,,19.0226,133,184437,0.148369,50,0,9.4,,8.33333,27,0,0.1,12,83.3333,0,3.31378,31,,146,106,,0,0,0,8.33333
1602450636284,10,1010123456042,74,,1,2,2,1,1,,23.5492,122,184008,0.200129,49,0,11.3333,,0,0,0,0,0,0,0,0,0,,150,100,,0,0,0,0
1602450636534,10,1010123456042,74,,1,2,2,1,1,,17.8304,112,184433,0.143004,49,0,7,,0,0,0,0,0,0,0,0,0,,151,92,,0,0,0,0
1602450636785,10,1010123456042,74,,1,2,2,1,1,,13.6829,41,183571,0.026784,15,0,6.33333,,0,0,0,0,0,0,0,0,0,,90,66,,0,0,0,0
1602450637034,10,1010123456042,74,,1,2,2,1,1,,21.1622,111,183242,0.157237,46,0,11,,12,14,0,0.1,6,50,0,7.29403,31,,129,90,,0,0,0,8
1602450637285,10,1010123456042,74,,1,2,2,1,1,,18.3699,73,183682,0.074176,26,0,7.5,,0,0,0,0,0,0,0,0,0,,75,56,,0,0,0,0
1602450637534,10,1010123456042,74,,1,2,2,1,1,,21.7308,26,183939,0.0461687,13,0,5,,0,0,0,0,0,0,0,0,0,,79,58,,0,0,0,0
1602450637785,10,1010123456042,74,,1,2,2,1,1,,13.8819,127,183660,0.100128,49,0,9.5,,0,0,0,0,0,0,0,0,0,,157,116,,0,0,0,0
1602450638035,10,1010123456042,74,,1,2,2,1,1,,20.1364,176,183995,0.234528,71,0,8.75,,2.49153,59,0,0.1,23,21.7391,0,3.91309,31,,155,138,,0,0,0,3.83051
1602450638285,10,1010123456042,74,,1,2,2,1,1,,14,78,183660,0.056608,29,0,6,,0,0,0,0,0,0,0,0,0,,144,98,,0,0,0,0
1602450638535,10,1010123456042,74,,1,2,2,1,1,,13.8,25,184534,0.02304,12,0,4.75,,0,0,0,0,0,0,0,0,0,,124,84,,0,0,0,0
1602450638785,10,1010123456042,74,,1,2,2,1,1,,13.9104,67,184380,0.054272,28,0,5.66667,,0,0,0,0,0,0,0,0,0,,90,78,,0,0,0,0
1602450639035,10,1010123456042,74,,1,2,2,1,1,,19.5678,118,182938,0.129472,42,0,10,,4.23077,39,0,0.1,16,43.75,0,6.03912,31,,175,110,,0,0,0,5.02564
1602450639285,10,1010123456042,74,,1,2,2,1,1,,21.6809,94,183397,0.141824,40,0,8,,0,0,0,0,0,0,0,0,0,,150,94,,0,0,0,0
1602450639535,10,1010123456042,74,,1,2,2,1,1,,19.5,28,183769,0.035456,12,0,6,,0,0,0,0,0,0,0,0,0,,151,98,,0,0,0,0
1602450639785,10,1010123456042,74,,1,2,2,1,1,,18.5574,122,183994,0.135712,47,0,9,,0,0,0,0,0,0,0,0,0,,140,96,,0,0,0,0
1602450640034,10,1010123456042,74,,1,2,2,1,1,,16.0435,92,182807,0.075245,34,0,8,,5.38095,63,0,0.1,26,65.3846,0,3.43644,31,,115,90,,0,0,0,7.61905
1602450640284,10,1010123456042,74,,1,2,2,1,1,,17.0459,109,183389,0.139855,46,0,6.8,,0,0,0,0,0,0,0,0,0,,177,136,,0,0,0,0
1602450640534,10,1010123456042,74,,1,2,2,1,1,,17.75,152,184027,0.171245,60,0,10.6667,,0,0,0,0,0,0,0,0,0,,152,120,,0,0,0,0
1602450640784,10,1010123456042,74,,1,2,2,1,1,,0,0,184027,0,0,0,1,,0,0,0,0,0,0,0,0,0,,139,84,,0,0,0,0
1602450641034,10,1010123456042,74,,1,2,2,1,1,,17.5481,135,184017,0.134394,51,0,8,,0.237288,59,0,0.1,23,8.69565,0,2.65876,31,,171,130,,0,0,0,2.66102
1602450641284,10,1010123456042,74,,1,2,2,1,1,,14.5156,128,183540,0.125044,54,0,7.5,,0,0,0,0,0,0,0,0,0,,168,130,,0,0,0,0
1602450641535,10,1010123456042,74,,1,2,2,1,1,,21.3529,102,183410,0.13888,38,0,7.5,,0,0,0,0,0,0,0,0,0,,160,128,,0,0,0,0
1602450641784,10,1010123456042,74,,1,2,2,1,1,,20.8429,140,182909,0.206104,57,0,11.2,,0,0,0,0,0,0,0,0,0,,171,114,,0,0,0,0
1602450642034,10,1010123456042,74,,1,2,2,1,1,,13.4149,94,183832,0.0666988,36,0,8,,3.61111,36,0,0.1,13,7.69231,0,9.10898,31,,120,72,,0,0,0,1.69444
1602450642284,10,1010123456042,74,,1,2,2,1,1,,21.4909,55,184380,0.0853333,24,0,6.25,,0,0,0,0,0,0,0,0,0,,166,116,,0,0,0,0
1602450642534,10,1010123456042,74,,1,2,2,1,1,,21.9244,119,183552,0.173815,48,0,9.33333,,0,0,0,0,0,0,0,0,0,,146,94,,0,0,0,0
1602450642784,10,1010123456042,74,,1,2,2,1,1,,18.4452,155,183769,0.183614,60,0,8,,0,0,0,0,0,0,0,0,0,,170,124,,0,0,0,0
1602450643035,10,1010123456042,74,,1,2,2,1,1,,13.9034,145,184424,0.118112,58,0,11,,5.95,40,0,0.1,16,25,0,7.74213,31,,155,116,,0,0,0,3.525
1602450643284,10,1010123456042,74,,1,2,2,1,1,,13.6126,111,183342,0.0917269,45,0,7.25,,0,0,0,0,0,0,0,0,0,,170,88,,0,0,0,0
1602450643535,10,1010123456042,74,,1,2,2,1,1,,19.3167,120,184614,0.149056,48,0,8.25,,0,0,0,0,0,0,0,0,0,,147,142,,0,0,0,0
1602450643785,10,1010123456042,74,,1,2,2,1,1,,7.80952,63,183892,0.028384,27,0,4,,0,0,0,0,0,0,0,0,0,,174,130,,0,0,0,0
1602450644035,10,1010123456042,74,,1,2,2,1,1,,19.1154,104,184415,0.116928,38,0,9.5,,4.92105,38,0,0.1,15,40,0,3.25814,31,,139,100,,0,0,0,5.47368
1602450644285,10,1010123456042,74,,1,2,2,1,1,,21.1667,24,183296,0.034112,10,0,7.66667,,0,0,0,0,0,0,0,0,0,,166,126,,0,0,0,0
1602450644535,10,1010123456042,74,,1,2,2,1,1,,15.552,125,184391,0.115264,50,0,8,,0,0,0,0,0,0,0,0,0,,168,98,,0,0,0,0
1602450644785,10,1010123456042,74,,1,2,2,1,1,,12.2429,140,184061,0.110784,58,0,9.33333,,0,0,0,0,0,0,0,0,0,,158,112,,0,0,0,0
1602450645035,10,1010123456042,74,,1,2,2,1,1,,18.7011,87,183728,0.097088,33,0,7.25,,3.03333,60,0,0.1,24,20.8333,0,3.32849,31,,165,110,,0,0,0,3.56667
1602450645285,10,1010123456042,74,,1,2,2,1,1,,22.35,80,184434,0.127488,34,0,8.8,,0,0,0,0,0,0,0,0,0,,168,94,,0,0,0,0
1602450645535,10,1010123456042,74,,1,2,2,1,1,,15.6283,113,184281,0.107456,47,0,7.5,,0,0,0,0,0,0,0,0,0,,156,92,,0,0,0,0
1602450645785,10,1010123456042,74,,1,2,2,1,1,,16.6457,127,183316,0.124736,51,0,10.5,,0,0,0,0,0,0,0,0,0,,167,104,,0,0,0,0
1602450646035,10,1010123456042,74,,1,2,2,1,1,,19.8333,144,183839,0.179424,59,0,10.25,,1.16,50,0,0.1,20,5,0,5.06848,31,,164,114,,0,0,0,1.78
1602450646285,10,1010123456042,74,,1,2,2,1,1,,17.0863,139,183900,0.142816,57,0,9,,0,0,0,0,0,0,0,0,0,,144,114,,0,0,0,0
1602450646535,10,1010123456042,74,,1,2,2,1,1,,5.71296,108,184430,0.03456,45,0,4.6,,0,0,0,0,0,0,0,0,0,,144,90,,0,0,0,0
1602450646785,10,1010123456042,74,,1,2,2,1,1,,3.80916,131,183780,0.025472,53,0,4,,0,0,0,0,0,0,0,0,0,,167,120,,0,0,0,0
1602450647034,10,1010123456042,74,,1,2,2,1,1,,11.0903,155,183853,0.0998876,63,0,6.4,,9.32258,31,0,0.1,14,78.5714,0,3.89117,31,,165,126,,0,0,0,8.16129
1602450647284,10,1010123456042,74,,1,2,2,1,1,,6.48611,72,184533,0.0276948,28,0,2,,0,0,0,0,0,0,0,0,0,,111,86,,0,0,0,0
1602450647534,10,1010123456042,74,,1,2,2,1,1,,11.7216,97,183869,0.0724819,40,0,8,,0,0,0,0,0,0,0,0,0,,116,94,,0,0,0,0
1602450647784,10,1010123456042,74,,1,2,2,1,1,,11.8351,97,183598,0.0548434,34,0,5.75,,0,0,0,0,0,0,0,0,0,,132,98,,0,0,0,0
1602450648034,10,1010123456042,74,,1,2,2,1,1,,3.37069,116,184514,0.0269237,49,0,4.5,,7.03704,27,0,0.1,10,40,0,6.32218,31,,145,100,,0,0,0,5.2963
1602450648284,10,1010123456042,74,,1,2,2,1,1,,23.3,20,183426,0.0311325,9,0,4.5,,0,0,0,0,0,0,0,0,0,,161,110,,0,0,0,0
1602450648534,10,1010123456042,74,,1,2,2,1,1,,19.3617,94,184277,0.121285,41,0,5.66667,,0,0,0,0,0,0,0,0,0,,157,90,,0,0,0,0
1602450648784,10,1010123456042,74,,1,2,2,1,1,,18.5069,73,184491,0.0891245,31,0,6,,0,0,0,0,0,0,0,0,0,,158,114,,0,0,0,0
1602450649035,10,1010123456042,74,,1,2,2,1,1,,20.2917,96,183745,0.11728,37,0,7.66667,,7.12857,70,0,0.1,27,70.3704,0,4.52431,31,,117,86,,0,0,0,7.34286
1602450649284,10,1010123456042,74,,1,2,2,1,1,,13.0259,116,184186,0.0868755,47,0,7.66667,,9,3,0,0,1,100,0,0.611106,0,,152,92,,0,0,0,10
1602450649534,10,1010123456042,74,,1,2,2,1,1,,14.4574,129,183918,0.107181,51,0,7.75,,0,0,0,0,0,0,0,0,0,,149,102,,0,0,0,0
1602450649785,10,1010123456042,74,,1,2,2,1,1,,14.8742,159,183860,0.145376,61,0,7.5,,0,0,0,0,0,0,0,0,0,,165,134,,0,0,0,0
1602450650035,10,1010123456042,74,,1,2,2,1,1,,17.7432,148,183299,0.163104,60,0,9.75,,5.42105,19,0,0.1,8,50,0,5.88773,31,,154,120,,0,0,0,5.84211
1602450650285,10,1010123456042,74,,1,2,2,1,1,,17.293,157,183929,0.15904,61,0,8.25,,0,0,0,0,0,0,0,0,0,,179,150,,0,0,0,0
1602450650535,10,1010123456042,74,,1,2,2,1,1,,14.0606,132,183683,0.120832,57,0,8,,0,0,0,0,0,0,0,0,0,,146,106,,0,0,0,0
1602450650785,10,1010123456042,74,,1,2,2,1,1,,19.4414,145,184059,0.177664,57,0,8.5,,0,0,0,0,0,0,0,0,0,,177,116,,0,0,0,0
1602450651035,10,1010123456042,74,,1,2,2,1,1,,17.4674,92,183928,0.100416,37,0,7.5,,14.3492,63,0,0.1,25,68,0,5.36136,31,,176,116,,0,0,0,7.85714
1602450651285,10,1010123456042,74,,1,2,2,1,1,,14.3247,77,183345,0.067712,30,0,6.75,,0,0,0,0,0,0,0,0,0,,159,88,,0,0,0,0
1602450651534,10,1010123456042,74,,1,2,2,1,1,,14.5054,93,183923,0.0760482,37,0,6.5,,0,0,0,0,0,0,0,0,0,,169,104,,0,0,0,0
1602450651785,10,1010123456042,74,,1,2,2,1,1,,17.5,124,184021,0.132288,49,0,7.75,,0,0,0,0,0,0,0,0,0,,125,104,,0,0,0,0
1602450652035,10,1010123456042,74,,1,2,2,1,1,,18.2519,131,183918,0.147712,51,0,10,,0,7,0,0,4,100,0,0,0,,165,102,,0,0,0,0
1602450652285,10,1010123456042,74,,1,2,2,1,1,,0,0,183918,0.013536,3,0,1,,1.77778,9,0,0.1,4,0,0,13.0663,31,,103,68,,0,0,0,1.22222
1602450652535,10,1010123456042,74,,1,2,2,1,1,,0,0,183918,0,0,0,1,,0,0,0,0,0,0,0,0,0,,42,28,,0,0,0,0
1602450652785,10,1010123456042,74,,1,2,2,1,1,,15.6042,48,184109,0.033408,16,0,6,,0,0,0,0,0,0,0,0,0,,100,66,,0,0,0,0
1602450653035,10,1010123456042,74,,1,2,2,1,1,,22.232,125,184069,0.192992,53,0,9.4,,8.1,10,0,0.1,4,0,0,8.45743,31,,176,132,,0,0,0,3.6
1602450653285,10,1010123456042,74,,1,2,2,1,1,,20.5963,109,183930,0.15504,45,0,9.66667,,0,0,0,0,0,0,0,0,0,,156,86,,0,0,0,0
1602450653535,10,1010123456042,74,,1,2,2,1,1,,22.0196,102,183512,0.152448,40,0,8.66667,,0,0,0,0,0,0,0,0,0,,162,96,,0,0,0,0
1602450653784,10,1010123456042,74,,1,2,2,1,1,,22.4384,146,183528,0.23849,57,0,11,,0,0,0,0,0,0,0,0,0,,163,114,,0,0,0,0
1602450654034,10,1010123456042,74,,1,2,2,1,1,,26.4957,117,183888,0.225863,46,0,7.8,,5.32353,34,0,0.1,14,21.4286,0,10.6172,31,,173,128,,0,0,0,2.58824
1602450654284,10,1010123456042,74,,1,2,2,1,1,,18.2321,112,183842,0.150233,46,0,8.85714,,0,0,0,0,0,0,0,0,0,,119,90,,0,0,0,0
1602450654534,10,1010123456042,74,,1,2,2,1,1,,25.3661,112,183312,0.199036,43,0,12.5,,0,0,0,0,0,0,0,0,0,,171,120,,0,0,0,0
1602450654785,10,1010123456042,74,,1,2,2,1,1,,24.0789,152,183943,0.262848,62,0,12,,0,0,0,0,0,0,0,0,0,,189,124,,0,0,0,0
1602450655034,10,1010123456042,74,,1,2,2,1,1,,25.79,100,183781,0.205558,42,0,8.66667,,15,12,0,0,4,100,0,3.29291,0,,174,100,,0,0,0,10
1602450655285,10,1010123456042,74,,1,2,2,1,1,,25.6522,138,183466,0.222336,48,0,10.6,,0.1,10,0,0.1,4,0,0,5.97875,31,,178,126,,0,0,0,1.2
1602450655534,10,1010123456042,74,,1,2,2,1,1,,24.4815,27,183272,0.0793253,17,0,5.5,,0,0,0,0,0,0,0,0,0,,98,72,,0,0,0,0
1602450655784,10,1010123456042,74,,1,2,2,1,1,,15.2286,70,184358,0.05449,26,0,5,,0,0,0,0,0,0,0,0,0,,108,62,,0,0,0,0
1602450656034,10,1010123456042,74,,1,2,2,1,1,,18.1078,102,183593,0.124948,38,0,6.5,,4.55263,38,0,0.1,16,25,0,5.17461,31,,161,110,,0,0,0,3.21053
1602450656285,10,1010123456042,74,,1,2,2,1,1,,19.4444,36,183578,0.052032,18,0,7,,0,0,0,0,0,0,0,0,0,,131,88,,0,0,0,0
1602450656534,10,1010123456042,74,,1,2,2,1,1,,4,20,183490,0.00289157,6,0,2,,0,0,0,0,0,0,0,0,0,,115,90,,0,0,0,0
1602450656784,10,1010123456042,74,,1,2,2,1,1,,12.9158,95,183854,0.0867791,42,0,6.6,,0,0,0,0,0,0,0,0,0,,151,98,,0,0,0,0
1602450657035,10,1010123456042,74,,1,2,2,1,1,,19.1455,110,183831,0.139424,43,0,8.66667,,11.6957,23,0,0.1,9,55.5556,0,7.16555,31,,149,102,,0,0,0,6.08696
1602450657285,10,1010123456042,74,,1,2,2,1,1,,21.3088,68,183533,0.110464,30,0,6,,0,0,0,0,0,0,0,0,0,,172,120,,0,0,0,0
1602450657535,10,1010123456042,74,,1,2,2,1,1,,21.0208,48,182789,0.047264,15,0,7.75,,0,0,0,0,0,0,0,0,0,,146,110,,0,0,0,0
1602450657785,10,1010123456042,74,,1,2,2,1,1,,20.3529,102,184607,0.151936,44,0,10.25,,0,0,0,0,0,0,0,0,0,,132,78,,0,0,0,0
1602450658035,10,1010123456042,74,,1,2,2,1,1,,16.8947,133,183317,0.12912,51,0,10,,8.73333,30,0,0.1,13,84.6154,0,3.3237,31,,169,106,,0,0,0,9.06667
1602450658285,10,1010123456042,74,,1,2,2,1,1,,16.4348,69,183743,0.092096,30,0,8,,0,0,0,0,0,0,0,0,0,,162,102,,0,0,0,0
1602450658535,10,1010123456042,74,,1,2,2,1,1,,26.5447,123,183415,0.25248,50,0,10.6,,0,0,0,0,0,0,0,0,0,,148,106,,0,0,0,0
1602450658785,10,1010123456042,74,,1,2,2,1,1,,25.3571,98,183718,0.179808,39,0,12.75,,0,0,0,0,0,0,0,0,0,,137,94,,0,0,0,0
1602450659035,10,1010123456042,74,,1,2,2,1,1,,22.2222,54,184314,0.07552,20,0,6.66667,,3.15152,33,0,0.1,14,42.8571,0,4.841,31,,98,56,,0,0,0,4.78788
1602450659285,10,1010123456042,74,,1,2,2,1,1,,26.359,78,184073,0.150112,31,0,7,,0,0,0,0,0,0,0,0,0,,143,92,,0,0,0,0
1602450659535,10,1010123456042,74,,1,2,2,1,1,,24.7315,108,182950,0.169568,39,0,9.5,,0,0,0,0,0,0,0,0,0,,177,128,,0,0,0,0
1602450659785,10,1010123456042,74,,1,2,2,1,1,,26.5517,29,184181,0.064032,13,0,5,,0,0,0,0,0,0,0,0,0,,157,98,,0,0,0,0
1602450660035,10,1010123456042,74,,1,2,2,1,1,,22.3111,45,183708,0.05888,16,0,11,,0,0,0,0,0,0,0,0,0,,148,104,,0,0,0,0
1602450660284,10,1010123456042,74,,1,2,2,1,1,,25.0482,83,183492,0.154538,34,0,9.5,,3.50847,59,0,0.1,23,13.0435,0,5.87009,31,,163,106,,0,0,0,2.71186
1602450660535,10,1010123456042,74,,1,2,2,1,1,,25.4097,144,184000,0.267712,58,0,12.6667,,0,0,0,0,0,0,0,0,0,,158,116,,0,0,0,0
1602450660784,10,1010123456042,74,,1,2,2,1,1,,21.8642,81,184475,0.122731,32,0,11,,0,0,0,0,0,0,0,0,0,,91,68,,0,0,0,0
1602450661034,10,1010123456042,74,,1,2,2,1,1,,23.0625,96,184138,0.13645,35,0,6.5,,5.66667,69,0,0.1,27,74.0741,0,3.39092,31,,142,112,,0,0,0,7.81159
1602450661284,10,1010123456042,74,,1,2,2,1,1,,26.0959,73,184196,0.159807,34,0,10,,9,28,0,0.1,12,91.6667,0,1.67142,0,,154,100,,0,0,0,9.35714
1602450661534,10,1010123456042,74,,1,2,2,1,1,,12.6802,172,184356,0.141526,71,0,8,,0,0,0,0,0,0,0,0,0,,169,144,,0,0,0,0
1602450661784,10,1010123456042,74,,1,2,2,1,1,,18.0462,65,183350,0.083502,27,0,5.33333,,0,0,0,0,0,0,0,0,0,,121,80,,0,0,0,0
1602450662034,10,1010123456042,74,,1,2,2,1,1,,19.3462,104,183614,0.135229,41,0,8.25,,8.54286,35,0,0.1,14,42.8571,0,7.68009,31,,160,96,,0,0,0,4.77143
1602450662285,10,1010123456042,74,,1,2,2,1,1,,26.0625,32,183173,0.060832,13,0,6.75,,0,0,0,0,0,0,0,0,0,,136,106,,0,0,0,0
1602450662535,10,1010123456042,74,,1,2,2,1,1,,17.0256,78,183838,0.079072,31,0,6.5,,0,0,0,0,0,0,0,0,0,,173,100,,0,0,0,0
1602450662784,10,1010123456042,74,,1,2,2,1,1,,22.9043,94,183658,0.144353,37,0,9.2,,0,0,0,0,0,0,0,0,0,,165,106,,0,0,0,0
1602450663035,10,1010123456042,74,,1,2,2,1,1,,26.4953,107,184297,0.215424,44,0,13,,4.16923,65,0,0.1,26,38.4615,0,4.07168,31,,145,88,,0,0,0,5.06154
1602450663285,10,1010123456042,74,,1,2,2,1,1,,25.3821,123,184389,0.239232,52,0,9,,0,0,0,0,0,0,0,0,0,,154,104,,0,0,0,0
1602450663535,10,1010123456042,74,,1,2,2,1,1,,0,0,184389,0,0,0,0.1,,0,0,0,0,0,0,0,0,0,,100,60,,0,0,0,0
1602450663785,10,1010123456042,74,,1,2,2,1,1,,17.8162,136,183191,0.17488,53,0,9.33333,,0,0,0,0,0,0,0,0,0,,167,122,,0,0,0,0
1602450664035,10,1010123456042,74,,1,2,2,1,1,,19.5271,129,184039,0.172416,54,0,10,,6.52941,34,0,0.1,14,57.1429,0,3.18613,31,,153,104,,0,0,0,6.52941
1602450664285,10,1010123456042,74,,1,2,2,1,1,,20.8786,173,183420,0.241344,68,0,12.6667,,0,0,0,0,0,0,0,0,0,,159,144,,0,0,0,0
1602450664535,10,1010123456042,74,,1,2,2,1,1,,23.259,139,183730,0.244384,59,0,10,,0,0,0,0,0,0,0,0,0,,162,112,,0,0,0,0
1602450664785,10,1010123456042,74,,1,2,2,1,1,,22.6827,104,184100,0.179712,46,0,8.16667,,0,0,0,0,0,0,0,0,0,,168,130,,0,0,0,0
1602450665035,10,1010123456042,74,,1,2,2,1,1,,21.1613,124,184450,0.164768,47,0,12,,1.81481,54,0,0.1,23,26.087,0,3.9728,31,,140,100,,0,0,0,3.51852
1602450665285,10,1010123456042,74,,1,2,2,1,1,,24.8768,138,182667,0.245984,55,0,10.1667,,0,0,0,0,0,0,0,0,0,,177,150,,0,0,0,0
1602450665535,10,1010123456042,74,,1,2,2,1,1,,22.376,125,183880,0.210464,53,0,9,,0,0,0,0,0,0,0,0,0,,164,118,,0,0,0,0
1602450665785,10,1010123456042,74,,1,2,2,1,1,,20.5564,133,183609,0.205216,55,0,10.75,,0,0,0,0,0,0,0,0,0,,165,108,,0,0,0,0
1602450666035,10,1010123456042,74,,1,2,2,1,1,,26.2981,161,184265,0.299968,62,0,13,,2.92308,52,0,0.1,21,57.1429,0,2.89533,31,,180,128,,0,0,0,6.61538
1602450666285,10,1010123456042,74,,1,2,2,1,1,,26.203,133,183989,0.244736,48,0,12.5,,0,0,0,0,0,0,0,0,0,,172,100,,0,0,0,0
1602450666535,10,1010123456042,74,,1,2,2,1,1,,23.5746,134,183294,0.224384,56,0,13,,0,0,0,0,0,0,0,0,0,,153,104,,0,0,0,0
1602450666784,10,1010123456042,74,,1,2,2,1,1,,25.9608,102,184294,0.199775,42,0,13,,0,0,0,0,0,0,0,0,0,,143,86,,0,0,0,0
1602450667034,10,1010123456042,74,,1,2,2,1,1,,27.4211,38,183250,0.0810602,15,0,9,,0,0,0,0,0,0,0,0,0,,145,94,,0,0,0,0
1602450667285,10,1010123456042,74,,1,2,2,1,1,,23.144,125,184087,0.215904,53,0,11.4,,12.0714,14,0,0.1,6,66.6667,0,10.3995,31,,149,104,,0,0,0,6.14286
1602450667535,10,1010123456042,74,,1,2,2,1,1,,23.6,90,183923,0.139808,31,0,8.25,,0,0,0,0,0,0,0,0,0,,103,84,,0,0,0,0
1602450667784,10,1010123456042,74,,1,2,2,1,1,,20.1353,133,183710,0.196434,54,0,10,,0,0,0,0,0,0,0,0,0,,164,118,,0,0,0,0
1602450668034,10,1010123456042,74,,1,2,2,1,1,,26.328,125,183526,0.254072,52,0,13,,10.9242,66,0,0.1,26,69.2308,0,5.09531,31,,152,100,,0,0,0,7.33333
1602450668286,10,1010123456042,74,,1,2,2,1,1,,21.9474,57,183709,0.0873944,22,0,5.4,,0,0,0,0,0,0,0,0,0,,164,94,,0,0,0,0
1602450668535,10,1010123456042,74,,1,2,2,1,1,,19.0568,88,183368,0.109398,35,0,7,,0,0,0,0,0,0,0,0,0,,147,92,,0,0,0,0
1602450668784,10,1010123456042,74,,1,2,2,1,1,,26.8767,146,184548,0.293301,57,0,13.2,,0,0,0,0,0,0,0,0,0,,190,132,,0,0,0,0
1602450669035,10,1010123456042,74,,1,2,2,1,1,,26.8391,87,183564,0.17456,35,0,8.66667,,7,12,0,0,4,100,0,1.18535,0,,165,102,,0,0,0,10
1602450669284,10,1010123456042,74,,1,2,2,1,1,,27.6667,42,183384,0.0906024,16,0,9.33333,,0.1,41,0,0.1,16,6.25,0,2.79216,31,,142,100,,0,0,0,2.39024
1602450669535,10,1010123456042,74,,1,2,2,1,1,,26.4433,97,184580,0.207296,42,0,13.2,,0,0,0,0,0,0,0,0,0,,158,86,,0,0,0,0
1602450669785,10,1010123456042,74,,1,2,2,1,1,,26.7763,76,183848,0.166176,33,0,10,,0,0,0,0,0,0,0,0,0,,166,106,,0,0,0,0
1602450670035,10,1010123456042,74,,1,2,2,1,1,,22.3837,86,184319,0.127264,33,0,10.5,,8,60,0,0.1,24,45.8333,0,4.67187,31,,129,72,,0,0,0,5.9
1602450670285,10,1010123456042,74,,1,2,2,1,1,,22.4676,139,184233,0.229152,53,0,14,,0,0,0,0,0,0,0,0,0,,148,110,,0,0,0,0
1602450670535,10,1010123456042,74,,1,2,2,1,1,,26.9574,141,183877,0.286304,55,0,13,,0,0,0,0,0,0,0,0,0,,164,118,,0,0,0,0
1602450670785,10,1010123456042,74,,1,2,2,1,1,,25.269,171,184295,0.33216,72,0,12.3333,,0,0,0,0,0,0,0,0,0,,169,138,,0,0,0,0
1602450671035,10,1010123456042,74,,1,2,2,1,1,,26.3596,89,184193,0.19824,39,0,6,,5.30303,33,0,0.1,12,58.3333,0,3.26987,31,,166,106,,0,0,0,7
1602450671285,10,1010123456042,74,,1,2,2,1,1,,17.4615,104,183466,0.116,40,0,8.2,,0,0,0,0,0,0,0,0,0,,148,108,,0,0,0,0
1602450671535,10,1010123456042,74,,1,2,2,1,1,,26.8889,108,184194,0.212544,42,0,13.3333,,0,0,0,0,0,0,0,0,0,,157,84,,0,0,0,0
1602450671785,10,1010123456042,74,,1,2,2,1,1,,18.0559,143,184127,0.199008,61,0,9.8,,0,0,0,0,0,0,0,0,0,,171,120,,0,0,0,0
1602450672035,10,1010123456042,74,,1,2,2,1,1,,25.7778,63,183285,0.11264,24,0,7,,6.2,30,0,0.1,10,0,0,12.1195,31,,143,100,,0,0,0,1
1602450672285,10,1010123456042,74,,1,2,2,1,1,,27.6304,138,183931,0.319008,57,0,14,,0,0,0,0,0,0,0,0,0,,153,110,,0,0,0,0
1602450672535,10,1010123456042,74,,1,2,2,1,1,,27.028,107,184193,0.218176,42,0,11,,0,0,0,0,0,0,0,0,0,,155,110,,0,0,0,0
1602450672785,10,1010123456042,74,,1,2,2,1,1,,27.4419,43,184025,0.10944,20,0,5.33333,,0,0,0,0,0,0,0,0,0,,140,90,,0,0,0,0
1602450673035,10,1010123456042,74,,1,2,2,1,1,,26.3433,67,184009,0.129184,25,0,9.66667,,7.88889,9,0,0.1,4,50,0,7.38069,31,,165,114,,0,0,0,5
1602450673285,10,1010123456042,74,,1,2,2,1,1,,18,11,183709,0.023392,7,0,8.33333,,0,11,0,0,6,100,0,0,0,,24,14,,0,0,0,0
1602450673534,10,1010123456042,74,,1,2,2,1,1,,26.7963,108,184405,0.204498,41,0,11.1667,,0,0,0,0,0,0,0,0,0,,155,112,,0,0,0,0
1602450673784,10,1010123456042,74,,1,2,2,1,1,,24.2414,87,184341,0.155373,36,0,10,,0,0,0,0,0,0,0,0,0,,124,88,,0,0,0,0
1602450674034,10,1010123456042,74,,1,2,2,1,1,,24.4425,113,184332,0.181622,41,0,9.4,,4.97727,44,0,0.1,17,35.2941,0,5.97855,31,,174,98,,0,0,0,4.43182
1602450674284,10,1010123456042,74,,1,2,2,1,1,,26.0867,150,182805,0.288289,61,0,13,,0,0,0,0,0,0,0,0,0,,172,120,,0,0,0,0
1602450674534,10,1010123456042,74,,1,2,2,1,1,,26.3312,160,183205,0.311357,63,0,13.25,,0,0,0,0,0,0,0,0,0,,174,130,,0,0,0,0
1602450674785,10,1010123456042,74,,1,2,2,1,1,,26.7793,145,184492,0.30656,60,0,13.6,,0,0,0,0,0,0,0,0,0,,158,112,,0,0,0,0
1602450675034,10,1010123456042,74,,1,2,2,1,1,,26.7677,99,184268,0.187406,37,0,7.8,,0,8,0,0,4,100,0,0,0,,172,112,,0,0,0,0
1602450675284,10,1010123456042,74,,1,2,2,1,1,,22.6977,129,183543,0.216225,52,0,11.5,,0,0,0,0,0,0,0,0,0,,164,106,,0,0,0,0
1602450675535,10,1010123456042,74,,1,2,2,1,1,,27,114,183895,0.224128,44,0,13.4,,0.8,25,0,0.1,10,0,0,7.76205,31,,149,88,,0,0,0,1.08
1602450675784,10,1010123456042,74,,1,2,2,1,1,,23.4265,136,183650,0.246201,53,0,11.6667,,0,0,0,0,0,0,0,0,0,,157,106,,0,0,0,0
1602450676034,10,1010123456042,74,,1,2,2,1,1,,26.6149,148,183398,0.288578,58,0,13.2,,4.56,50,0,0.1,20,15,0,7.21147,31,,169,118,,0,0,0,3.12
1602450676285,10,1010123456042,74,,1,2,2,1,1,,26.6726,113,183818,0.227904,46,0,11,,0,0,0,0,0,0,0,0,0,,146,112,,0,0,0,0
1602450676535,10,1010123456042,74,,1,2,2,1,1,,26.7838,148,183554,0.292832,59,0,13,,0,0,0,0,0,0,0,0,0,,159,118,,0,0,0,0
1602450676785,10,1010123456042,74,,1,2,2,1,1,,24.9362,141,184282,0.266464,59,0,12.6667,,0,0,0,0,0,0,0,0,0,,170,116,,0,0,0,0
1602450677035,10,1010123456042,74,,1,2,2,1,1,,20.65,120,182978,0.178816,46,0,9.5,,12,19,0,0.1,8,62.5,0,6.72682,31,,176,114,,0,0,0,7.10526
1602450677285,10,1010123456042,74,,1,2,2,1,1,,14.5806,93,184058,0.105824,37,0,10,,0,0,0,0,0,0,0,0,0,,130,78,,0,0,0,0
1602450677535,11,1010123456042,74,,1,2,2,1,1,,27.6855,159,182970,0.362528,65,0,14,,0,0,0,0,0,0,0,0,0,,180,130,,0,0,0,0
1602450677785,10,1010123456042,74,,1,2,2,1,1,,21.6418,134,183883,0.2112,53,0,11.8333,,0,0,0,0,0,0,0,0,0,,125,106,,0,0,0,0
1602450678035,11,1010123456042,74,,1,2,2,1,1,,27.2455,110,184099,0.243648,46,0,14,,1.96,50,0,0.1,20,0,0,8.55208,31,,147,86,,0,0,0,1.26
1602450678285,10,1010123456042,74,,1,2,2,1,1,,27.8605,129,183347,0.301568,52,0,14,,0,0,0,0,0,0,0,0,0,,174,106,,0,0,0,0
1602450678535,10,1010123456042,74,,1,2,2,1,1,,27.8244,131,184083,0.300672,52,0,14,,0,0,0,0,0,0,0,0,0,,161,106,,0,0,0,0
1602450678785,10,1010123456042,74,,1,2,2,1,1,,24.1169,77,184016,0.149376,32,0,12.6,,0,0,0,0,0,0,0,0,0,,98,62,,0,0,0,0
1602450679035,10,1010123456042,74,,1,2,2,1,1,,23.8366,153,183904,0.293728,61,0,12.2,,7.38462,13,0,0.1,6,33.3333,0,11.9433,31,,166,120,,0,0,0,4.84615
1602450679285,10,1010123456042,74,,1,2,2,1,1,,22.3797,79,183752,0.13056,30,0,10.3333,,0,0,0,0,0,0,0,0,0,,143,92,,0,0,0,0
1602450679535,10,1010123456042,74,,1,2,2,1,1,,25.4958,119,183737,0.253984,51,0,12,,0,0,0,0,0,0,0,0,0,,140,96,,0,0,0,0
1602450679785,10,1010123456042,74,,1,2,2,1,1,,26.4506,91,183882,0.18448,37,0,13,,0,0,0,0,0,0,0,0,0,,101,74,,0,0,0,0
1602450680034,10,1010123456042,74,,1,2,2,1,1,,26.6628,86,184122,0.176161,35,0,13.3333,,6.1,40,0,0.1,16,25,0,9.26336,31,,103,72,,0,0,0,3.4
1602450680284,10,1010123456042,74,,1,2,2,1,1,,24.0309,97,184277,0.191197,41,0,11,,0,0,0,0,0,0,0,0,0,,146,94,,0,0,0,0
1602450680535,10,1010123456042,74,,1,2,2,1,1,,27.3714,70,184037,0.149632,28,0,11.2,,0,0,0,0,0,0,0,0,0,,135,92,,0,0,0,0
1602450680784,10,1010123456042,74,,1,2,2,1,1,,27.3043,138,183593,0.280257,51,0,13.6667,,0,2,0,0.1,1,0,0,0,31,,163,110,,0,0,0,0
1602450681034,10,1010123456042,74,,1,2,2,1,1,,27.8013,151,182974,0.346892,61,0,14,,2.25,64,0,0.1,25,12,0,5.82916,31,,164,122,,0,0,0,2.17188
1602450681284,10,1010123456042,74,,1,2,2,1,1,,27.8571,105,183993,0.27396,47,0,11.1667,,0,0,0,0,0,0,0,0,0,,172,106,,0,0,0,0
1602450681534,10,1010123456042,74,,1,2,2,1,1,,26.6721,183,183526,0.376514,69,0,14,,0,0,0,0,0,0,0,0,0,,186,144,,0,0,0,0
1602450681784,10,1010123456042,74,,1,2,2,1,1,,27.6429,126,183442,0.304771,54,0,12,,0,0,0,0,0,0,0,0,0,,161,112,,0,0,0,0
1602450682034,10,1010123456042,74,,1,2,2,1,1,,26.8777,139,183273,0.284209,54,0,13.6667,,5.68966,58,0,0.1,22,36.3636,0,5.21969,31,,166,112,,0,0,0,4.36207
1602450682328,9,1010123456042,74,,1,2,2,1,1,,27.4554,101,182346,0.22815,48,0,13.6667,,0,0,0,0,0,0,0,0,0,,155,96,,0,0,0,0
1602450682535,9,1010123456042,74,,1,2,2,1,1,,26.5,104,183417,0.193126,33,0,13,,0,0,0,0,0,0,0,0,0,,87,64,,0,0,0,0
1602450682785,9,1010123456042,74,,1,2,2,1,1,,26.5455,88,183555,0.169504,33,0,7.25,,0,0,0,0,0,0,0,0,0,,146,110,,0,0,0,0
1602450683035,9,1010123456042,74,,1,2,2,1,1,,25.8922,102,183556,0.19264,40,0,10.8333,,12.7059,17,0,0.1,6,66.6667,0,6.58395,31,,143,102,,0,0,0,8.23529
1602450683285,9,1010123456042,74,,1,2,2,1,1,,26.2303,152,183256,0.306144,63,0,13.2857,,0,0,0,0,0,0,0,0,0,,147,122,,0,0,0,0
1602450683535,9,1010123456042,74,,1,2,2,1,1,,27.7717,127,184284,0.284352,50,0,14,,0,0,0,0,0,0,0,0,0,,158,104,,0,0,0,0
1602450683785,9,1010123456042,74,,1,2,2,1,1,,27.5425,153,183992,0.345792,62,0,13.8,,0,0,0,0,0,0,0,0,0,,159,122,,0,0,0,0
1602450684035,9,1010123456042,74,,1,2,2,1,1,,27.375,120,184026,0.283008,52,0,13.8333,,3.69014,71,0,0.1,28,17.8571,0,5.57916,31,,166,104,,0,0,0,3.07042
1602450684285,9,1010123456042,74,,1,2,2,1,1,,27.3535,198,183828,0.43648,80,0,13.8571,,0,0,0,0,0,0,0,0,0,,179,158,,0,0,0,0
1602450684535,9,1010123456042,74,,1,2,2,1,1,,27.637,146,183460,0.332256,59,0,13.8333,,0,0,0,0,0,0,0,0,0,,155,122,,0,0,0,0
1602450684785,9,1010123456042,74,,1,2,2,1,1,,27.6538,156,183860,0.36832,66,0,14,,0,0,0,0,0,0,0,0,0,,159,130,,0,0,0,0
1602450685035,9,1010123456042,74,,1,2,2,1,1,,26.2381,168,183785,0.321664,64,0,13,,1.70588,34,0,0.1,14,0,0,5.09217,31,,157,132,,0,0,0,1.17647
1602450685285,9,1010123456042,74,,1,2,2,1,1,,27.6,135,184163,0.329568,59,0,14,,0,0,0,0,0,0,0,0,0,,135,114,,0,0,0,0
1602450685535,9,1010123456042,74,,1,2,2,1,1,,27.7099,162,184453,0.361856,64,0,14,,0,0,0,0,0,0,0,0,0,,161,130,,0,0,0,0
1602450685785,9,1010123456042,74,,1,2,2,1,1,,26.8976,127,183461,0.271488,52,0,13.5,,0,0,0,0,0,0,0,0,0,,152,104,,0,0,0,0
1602450686035,9,1010123456042,74,,1,2,2,1,1,,27.2482,141,182942,0.282272,53,0,13.8333,,1.95556,45,0,0.1,18,0,0,7.0292,31,,147,112,,0,0,0,1
1602450686285,9,1010123456042,74,,1,2,2,1,1,,27.6957,115,183825,0.27664,49,0,14,,0,0,0,0,0,0,0,0,0,,145,92,,0,0,0,0
1602450686534,9,1010123456042,74,,1,2,2,1,1,,27.6101,159,183010,0.340723,61,0,13.8,,0,0,0,0,0,0,0,0,0,,182,126,,0,0,0,0
1602450686784,9,1010123456042,74,,1,2,2,1,1,,27.0588,119,183685,0.268145,50,0,13.6667,,0,0,0,0,0,0,0,0,0,,168,98,,0,0,0,0
1602450687034,9,1010123456042,74,,1,2,2,1,1,,27.5161,155,183569,0.328739,60,0,14,,2.16667,60,0,0.1,25,16,0,5.93909,31,,156,122,,0,0,0,2.23333
1602450687284,9,1010123456042,74,,1,2,2,1,1,,27.5649,131,183293,0.305317,55,0,14,,0,0,0,0,0,0,0,0,0,,150,106,,0,0,0,0
1602450687534,9,1010123456042,74,,1,2,2,1,1,,27.6818,132,184433,0.305671,54,0,13.6667,,0,0,0,0,0,0,0,0,0,,156,104,,0,0,0,0
1602450687784,9,1010123456042,74,,1,2,2,1,1,,26.3525,139,183986,0.276402,53,0,13.5,,0,0,0,0,0,0,0,0,0,,165,114,,0,0,0,0
1602450688034,9,1010123456042,74,,1,2,2,1,1,,27.7417,151,183506,0.358265,63,0,14.1667,,8,9,0,0.1,4,0,0,13.5742,31,,142,122,,0,0,0,1
1602450688284,9,1010123456042,74,,1,2,2,1,1,,27.8028,142,183758,0.311968,54,0,14.2857,,0,0,0,0,0,0,0,0,0,,160,112,,0,0,0,0
1602450688535,9,1010123456042,74,,1,2,2,1,1,,27.916,131,184382,0.326144,56,0,14,,0,0,0,0,0,0,0,0,0,,163,106,,0,0,0,0
1602450688785,9,1010123456042,74,,1,2,2,1,1,,27.8692,107,183790,0.249184,43,0,14.1667,,0,0,0,0,0,0,0,0,0,,130,88,,0,0,0,0
1602450689035,9,1010123456042,74,,1,2,2,1,1,,27.7152,151,182853,0.361856,64,0,14.5,,3.42308,52,0,0.1,20,15,0,7.15865,31,,160,128,,0,0,0,2.55769
1602450689285,9,1010123456042,74,,1,2,2,1,1,,27.7846,130,183701,0.301216,53,0,14,,0,0,0,0,0,0,0,0,0,,169,106,,0,0,0,0
1602450689535,9,1010123456042,74,,1,2,2,1,1,,27.8,165,183337,0.378176,66,0,14,,0,0,0,0,0,0,0,0,0,,175,136,,0,0,0,0
1602450689785,9,1010123456042,74,,1,2,2,1,1,,27.7076,171,183445,0.39648,70,0,14.3333,,0,0,0,0,0,0,0,0,0,,155,132,,0,0,0,0
1602450690035,9,1010123456042,74,,1,2,2,1,1,,27.8689,122,183413,0.283808,49,0,14.2,,9.6,30,0,0.1,12,50,0,9.3356,31,,145,98,,0,0,0,5.2
1602450690285,9,1010123456042,74,,1,2,2,1,1,,26.6042,144,184472,0.28992,56,0,13.1429,,0,0,0,0,0,0,0,0,0,,166,114,,0,0,0,0
1602450690535,9,1010123456042,74,,1,2,2,1,1,,27.6866,134,183600,0.312544,55,0,13.8333,,0,0,0,0,0,0,0,0,0,,154,110,,0,0,0,0
1602450690785,9,1010123456042,74,,1,2,2,1,1,,27.6076,158,184396,0.33936,61,0,13.8333,,0,0,0,0,0,0,0,0,0,,173,126,,0,0,0,0
1602450691035,9,1010123456042,74,,1,2,2,1,1,,23.7473,91,183888,0.166016,38,0,12.3333,,4.28571,42,0,0.1,17,29.4118,0,6.64258,31,,134,74,,0,0,0,3.21429
1602450691285,9,1010123456042,74,,1,2,2,1,1,,27.264,125,184284,0.27104,50,0,13.5714,,0,0,0,0,0,0,0,0,0,,122,100,,0,0,0,0
1602450691535,9,1010123456042,74,,1,2,2,1,1,,27.7547,159,183568,0.35104,62,0,14,,0,0,0,0,0,0,0,0,0,,151,124,,0,0,0,0
1602450691785,9,1010123456042,74,,1,2,2,1,1,,27.8375,160,183812,0.36992,64,0,14,,0,0,0,0,0,0,0,0,0,,165,128,,0,0,0,0
1602450692035,9,1010123456042,74,,1,2,2,1,1,,26.7571,140,184024,0.287904,57,0,13.3333,,3.81132,53,0,0.1,21,19.0476,0,7.3107,31,,137,110,,0,0,0,3.03774
1602450692285,9,1010123456042,74,,1,2,2,1,1,,27.6737,95,183229,0.208928,37,0,14,,0,0,0,0,0,0,0,0,0,,98,76,,0,0,0,0
1602450692535,9,1010123456042,74,,1,2,2,1,1,,27.7727,88,184132,0.205952,36,0,11.4,,0,0,0,0,0,0,0,0,0,,118,84,,0,0,0,0
1602450692785,9,1010123456042,74,,1,2,2,1,1,,27.7297,148,183596,0.342656,60,0,14,,0,0,0,0,0,0,0,0,0,,185,124,,0,0,0,0
1602450693035,9,1010123456042,74,,1,2,2,1,1,,27.7361,144,183960,0.317184,56,0,14,,0.666667,45,0,0.1,18,0,0,4.50702,31,,150,110,,0,0,0,1.2
1602450693285,9,1010123456042,74,,1,2,2,1,1,,27.2463,134,184002,0.288128,52,0,13,,0,0,0,0,0,0,0,0,0,,122,104,,0,0,0,0
1602450693534,9,1010123456042,74,,1,2,2,1,1,,26.891,156,183257,0.349912,65,0,14.3333,,0,0,0,0,0,0,0,0,0,,159,130,,0,0,0,0
1602450693785,9,1010123456042,74,,1,2,2,1,1,,24.7811,201,183465,0.371808,79,0,12.8,,0,0,0,0,0,0,0,0,0,,174,158,,0,0,0,0
1602450694034,9,1010123456042,74,,1,2,2,1,1,,25.6905,168,183190,0.342361,68,0,13.1667,,3.05556,36,0,0.1,15,0,0,8.51566,31,,164,136,,0,0,0,1.05556
1602450694284,9,1010123456042,74,,1,2,2,1,1,,27.6346,156,184129,0.353767,63,0,14,,0,0,0,0,0,0,0,0,0,,147,124,,0,0,0,0
1602450694534,9,1010123456042,74,,1,2,2,1,1,,27.6929,140,184601,0.301622,52,0,13.8333,,0,0,0,0,0,0,0,0,0,,146,110,,0,0,0,0
1602450694785,9,1010123456042,74,,1,2,2,1,1,,25.2547,106,184217,0.216256,46,0,12.5,,0,0,0,0,0,0,0,0,0,,147,86,,0,0,0,0
1602450695035,9,1010123456042,74,,1,2,2,1,1,,26.9552,134,184033,0.276736,52,0,11.6667,,7.47826,23,0,0.1,10,30,0,8.46212,31,,170,126,,0,0,0,4
1602450695284,9,1010123456042,74,,1,2,2,1,1,,27.5948,116,183337,0.271679,48,0,13.8333,,0,0,0,0,0,0,0,0,0,,125,92,,0,0,0,0
1602450695534,9,1010123456042,74,,1,2,2,1,1,,27.3742,155,183234,0.336257,62,0,13.3333,,0,0,0,0,0,0,0,0,0,,163,124,,0,0,0,0
1602450695785,9,1010123456042,74,,1,2,2,1,1,,27.1905,126,183681,0.268768,51,0,13.6,,0,0,0,0,0,0,0,0,0,,145,102,,0,0,0,0
1602450696035,9,1010123456042,74,,1,2,2,1,1,,27.7597,129,183249,0.297088,52,0,14,,3.125,32,0,0.1,13,0,0,10.719,31,,140,104,,0,0,0,1
1602450696285,9,1010123456042,74,,1,2,2,1,1,,24.6142,127,182941,0.24016,51,0,12.6667,,0,0,0,0,0,0,0,0,0,,149,104,,0,0,0,0
1602450696535,9,1010123456042,74,,1,2,2,1,1,,27.25,104,183388,0.223296,42,0,13.5,,0,0,0,0,0,0,0,0,0,,123,84,,0,0,0,0
1602450696785,9,1010123456042,74,,1,2,2,1,1,,27.5663,166,183272,0.374368,67,0,13.8,,0,0,0,0,0,0,0,0,0,,160,136,,0,0,0,0
1602450697035,9,1010123456042,74,,1,2,2,1,1,,27.3267,150,183190,0.33504,62,0,13.4,,7.42308,26,0,0.1,10,40,0,6.85012,31,,159,124,,0,0,0,5.26923
1602450697285,9,1010123456042,74,,1,2,2,1,1,,26.8,135,183808,0.274016,55,0,13,,0,0,0,0,0,0,0,0,0,,163,108,,0,0,0,0
1602450697535,9,1010123456042,74,,1,2,2,1,1,,26.832,125,183592,0.238592,48,0,13,,0,0,0,0,0,0,0,0,0,,170,98,,0,0,0,0
1602450697785,9,1010123456042,74,,1,2,2,1,1,,26.7164,134,182681,0.262176,53,0,13,,0,0,0,0,0,0,0,0,0,,156,108,,0,0,0,0
1602450698035,9,1010123456042,74,,1,2,2,1,1,,24.6706,170,183880,0.304576,68,0,12.2,,3.84314,51,0,0.1,21,19.0476,0,9.35074,31,,153,132,,0,0,0,2.52941
1602450698285,9,1010123456042,74,,1,2,2,1,1,,26.4,155,183488,0.279936,58,0,13,,0,0,0,0,0,0,0,0,0,,152,122,,0,0,0,0
1602450698535,9,1010123456042,74,,1,2,2,1,1,,26.7312,93,183612,0.199424,40,0,13.1667,,0,0,0,0,0,0,0,0,0,,103,74,,0,0,0,0
1602450698785,9,1010123456042,74,,1,2,2,1,1,,27.384,125,183634,0.275488,49,0,13.5,,0,0,0,0,0,0,0,0,0,,132,102,,0,0,0,0
1602450699035,9,1010123456042,74,,1,2,2,1,1,,26.5538,130,184244,0.27232,54,0,13.3333,,1.69231,52,0,0.1,21,4.7619,0,7.50018,31,,135,106,,0,0,0,1.40385
1602450699285,9,1010123456042,74,,1,2,2,1,1,,26.3939,99,184076,0.194304,40,0,13,,0,0,0,0,0,0,0,0,0,,162,78,,0,0,0,0
1602450699535,9,1010123456042,74,,1,2,2,1,1,,27.1147,122,183420,0.262976,50,0,13.5,,0,0,0,0,0,0,0,0,0,,148,98,,0,0,0,0
1602450699785,9,1010123456042,74,,1,2,2,1,1,,26.7042,142,183428,0.268736,54,0,13.2,,0,0,0,0,0,0,0,0,0,,149,116,,0,0,0,0
1602450700034,9,1010123456042,74,,1,2,2,1,1,,26.8905,137,183812,0.27743,55,0,13,,14,12,0,0,4,100,0,4.41151,0,,132,108,,0,0,0,10
1602450700284,9,1010123456042,74,,1,2,2,1,1,,26.7014,144,183656,0.294361,58,0,13.4286,,3.75,8,0,0.1,3,0,0,7.87166,31,,155,114,,0,0,0,2
1602450700534,9,1010123456042,74,,1,2,2,1,1,,26.189,127,184606,0.249671,51,0,12.8333,,0,0,0,0,0,0,0,0,0,,134,106,,0,0,0,0
1602450700784,9,1010123456042,74,,1,2,2,1,1,,26.4535,172,183191,0.332466,68,0,13,,0,0,0,0,0,0,0,0,0,,178,136,,0,0,0,0
1602450701035,9,1010123456042,74,,1,2,2,1,1,,26.3161,174,183534,0.315296,65,0,13,,4.95238,42,0,0.1,17,23.5294,0,8.21702,31,,160,132,,0,0,0,2.95238
1602450701285,9,1010123456042,74,,1,2,2,1,1,,25.3965,116,183151,0.209056,45,0,10.4,,0,0,0,0,0,0,0,0,0,,163,134,,0,0,0,0
1602450701534,9,1010123456042,74,,1,2,2,1,1,,25.8344,163,183886,0.31261,66,0,13,,0,0,0,0,0,0,0,0,0,,169,134,,0,0,0,0
1602450701785,9,1010123456042,74,,1,2,2,1,1,,25.7758,165,182831,0.3048,65,0,12.8,,0,0,0,0,0,0,0,0,0,,171,138,,0,0,0,0
1602450702035,9,1010123456042,74,,1,2,2,1,1,,25.0463,108,184013,0.217472,48,0,12.3333,,5.53571,28,0,0.1,11,0,0,13.5885,31,,93,92,,0,0,0,1.10714
1602450702285,9,1010123456042,74,,1,2,2,1,1,,23.9308,130,183306,0.208896,50,0,12.1429,,0,0,0,0,0,0,0,0,0,,160,104,,0,0,0,0
1602450702535,9,1010123456042,74,,1,2,2,1,1,,24.4087,115,183295,0.194848,45,0,12.1667,,0,0,0,0,0,0,0,0,0,,127,88,,0,0,0,0
1602450702785,9,1010123456042,74,,1,2,2,1,1,,25.7008,127,184374,0.248864,53,0,12.6667,,0,0,0,0,0,0,0,0,0,,161,108,,0,0,0,0
1602450703035,9,1010123456042,74,,1,2,2,1,1,,24.8551,138,184263,0.236832,53,0,12.5,,8.17647,17,0,0.1,8,62.5,0,6.28458,31,,156,114,,0,0,0,6.41176
1602450703285,9,1010123456042,74,,1,2,2,1,1,,25.9728,184,183963,0.336608,71,0,12.6667,,0,0,0,0,0,0,0,0,0,,178,144,,0,0,0,0
1602450703535,9,1010123456042,74,,1,2,2,1,1,,24.1357,140,183808,0.2376,55,0,12,,0,0,0,0,0,0,0,0,0,,164,114,,0,0,0,0
1602450703785,9,1010123456042,74,,1,2,2,1,1,,23.9461,167,182730,0.272448,66,0,12,,0,0,0,0,0,0,0,0,0,,172,130,,0,0,0,0
1602450704035,9,1010123456042,74,,1,2,2,1,1,,25.7051,78,184083,0.155552,33,0,10.6,,1.93333,45,0,0.1,19,21.0526,0,4.58614,31,,110,70,,0,0,0,2.8
1602450704285,9,1010123456042,74,,1,2,2,1,1,,25.3232,164,183865,0.28128,62,0,12.5,,0,0,0,0,0,0,0,0,0,,169,128,,0,0,0,0
1602450704535,9,1010123456042,74,,1,2,2,1,1,,25.0992,121,184051,0.241184,53,0,12.1667,,0,0,0,0,0,0,0,0,0,,147,102,,0,0,0,0
1602450704785,9,1010123456042,74,,1,2,2,1,1,,25.5034,145,183454,0.253408,55,0,12.6,,0,0,0,0,0,0,0,0,0,,143,112,,0,0,0,0
1602450705035,9,1010123456042,74,,1,2,2,1,1,,26.2456,114,184046,0.21584,45,0,11.1667,,0.792453,53,0,0.1,21,0,0,5.66772,31,,158,114,,0,0,0,1
1602450705285,9,1010123456042,74,,1,2,2,1,1,,26.2793,111,183064,0.220928,44,0,11.4286,,0,0,0,0,0,0,0,0,0,,148,116,,0,0,0,0
1602450705535,9,1010123456042,74,,1,2,2,1,1,,25.4405,168,183717,0.318432,69,0,12.2,,0,0,0,0,0,0,0,0,0,,170,134,,0,0,0,0
1602450705785,9,1010123456042,74,,1,2,2,1,1,,25.3121,157,183638,0.281472,62,0,13,,0,0,0,0,0,0,0,0,0,,149,126,,0,0,0,0
1602450706035,9,1010123456042,74,,1,2,2,1,1,,25.5538,130,183750,0.237792,51,0,13,,5.5,72,0,0.1,28,32.1429,0,6.05833,31,,160,104,,0,0,0,4.27778
1602450706284,9,1010123456042,74,,1,2,2,1,1,,26.3041,171,183814,0.330153,68,0,13,,0,0,0,0,0,0,0,0,0,,158,134,,0,0,0,0
1602450706535,9,1010123456042,74,,1,2,2,1,1,,26.7203,118,183590,0.238208,48,0,13.5,,0,0,0,0,0,0,0,0,0,,133,98,,0,0,0,0
1602450706784,9,1010123456042,74,,1,2,2,1,1,,26.0339,118,183594,0.239711,49,0,13,,0,0,0,0,0,0,0,0,0,,155,98,,0,0,0,0
1602450707035,9,1010123456042,74,,1,2,2,1,1,,26.5118,170,183994,0.317344,65,0,13,,7,8,0,0.1,3,0,0,13.5862,31,,150,130,,0,0,0,1.375
1602450707284,9,1010123456042,74,,1,2,2,1,1,,25.5357,168,183040,0.323116,69,0,12.6,,0,0,0,0,0,0,0,0,0,,175,136,,0,0,0,0
1602450707534,9,1010123456042,74,,1,2,2,1,1,,23.9276,152,183841,0.250635,59,0,12,,0,0,0,0,0,0,0,0,0,,153,122,,0,0,0,0
1602450707785,9,1010123456042,74,,1,2,2,1,1,,23.9364,110,184058,0.191168,46,0,12.2,,0,0,0,0,0,0,0,0,0,,142,88,,0,0,0,0
1602450708035,9,1010123456042,74,,1,2,2,1,1,,24.5417,144,183592,0.243168,55,0,12.2,,4.24138,29,0,0.1,12,33.3333,0,8.05472,31,,146,116,,0,0,0,3.89655
1602450708285,9,1010123456042,74,,1,2,2,1,1,,23.3187,91,183516,0.159456,39,0,8.66667,,0,0,0,0,0,0,0,0,0,,129,84,,0,0,0,0
1602450708535,9,1010123456042,74,,1,2,2,1,1,,26.2903,93,183706,0.168928,35,0,8.66667,,0,0,0,0,0,0,0,0,0,,154,108,,0,0,0,0
1602450708785,9,1010123456042,74,,1,2,2,1,1,,25.194,134,183435,0.260512,57,0,10,,0,0,0,0,0,0,0,0,0,,158,128,,0,0,0,0
1602450709035,9,1010123456042,74,,1,2,2,1,1,,23.7265,117,183536,0.186592,45,0,10.3333,,5.2381,63,0,0.1,27,33.3333,0,6.36943,31,,149,116,,0,0,0,3.60317
1602450709285,9,1010123456042,74,,1,2,2,1,1,,25.5281,89,184205,0.154016,33,0,8.83333,,0,0,0,0,0,0,0,0,0,,167,136,,0,0,0,0
1602450709535,9,1010123456042,74,,1,2,2,1,1,,25.1307,153,183271,0.268096,58,0,12.3333,,0,0,0,0,0,0,0,0,0,,160,116,,0,0,0,0
1602450709785,9,1010123456042,74,,1,2,2,1,1,,22.8897,136,184073,0.224416,57,0,9.25,,0,0,0,0,0,0,0,0,0,,161,116,,0,0,0,0
1602450710035,9,1010123456042,74,,1,2,2,1,1,,21.4624,93,182964,0.121376,35,0,8.8,,9,12,0,0,4,100,0,1.78945,0,,134,98,,0,0,0,10
1602450710285,9,1010123456042,74,,1,2,2,1,1,,23.5,134,183880,0.214432,53,0,11.75,,3.61905,42,0,0.1,17,23.5294,0,5.87766,31,,162,102,,0,0,0,3.14286
1602450710535,9,1010123456042,74,,1,2,2,1,1,,24.9545,88,183305,0.161024,36,0,9.5,,0,2,0,0,1,100,0,0,0,,137,96,,0,0,0,0
1602450710785,9,1010123456042,74,,1,2,2,1,1,,24.1513,152,183880,0.256768,60,0,12,,0,0,0,0,0,0,0,0,0,,145,124,,0,0,0,0
1602450711035,9,1010123456042,74,,1,2,2,1,1,,24.7568,111,183576,0.196736,44,0,10.4,,5.49231,65,0,0.1,26,30.7692,0,6.26335,31,,148,106,,0,0,0,3.75385
1602450711285,9,1010123456042,74,,1,2,2,1,1,,22.7886,123,183360,0.2056,51,0,9.83333,,0,0,0,0,0,0,0,0,0,,170,122,,0,0,0,0
1602450711535,9,1010123456042,74,,1,2,2,1,1,,24.1493,134,183577,0.238336,56,0,12.6,,0,0,0,0,0,0,0,0,0,,160,108,,0,0,0,0
1602450711785,9,1010123456042,74,,1,2,2,1,1,,26.1538,104,184351,0.196864,40,0,10.8,,0,0,0,0,0,0,0,0,0,,154,110,,0,0,0,0
1602450712035,9,1010123456042,74,,1,2,2,1,1,,26.6301,146,184431,0.286016,58,0,10,,12.4875,80,0,0.1,32,75,0,5.28747,31,,152,126,,0,0,0,7.9
1602450712285,9,1010123456042,74,,1,2,2,1,1,,24.3937,127,183702,0.204544,48,0,12.25,,0,0,0,0,0,0,0,0,0,,139,98,,0,0,0,0
1602450712534,9,1010123456042,74,,1,2,2,1,1,,25.3333,132,183413,0.2569,56,0,12.5,,0,0,0,0,0,0,0,0,0,,147,108,,0,0,0,0
1602450712785,9,1010123456042,74,,1,2,2,1,1,,22.3655,145,183761,0.23232,56,0,11.4,,0,0,0,0,0,0,0,0,0,,169,112,,0,0,0,0
1602450713034,9,1010123456042,74,,1,2,2,1,1,,26.3642,173,183639,0.340916,71,0,13,,1.65854,41,0,0.1,17,0,0,6.21321,31,,161,138,,0,0,0,1.04878
1602450713284,9,1010123456042,74,,1,2,2,1,1,,27.04,150,183024,0.286265,54,0,11,,0,0,0,0,0,0,0,0,0,,173,128,,0,0,0,0
1602450713534,9,1010123456042,74,,1,2,2,1,1,,26.898,147,184135,0.309655,62,0,13,,0,0,0,0,0,0,0,0,0,,155,118,,0,0,0,0
1602450713784,9,1010123456042,74,,1,2,2,1,1,,25.117,171,183513,0.298795,66,0,12.2,,0,0,0,0,0,0,0,0,0,,160,136,,0,0,0,0
1602450714034,9,1010123456042,74,,1,2,2,1,1,,25.4599,137,184297,0.262329,57,0,12.8,,0.148148,54,0,0.1,22,0,0,5.43755,31,,138,114,,0,0,0,1.18519
1602450714285,9,1010123456042,74,,1,2,2,1,1,,26.2533,150,184161,0.294688,61,0,13,,0,0,0,0,0,0,0,0,0,,170,120,,0,0,0,0
1602450714534,9,1010123456042,74,,1,2,2,1,1,,26.3094,139,184385,0.268434,55,0,13,,0,0,0,0,0,0,0,0,0,,121,114,,0,0,0,0
1602450714785,9,1010123456042,74,,1,2,2,1,1,,26.7536,138,183441,0.276992,56,0,13,,0,0,0,0,0,0,0,0,0,,173,108,,0,0,0,0
1602450715034,9,1010123456042,74,,1,2,2,1,1,,22.4957,117,183564,0.192032,49,0,11.2,,12.202,99,0,0.105157,39,64.1026,0,5.73456,31,,152,96,,0,0,0,7.0404
1602450715285,9,1010123456042,74,,1,2,2,1,1,,22.6242,149,183633,0.220608,56,0,12.1667,,0,0,0,0,0,0,0,0,0,,157,118,,0,0,0,0
1602450715535,9,1010123456042,74,,1,2,2,1,1,,26.6697,109,182802,0.22224,45,0,10.8,,0,0,0,0,0,0,0,0,0,,118,88,,0,0,0,0
1602450715785,9,1010123456042,74,,1,2,2,1,1,,24.2581,93,183584,0.164064,37,0,11,,0,0,0,0,0,0,0,0,0,,119,74,,0,0,0,0
1602450716035,9,1010123456042,74,,1,2,2,1,1,,26.0288,139,183970,0.272416,57,0,12.8,,7.50685,73,0,0.1,29,37.931,0,6.91554,31,,145,114,,0,0,0,4.45205
1602450716285,9,1010123456042,74,,1,2,2,1,1,,26.2479,121,183821,0.245856,51,0,13,,0,0,0,0,0,0,0,0,0,,150,100,,0,0,0,0
1602450716535,9,1010123456042,74,,1,2,2,1,1,,26.4171,187,182933,0.351744,72,0,12.8333,,0,0,0,0,0,0,0,0,0,,173,148,,0,0,0,0
1602450716785,9,1010123456042,74,,1,2,2,1,1,,26.8228,158,183604,0.308416,62,0,13,,0,0,0,0,0,0,0,0,0,,170,124,,0,0,0,0
1602450717035,9,1010123456042,74,,1,2,2,1,1,,27.1373,153,183798,0.32944,63,0,13.5,,9.92754,69,0,0.1,29,68.9655,0,5.93621,31,,159,124,,0,0,0,7.36232
1602450717285,9,1010123456042,74,,1,2,2,1,1,,23.0803,137,184008,0.231104,54,0,11.3333,,0,0,0,0,0,0,0,0,0,,158,108,,0,0,0,0
1602450717535,9,1010123456042,74,,1,2,2,1,1,,26.702,151,183768,0.291808,59,0,13,,0,0,0,0,0,0,0,0,0,,164,118,,0,0,0,0
1602450717785,9,1010123456042,74,,1,2,2,1,1,,25.5887,141,184037,0.280576,60,0,12.6,,0,0,0,0,0,0,0,0,0,,162,118,,0,0,0,0
1602450718035,9,1010123456042,74,,1,2,2,1,1,,26.713,115,184463,0.227776,46,0,13,,0,8,0,0,4,100,0,0,0,,125,90,,0,0,0,0
1602450718285,9,1010123456042,74,,1,2,2,1,1,,23.7953,127,183480,0.197728,45,0,11.3333,,7.42857,21,0,0.1,8,50,0,5.34214,31,,136,100,,0,0,0,6.14286
1602450718535,9,1010123456042,74,,1,2,2,1,1,,24.4538,130,183536,0.24032,54,0,12,,0,0,0,0,0,0,0,0,0,,138,106,,0,0,0,0
1602450718784,9,1010123456042,74,,1,2,2,1,1,,26.2429,140,184248,0.272193,56,0,13,,0,0,0,0,0,0,0,0,0,,141,110,,0,0,0,0
1602450719035,9,1010123456042,74,,1,2,2,1,1,,26.3478,138,183328,0.277152,57,0,10.8,,4,44,0,0.1,18,22.2222,0,6.37113,31,,164,126,,0,0,0,2.63636
1602450719284,9,1010123456042,74,,1,2,2,1,1,,26.7143,119,183304,0.219116,44,0,13,,0,0,0,0,0,0,0,0,0,,146,96,,0,0,0,0
1602450719535,9,1010123456042,74,,1,2,2,1,1,,25.56,150,183210,0.301984,65,0,12.1667,,0,0,0,0,0,0,0,0,0,,157,124,,0,0,0,0
1602450719784,9,1010123456042,74,,1,2,2,1,1,,26.6667,153,183817,0.312643,63,0,13,,0,0,0,0,0,0,0,0,0,,160,126,,0,0,0,0
1602450720034,9,1010123456042,74,,1,2,2,1,1,,24.1261,119,183527,0.190843,44,0,12.2,,4.7619,21,0,0.1,10,0,0,9.02527,31,,139,92,,0,0,0,1.19048
1602450720284,9,1010123456042,74,,1,2,2,1,1,,22.1032,155,184582,0.266217,64,0,11.5714,,0,0,0,0,0,0,0,0,0,,154,122,,0,0,0,0
1602450720535,9,1010123456042,74,,1,2,2,1,1,,26.6429,154,184078,0.28576,58,0,12.8333,,0,0,0,0,0,0,0,0,0,,165,122,,0,0,0,0
1602450720785,9,1010123456042,74,,1,2,2,1,1,,26.4265,136,184102,0.288736,59,0,13,,0,0,0,0,0,0,0,0,0,,166,116,,0,0,0,0
1602450721035,9,1010123456042,74,,1,2,2,1,1,,26.5547,128,183678,0.245568,50,0,13,,5.07692,52,0,0.1,20,20,0,8.70116,31,,140,102,,0,0,0,3.07692
1602450721284,9,1010123456042,74,,1,2,2,1,1,,26.5077,130,183142,0.260659,53,0,12.8333,,0,0,0,0,0,0,0,0,0,,151,104,,0,0,0,0
1602450721534,9,1010123456042,74,,1,2,2,1,1,,26.4459,157,184317,0.293912,60,0,12.75,,0,0,0,0,0,0,0,0,0,,137,120,,0,0,0,0
1602450721785,9,1010123456042,74,,1,2,2,1,1,,26.8814,118,182950,0.239616,48,0,13,,0,0,0,0,0,0,0,0,0,,140,94,,0,0,0,0
1602450722035,9,1010123456042,74,,1,2,2,1,1,,26.6667,138,183333,0.271456,55,0,13,,0.857143,63,0,0.1,25,4,0,4.37752,31,,158,110,,0,0,0,1.47619
1602450722285,9,1010123456042,74,,1,2,2,1,1,,21.4296,135,183307,0.19616,52,0,10,,0,0,0,0,0,0,0,0,0,,157,108,,0,0,0,0
1602450722535,9,1010123456042,74,,1,2,2,1,1,,25.0924,119,183530,0.220608,50,0,13,,0,0,0,0,0,0,0,0,0,,127,98,,0,0,0,0
1602450722785,9,1010123456042,74,,1,2,2,1,1,,25.7763,152,183306,0.293312,62,0,13,,0,0,0,0,0,0,0,0,0,,150,124,,0,0,0,0
1602450723035,9,1010123456042,74,,1,2,2,1,1,,18,72,184455,0.113728,32,0,9.66667,,5.15,40,0,0.1,15,0,0,11.707,31,,87,60,,0,0,0,1.225
1602450723285,9,1010123456042,74,,1,2,2,1,1,,26.563,119,184503,0.23024,47,0,13,,0,0,0,0,0,0,0,0,0,,141,96,,0,0,0,0
1602450723535,9,1010123456042,74,,1,2,2,1,1,,25.0833,132,184434,0.241632,53,0,12.4,,0,0,0,0,0,0,0,0,0,,140,106,,0,0,0,0
1602450723785,9,1010123456042,74,,1,2,2,1,1,,26,90,183281,0.168832,36,0,13,,0,0,0,0,0,0,0,0,0,,107,76,,0,0,0,0
1602450724035,9,1010123456042,74,,1,2,2,1,1,,26.6544,136,183977,0.26064,53,0,13,,2.88372,43,0,0.1,17,5.88235,0,7.35822,31,,129,106,,0,0,0,1.69767
1602450724285,9,1010123456042,74,,1,2,2,1,1,,25.0693,101,184120,0.199424,40,0,11.3333,,0,0,0,0,0,0,0,0,0,,105,80,,0,0,0,0
1602450724535,9,1010123456042,74,,1,2,2,1,1,,21.5877,114,184300,0.175296,48,0,12.1667,,0,0,0,0,0,0,0,0,0,,135,94,,0,0,0,0
1602450724785,9,1010123456042,74,,1,2,2,1,1,,26.2532,158,183836,0.299712,62,0,13,,0,0,0,0,0,0,0,0,0,,161,124,,0,0,0,0
1602450725035,9,1010123456042,74,,1,2,2,1,1,,26.7607,163,184116,0.322208,65,0,13,,12.6667,9,0,0.1,4,25,0,11.2292,31,,170,130,,0,0,0,3.44444
1602450725285,9,1010123456042,74,,1,2,2,1,1,,27.6393,183,183157,0.399712,71,0,13.6667,,0,0,0,0,0,0,0,0,0,,155,146,,0,0,0,0
1602450725535,9,1010123456042,74,,1,2,2,1,1,,27.1074,121,183980,0.275744,53,0,13.4,,0,0,0,0,0,0,0,0,0,,148,98,,0,0,0,0
1602450725785,9,1010123456042,74,,1,2,2,1,1,,26.8571,126,183492,0.252736,50,0,13.4,,0,0,0,0,0,0,0,0,0,,135,100,,0,0,0,0
1602450726035,9,1010123456042,74,,1,2,2,1,1,,18.7746,71,184242,0.117952,30,0,12,,4.38462,26,0,0.1,10,0,0,14.1249,31,,84,60,,0,0,0,1.15385
1602450726284,9,1010123456042,74,,1,2,2,1,1,,27.0325,123,184459,0.271133,49,0,14,,0,0,0,0,0,0,0,0,0,,135,100,,0,0,0,0
1602450726535,9,1010123456042,74,,1,2,2,1,1,,27.6879,173,184083,0.385536,68,0,14,,0,0,0,0,0,0,0,0,0,,166,138,,0,0,0,0
1602450726785,9,1010123456042,74,,1,2,2,1,1,,27.2973,148,184021,0.342656,64,0,13.5,,0,0,0,0,0,0,0,0,0,,162,124,,0,0,0,0
1602450727035,9,1010123456042,74,,1,2,2,1,1,,23.9481,77,183675,0.147584,31,0,12.2,,7.75,24,0,0.1,10,30,0,7.33082,31,,116,64,,0,0,0,4.375
1602450727284,9,1010123456042,74,,1,2,2,1,1,,27.7541,61,183791,0.12212,21,0,12,,0,0,0,0,0,0,0,0,0,,121,88,,0,0,0,0
1602450727534,9,1010123456042,74,,1,2,2,1,1,,27.0242,124,183996,0.289221,52,0,13.2,,0,0,0,0,0,0,0,0,0,,151,100,,0,0,0,0
1602450727785,9,1010123456042,74,,1,2,2,1,1,,27.3272,162,183532,0.334176,63,0,13.6667,,0,0,0,0,0,0,0,0,0,,135,130,,0,0,0,0
1602450728035,9,1010123456042,74,,1,2,2,1,1,,27.5735,136,183968,0.320064,58,0,14.2,,0,8,0,0,4,100,0,0,0,,163,114,,0,0,0,0
1602450728285,9,1010123456042,74,,1,2,2,1,1,,27.5,138,184600,0.327104,58,0,13.8571,,3.6,5,0,0.1,2,0,0,8.29057,31,,150,110,,0,0,0,2.2
1602450728535,9,1010123456042,74,,1,2,2,1,1,,26.9695,164,183956,0.342048,65,0,13.5,,0,0,0,0,0,0,0,0,0,,159,134,,0,0,0,0
1602450728785,9,1010123456042,74,,1,2,2,1,1,,27.4706,102,182881,0.222496,41,0,11,,0,0,0,0,0,0,0,0,0,,165,124,,0,0,0,0
1602450729035,9,1010123456042,74,,1,2,2,1,1,,27.5975,159,183530,0.34,61,0,13.8,,3.14286,56,0,0.1,23,17.3913,0,5.845,31,,171,128,,0,0,0,2.64286
1602450729285,9,1010123456042,74,,1,2,2,1,1,,27.7143,154,184472,0.35632,63,0,13.8571,,0,0,0,0,0,0,0,0,0,,155,122,,0,0,0,0
1602450729535,9,1010123456042,74,,1,2,2,1,1,,27.6966,145,184508,0.334816,59,0,13.8,,0,0,0,0,0,0,0,0,0,,160,116,,0,0,0,0
1602450729785,9,1010123456042,74,,1,2,2,1,1,,27.6698,106,184652,0.231968,41,0,10,,0,0,0,0,0,0,0,0,0,,146,118,,0,0,0,0
1602450730035,9,1010123456042,74,,1,2,2,1,1,,27.2857,140,184032,0.309824,58,0,13.8,,4.9589,73,0,0.1,29,24.1379,0,7.62173,31,,152,114,,0,0,0,3.69863
1602450730285,9,1010123456042,74,,1,2,2,1,1,,27.0065,155,183288,0.298144,57,0,13.8333,,0,0,0,0,0,0,0,0,0,,162,118,,0,0,0,0
1602450730535,9,1010123456042,74,,1,2,2,1,1,,20.2174,115,183804,0.188608,50,0,11.8333,,0,0,0,0,0,0,0,0,0,,126,94,,0,0,0,0
1602450730785,9,1010123456042,74,,1,2,2,1,1,,27.6667,168,184144,0.355168,63,0,13.8,,0,0,0,0,0,0,0,0,0,,160,130,,0,0,0,0
1602450731035,9,1010123456042,74,,1,2,2,1,1,,27.7372,137,183264,0.322848,57,0,13.8333,,0,8,0,0,4,100,0,0,0,,172,112,,0,0,0,0
1602450731285,9,1010123456042,74,,1,2,2,1,1,,27.1026,156,183145,0.319616,60,0,13.6667,,0.1,29,0,0.1,12,0,0,5.59535,31,,157,124,,0,0,0,1
1602450731535,9,1010123456042,74,,1,2,2,1,1,,27.6103,136,184016,0.292896,53,0,13.8333,,0,0,0,0,0,0,0,0,0,,150,108,,0,0,0,0
1602450731785,9,1010123456042,74,,1,2,2,1,1,,17.3505,97,184217,0.160096,42,0,8.66667,,0,0,0,0,0,0,0,0,0,,137,100,,0,0,0,0
1602450732034,9,1010123456042,74,,1,2,2,1,1,,26.6242,149,183363,0.307566,61,0,13.8333,,0.962963,54,0,0.1,22,0,0,5.25741,31,,164,120,,0,0,0,1.09259
1602450732285,9,1010123456042,74,,1,2,2,1,1,,27.2826,138,184651,0.283168,53,0,13.6667,,0,0,0,0,0,0,0,0,0,,170,108,,0,0,0,0
1602450732534,9,1010123456042,74,,1,2,2,1,1,,27.4336,143,183463,0.328578,59,0,13.8333,,0,0,0,0,0,0,0,0,0,,151,116,,0,0,0,0
1602450732785,9,1010123456042,74,,1,2,2,1,1,,27.6423,123,183349,0.281664,50,0,13.8,,0,0,0,0,0,0,0,0,0,,141,102,,0,0,0,0
1602450733034,9,1010123456042,74,,1,2,2,1,1,,26.7867,75,184173,0.158394,30,0,13.3333,,11.6923,26,0,0.1,10,40,0,12.2297,31,,124,62,,0,0,0,4.76923
1602450733284,9,1010123456042,74,,1,2,2,1,1,,27.4758,124,183241,0.282988,52,0,14,,0,0,0,0,0,0,0,0,0,,124,100,,0,0,0,0
1602450733534,9,1010123456042,74,,1,2,2,1,1,,26.5522,163,183661,0.306635,60,0,13.6,,0,0,0,0,0,0,0,0,0,,169,124,,0,0,0,0
1602450733785,9,1010123456042,74,,1,2,2,1,1,,26.561,164,184065,0.319968,63,0,13.2,,0,0,0,0,0,0,0,0,0,,170,126,,0,0,0,0
1602450734034,9,1010123456042,74,,1,2,2,1,1,,26.9107,112,183809,0.243759,47,0,13.5,,4.95349,43,0,0.100434,17,0,0,11.7356,31,,130,94,,0,0,0,1.60465
1602450734285,9,1010123456042,74,,1,2,2,1,1,,26.5033,153,183313,0.293184,58,0,13.1667,,0,0,0,0,0,0,0,0,0,,161,122,,0,0,0,0
1602450734535,9,1010123456042,74,,1,2,2,1,1,,26.8235,136,183633,0.287808,58,0,13,,0,0,0,0,0,0,0,0,0,,135,110,,0,0,0,0
1602450734785,9,1010123456042,74,,1,2,2,1,1,,26.0159,126,183897,0.23312,49,0,13,,0,0,0,0,0,0,0,0,0,,148,96,,0,0,0,0
1602450735035,9,1010123456042,74,,1,2,2,1,1,,26.1919,99,183953,0.177952,37,0,11.1667,,5.30769,52,0,0.1,21,23.8095,0,8.52869,31,,99,100,,0,0,0,3.73077
1602450735285,9,1010123456042,74,,1,2,2,1,1,,26.8705,139,184409,0.278784,56,0,13,,0,0,0,0,0,0,0,0,0,,153,108,,0,0,0,0
1602450735535,9,1010123456042,74,,1,2,2,1,1,,26.7883,137,183151,0.263456,53,0,13,,0,0,0,0,0,0,0,0,0,,149,112,,0,0,0,0
1602450735785,9,1010123456042,74,,1,2,2,1,1,,26.8797,133,183889,0.259712,52,0,13,,0,0,0,0,0,0,0,0,0,,141,104,,0,0,0,0
1602450736035,9,1010123456042,74,,1,2,2,1,1,,26.7174,138,184113,0.282016,57,0,13,,9.7451,102,0,0.141312,41,46.3415,0,7.63867,31,,153,112,,0,0,0,5.43137
1602450736285,9,1010123456042,74,,1,2,2,1,1,,26.605,119,182858,0.225728,46,0,13,,0,0,0,0,0,0,0,0,0,,122,94,,0,0,0,0
1602450736535,9,1010123456042,74,,1,2,2,1,1,,26.7444,133,183343,0.272736,55,0,13,,0,0,0,0,0,0,0,0,0,,143,108,,0,0,0,0
1602450736785,9,1010123456042,74,,1,2,2,1,1,,26.7883,137,183977,0.273248,55,0,13,,0,0,0,0,0,0,0,0,0,,143,106,,0,0,0,0
1602450737035,9,1010123456042,74,,1,2,2,1,1,,26.2924,171,184201,0.32432,67,0,13,,4.37931,87,0,0.1,36,30.5556,0,8.92003,31,,169,134,,0,0,0,3.56322
1602450737285,9,1010123456042,74,,1,2,2,1,1,,26.6404,114,183082,0.216704,44,0,13,,0,0,0,0,0,0,0,0,0,,131,92,,0,0,0,0
1602450737535,9,1010123456042,74,,1,2,2,1,1,,26.7404,104,183809,0.212448,43,0,13,,0,0,0,0,0,0,0,0,0,,119,88,,0,0,0,0
1602450737785,9,1010123456042,74,,1,2,2,1,1,,26.7459,122,183313,0.258176,52,0,13,,0,0,0,0,0,0,0,0,0,,157,100,,0,0,0,0
1602450738034,9,1010123456042,74,,1,2,2,1,1,,26.6522,138,183857,0.267245,54,0,13,,11.5,18,0,0.1,7,42.8571,0,9.75807,31,,163,108,,0,0,0,5.61111
1602450738285,9,1010123456042,74,,1,2,2,1,1,,26.8494,166,184241,0.308928,62,0,13,,0,0,0,0,0,0,0,0,0,,166,128,,0,0,0,0
1602450738535,9,1010123456042,74,,1,2,2,1,1,,26.1121,116,184457,0.235424,49,0,13,,0,0,0,0,0,0,0,0,0,,129,96,,0,0,0,0
1602450738785,9,1010123456042,74,,1,2,2,1,1,,25.8239,142,183469,0.262496,55,0,12.8333,,0,0,0,0,0,0,0,0,0,,158,116,,0,0,0,0
1602450739034,9,1010123456042,74,,1,2,2,1,1,,24.6636,110,183348,0.211277,48,0,12.4,,9.125,16,0,0.1,6,16.6667,0,13.2871,31,,124,86,,0,0,0,2.6875
1602450739284,9,1010123456042,74,,1,2,2,1,1,,25.1951,123,183684,0.221976,49,0,12.3333,,0,0,0,0,0,0,0,0,0,,138,100,,0,0,0,0
1602450739534,9,1010123456042,74,,1,2,2,1,1,,25.1631,141,184479,0.264546,58,0,12.6667,,0,0,0,0,0,0,0,0,0,,162,114,,0,0,0,0
1602450739784,9,1010123456042,74,,1,2,2,1,1,,24.1017,118,184160,0.19759,46,0,12.2,,0,0,0,0,0,0,0,0,0,,141,94,,0,0,0,0
1602450740035,9,1010123456042,74,,1,2,2,1,1,,24.8,135,182809,0.215584,49,0,12.1667,,15.2381,42,0,0.188896,17,29.4118,0,13.2316,31,,133,106,,0,0,0,3.92857
1602450740284,9,1010123456042,74,,1,2,2,1,1,,25,154,184430,0.297189,66,0,12.5,,0,0,0,0,0,0,0,0,0,,174,124,,0,0,0,0
1602450740534,9,1010123456042,74,,1,2,2,1,1,,25.6991,113,183662,0.210924,45,0,12.5,,0,0,0,0,0,0,0,0,0,,147,92,,0,0,0,0
1602450740784,9,1010123456042,74,,1,2,2,1,1,,25.5229,153,183713,0.289606,62,0,12.3333,,0,0,0,0,0,0,0,0,0,,154,122,,0,0,0,0
1602450741034,9,1010123456042,74,,1,2,2,1,1,,25.3333,144,184141,0.262458,57,0,12.3333,,12.5,20,0,0.1,9,55.5556,0,9.91656,31,,152,118,,0,0,0,5.7
1602450741285,9,1010123456042,74,,1,2,2,1,1,,25.3926,135,183795,0.248512,54,0,12.4286,,0,0,0,0,0,0,0,0,0,,166,108,,0,0,0,0
1602450741535,9,1010123456042,74,,1,2,2,1,1,,25.1465,157,183779,0.287712,63,0,12.2,,0,0,0,0,0,0,0,0,0,,173,126,,0,0,0,0
1602450741785,9,1010123456042,74,,1,2,2,1,1,,23.3,120,183924,0.187872,47,0,9.4,,0,0,0,0,0,0,0,0,0,,160,122,,0,0,0,0
1602450742035,9,1010123456042,74,,1,2,2,1,1,,23.8175,126,183229,0.212448,51,0,11.8333,,13.1818,22,0,0.1,10,60,0,7.65863,31,,135,102,,0,0,0,7
1602450742285,9,1010123456042,74,,1,2,2,1,1,,22.9429,35,184446,0.063616,16,0,11.8,,0,0,0,0,0,0,0,0,0,,50,28,,0,0,0,0
1602450742535,9,1010123456042,74,,1,2,2,1,1,,24.375,16,183524,0.03056,7,0,11.75,,0,0,0,0,0,0,0,0,0,,19,14,,0,0,0,0
1602450742785,9,1010123456042,74,,1,2,2,1,1,,25.0247,81,183337,0.139616,31,0,12.2,,0,0,0,0,0,0,0,0,0,,107,66,,0,0,0,0
1602450743035,9,1010123456042,74,,1,2,2,1,1,,25,107,183093,0.19968,44,0,11,,6.16327,49,0,0.1,20,30,0,7.60281,31,,124,88,,0,0,0,3.63265
1602450743285,9,1010123456042,74,,1,2,2,1,1,,26.4706,153,184251,0.30048,62,0,12.8333,,0,0,0,0,0,0,0,0,0,,174,120,,0,0,0,0
1602450743535,9,1010123456042,74,,1,2,2,1,1,,25.0214,140,183804,0.241184,53,0,12,,0,0,0,0,0,0,0,0,0,,161,112,,0,0,0,0
1602450743785,9,1010123456042,74,,1,2,2,1,1,,24.9846,130,184036,0.230144,52,0,12.5,,0,0,0,0,0,0,0,0,0,,144,102,,0,0,0,0
1602450744035,9,1010123456042,74,,1,2,2,1,1,,25.7803,132,184103,0.240096,51,0,12.6,,1.96226,53,0,0.1,22,9.09091,0,5.86515,31,,153,100,,0,0,0,1.67925
1602450744284,9,1010123456042,74,,1,2,2,1,1,,25.1702,141,183578,0.24951,54,0,12.2857,,0,0,0,0,0,0,0,0,0,,145,112,,0,0,0,0
1602450744535,9,1010123456042,74,,1,2,2,1,1,,24.3833,120,184353,0.222592,52,0,12.2,,0,0,0,0,0,0,0,0,0,,129,98,,0,0,0,0
1602450744785,9,1010123456042,74,,1,2,2,1,1,,25.0513,117,183681,0.20704,46,0,12.5,,0,0,0,0,0,0,0,0,0,,137,96,,0,0,0,0
1602450745034,9,1010123456042,74,,1,2,2,1,1,,24.9112,169,183391,0.300562,67,0,12.3333,,9.36,25,0,0.1,12,58.3333,0,7.06969,31,,151,134,,0,0,0,5.76
1602450745285,9,1010123456042,74,,1,2,2,1,1,,24.5824,170,184295,0.29888,68,0,11.8571,,0,0,0,0,0,0,0,0,0,,145,140,,0,0,0,0
1602450745535,9,1010123456042,74,,1,2,2,1,1,,23.0577,156,183728,0.25088,64,0,12,,0,0,0,0,0,0,0,0,0,,155,128,,0,0,0,0
1602450745784,9,1010123456042,74,,1,2,2,1,1,,23.495,101,184447,0.175904,43,0,9.25,,0,0,0,0,0,0,0,0,0,,168,108,,0,0,0,0
1602450746034,9,1010123456042,74,,1,2,2,1,1,,23.5391,128,183858,0.210345,51,0,11.6667,,1.54717,53,0,0.1,21,0,0,7.08276,31,,143,106,,0,0,0,1
1602450746284,9,1010123456042,74,,1,2,2,1,1,,22.0325,123,184206,0.175679,48,0,11.4286,,0,0,0,0,0,0,0,0,0,,158,98,,0,0,0,0
1602450746535,9,1010123456042,74,,1,2,2,1,1,,24.9008,131,184328,0.232576,52,0,12.3333,,0,0,0,0,0,0,0,0,0,,152,104,,0,0,0,0
1602450746785,9,1010123456042,74,,1,2,2,1,1,,25.7692,130,183975,0.248736,53,0,12.6,,0,0,0,0,0,0,0,0,0,,162,106,,0,0,0,0
1602450747034,9,1010123456042,74,,1,2,2,1,1,,24.94,150,184437,0.26612,59,0,12.6667,,12,10,0,0,4,100,0,2.10066,0,,176,120,,0,0,0,10
1602450747284,9,1010123456042,74,,1,2,2,1,1,,23.9877,162,183398,0.271582,65,0,12.4,,0,12,0,0.1,6,66.6667,0,0,31,,153,130,,0,0,0,0
1602450747535,9,1010123456042,74,,1,2,2,1,1,,24.0187,107,183912,0.17824,42,0,9.83333,,0,0,0,0,0,0,0,0,0,,131,98,,0,0,0,0
1602450747785,9,1010123456042,74,,1,2,2,1,1,,22.6612,121,184118,0.183296,48,0,11.6667,,0,0,0,0,0,0,0,0,0,,158,96,,0,0,0,0
1602450748035,9,1010123456042,74,,1,2,2,1,1,,23,142,183091,0.217824,55,0,11.75,,4.65789,38,0,0.1,15,20,0,9.78782,31,,144,114,,0,0,0,3.05263
1602450748284,9,1010123456042,74,,1,2,2,1,1,,23.3897,136,183470,0.228145,57,0,11.8571,,0,0,0,0,0,0,0,0,0,,164,112,,0,0,0,0
1602450748535,9,1010123456042,74,,1,2,2,1,1,,24.3007,153,184151,0.258816,60,0,12.3333,,0,0,0,0,0,0,0,0,0,,166,124,,0,0,0,0
1602450748785,9,1010123456042,74,,1,2,2,1,1,,25.8308,130,184196,0.232512,50,0,12.5,,0,0,0,0,0,0,0,0,0,,139,100,,0,0,0,0
1602450749035,9,1010123456042,74,,1,2,2,1,1,,25.8108,148,183095,0.278624,59,0,12.6667,,0,8,0,0,4,100,0,0,0,,155,116,,0,0,0,0
1602450749285,9,1010123456042,74,,1,2,2,1,1,,26.1117,179,184430,0.340064,71,0,13,,0.1,7,0,0.1,3,0,0,12.3744,31,,155,142,,0,0,0,1
1602450749535,9,1010123456042,74,,1,2,2,1,1,,26.5238,126,184190,0.2448,50,0,13,,0,0,0,0,0,0,0,0,0,,151,102,,0,0,0,0
1602450749785,9,1010123456042,74,,1,2,2,1,1,,26.1511,139,183087,0.2648,55,0,13,,0,0,0,0,0,0,0,0,0,,179,116,,0,0,0,0
1602450750035,9,1010123456042,74,,1,2,2,1,1,,24.8282,163,183398,0.283392,64,0,12.5,,4.66667,60,0,0.1,25,20,0,7.48947,31,,145,124,,0,0,0,3.16667
1602450750285,9,1010123456042,74,,1,2,2,1,1,,26.8446,148,184390,0.303648,61,0,13,,0,0,0,0,0,0,0,0,0,,172,120,,0,0,0,0
1602450750535,9,1010123456042,74,,1,2,2,1,1,,26.3363,113,183382,0.217888,45,0,13,,0,0,0,0,0,0,0,0,0,,119,92,,0,0,0,0
1602450750785,9,1010123456042,74,,1,2,2,1,1,,25.6043,139,184226,0.261504,56,0,12.6,,0,0,0,0,0,0,0,0,0,,155,110,,0,0,0,0
1602450751034,9,1010123456042,74,,1,2,2,1,1,,26.4962,131,183850,0.245269,50,0,13,,2.96774,31,0,0.1,11,0,0,8.08154,31,,153,102,,0,0,0,1.09677
1602450751285,9,1010123456042,74,,1,2,2,1,1,,25.8777,139,183322,0.25504,54,0,12.4286,,0,0,0,0,0,0,0,0,0,,161,108,,0,0,0,0
1602450751535,9,1010123456042,74,,1,2,2,1,1,,25.8182,121,183665,0.226176,48,0,12.5,,0,0,0,0,0,0,0,0,0,,138,96,,0,0,0,0
1602450751785,9,1010123456042,74,,1,2,2,1,1,,26.1595,163,183959,0.316224,66,0,12.8333,,0,0,0,0,0,0,0,0,0,,169,134,,0,0,0,0
1602450752035,9,1010123456042,74,,1,2,2,1,1,,26.5643,140,184245,0.274432,56,0,12.8333,,11.4706,17,0,0.1,7,71.4286,0,6.19589,31,,159,114,,0,0,0,7.17647
1602450752284,9,1010123456042,74,,1,2,2,1,1,,25.5818,110,183910,0.211695,45,0,12.3333,,0,0,0,0,0,0,0,0,0,,135,84,,0,0,0,0
1602450752534,9,1010123456042,74,,1,2,2,1,1,,24.8634,161,183858,0.269751,60,0,12,,0,0,0,0,0,0,0,0,0,,152,128,,0,0,0,0
1602450752785,9,1010123456042,74,,1,2,2,1,1,,24.2097,124,183392,0.21264,49,0,11.75,,0,0,0,0,0,0,0,0,0,,159,96,,0,0,0,0
1602450753034,9,1010123456042,74,,1,2,2,1,1,,22.5135,148,183858,0.230651,59,0,10.5,,2.70968,62,0,0.1,24,16.6667,0,4.97943,31,,163,114,,0,0,0,2.74194
1602450753284,9,1010123456042,74,,1,2,2,1,1,,22.9741,116,184043,0.177896,45,0,11.3333,,0,0,0,0,0,0,0,0,0,,144,94,,0,0,0,0
1602450753535,9,1010123456042,74,,1,2,2,1,1,,23.6222,135,184521,0.227456,56,0,11.6667,,0,0,0,0,0,0,0,0,0,,139,108,,0,0,0,0
1602450753785,9,1010123456042,74,,1,2,2,1,1,,24,126,183964,0.205952,48,0,11.8333,,0,0,0,0,0,0,0,0,0,,116,98,,0,0,0,0
1602450754034,9,1010123456042,74,,1,2,2,1,1,,22.2095,148,183251,0.207036,56,0,11.2,,0.375,48,0,0.1,20,0,0,5.6755,31,,161,116,,0,0,0,1
1602450754285,9,1010123456042,74,,1,2,2,1,1,,21.9073,151,183910,0.230272,64,0,11.1429,,0,0,0,0,0,0,0,0,0,,139,120,,0,0,0,0
1602450754535,9,1010123456042,74,,1,2,2,1,1,,21.2857,175,183971,0.230944,67,0,10.8333,,0,0,0,0,0,0,0,0,0,,163,140,,0,0,0,0
1602450754785,9,1010123456042,74,,1,2,2,1,1,,19.6483,145,184311,0.174048,57,0,10.3333,,0,8,0,0,4,100,0,0,0,,162,116,,0,0,0,0
1602450755035,9,1010123456042,74,,1,2,2,1,1,,20.5763,118,184028,0.160032,49,0,11,,4.41176,68,0,0.1,28,28.5714,0,5.6728,31,,167,100,,0,0,0,3.64706
1602450755285,9,1010123456042,74,,1,2,2,1,1,,21.0885,113,183862,0.14816,44,0,10.8571,,0,0,0,0,0,0,0,0,0,,137,88,,0,0,0,0
1602450755535,9,1010123456042,74,,1,2,2,1,1,,21.6077,130,183872,0.17904,51,0,11,,0,0,0,0,0,0,0,0,0,,130,108,,0,0,0,0
1602450755785,9,1010123456042,74,,1,2,2,1,1,,21.4247,146,183768,0.205152,59,0,11,,0,0,0,0,0,0,0,0,0,,174,114,,0,0,0,0
1602450756035,9,1010123456042,74,,1,2,2,1,1,,20.4252,127,183310,0.150784,46,0,9,,2.34146,41,0,0.1,17,0,0,8.54362,31,,152,104,,0,0,0,1.36585
1602450756285,9,1010123456042,74,,1,2,2,1,1,,21.4485,165,183471,0.239776,69,0,11,,0,0,0,0,0,0,0,0,0,,160,134,,0,0,0,0
1602450756535,9,1010123456042,74,,1,2,2,1,1,,16.6726,113,184168,0.123328,44,0,9.6,,0,0,0,0,0,0,0,0,0,,133,90,,0,0,0,0
1602450756785,9,1010123456042,74,,1,2,2,1,1,,15.52,125,184616,0.129792,52,0,9.83333,,0,0,0,0,0,0,0,0,0,,135,104,,0,0,0,0
1602450757035,9,1010123456042,74,,1,2,2,1,1,,20.831,142,183055,0.192224,59,0,10.8333,,0,8,0,0,4,100,0,0,0,,166,116,,0,0,0,0
1602450757285,9,1010123456042,74,,1,2,2,1,1,,21.7676,142,183895,0.203552,57,0,11,,0.1,11,0,0.1,5,0,0,4.20211,31,,139,118,,0,0,0,1
1602450757535,9,1010123456042,74,,1,2,2,1,1,,21.8675,151,183148,0.22112,62,0,11,,0,0,0,0,0,0,0,0,0,,156,122,,0,0,0,0
1602450757785,9,1010123456042,74,,1,2,2,1,1,,21.7071,140,184121,0.198912,56,0,11,,0,0,0,0,0,0,0,0,0,,163,114,,0,0,0,0
1602450758034,9,1010123456042,74,,1,2,2,1,1,,17.4747,99,183621,0.122056,42,0,9.8,,1.67347,49,0,0.1,20,0,0,7.23506,31,,143,82,,0,0,0,1.06122
1602450758285,9,1010123456042,74,,1,2,2,1,1,,21.0808,99,183800,0.13104,40,0,11,,0,0,0,0,0,0,0,0,0,,127,80,,0,0,0,0
1602450758534,9,1010123456042,74,,1,2,2,1,1,,21.8913,138,183581,0.194763,54,0,11,,0,0,0,0,0,0,0,0,0,,155,110,,0,0,0,0
1602450758784,9,1010123456042,74,,1,2,2,1,1,,21.8323,161,183643,0.236273,66,0,11,,0,0,0,0,0,0,0,0,0,,148,132,,0,0,0,0
1602450759034,9,1010123456042,74,,1,2,2,1,1,,21.8671,158,184000,0.230297,64,0,11,,11.7273,22,0,0.1,9,77.7778,0,3.82366,31,,158,126,,0,0,0,8.45455
1602450759284,9,1010123456042,74,,1,2,2,1,1,,21.8639,191,184295,0.276466,77,0,11,,0,0,0,0,0,0,0,0,0,,157,154,,0,0,0,0
1602450759534,9,1010123456042,74,,1,2,2,1,1,,21.741,139,184257,0.189076,53,0,11,,0,0,0,0,0,0,0,0,0,,159,108,,0,0,0,0
1602450759784,9,1010123456042,74,,1,2,2,1,1,,21.5952,126,183062,0.179245,51,0,11,,0,0,0,0,0,0,0,0,0,,156,104,,0,0,0,0
1602450760035,9,1010123456042,74,,1,2,2,1,1,,21.6614,127,183374,0.1904,54,0,11,,11.6066,61,0,0.1,26,61.5385,0,8.75332,31,,161,102,,0,0,0,6.54098
1602450760285,9,1010123456042,74,,1,2,2,1,1,,21.5185,135,183416,0.186016,53,0,11,,0,0,0,0,0,0,0,0,0,,151,108,,0,0,0,0
1602450760535,9,1010123456042,74,,1,2,2,1,1,,21.7949,117,184000,0.177216,50,0,9.16667,,0,0,0,0,0,0,0,0,0,,148,102,,0,0,0,0
1602450760785,9,1010123456042,74,,1,2,2,1,1,,21.3585,106,183841,0.144448,42,0,11,,0,0,0,0,0,0,0,0,0,,151,90,,0,0,0,0
1602450761035,9,1010123456042,74,,1,2,2,1,1,,21.8125,160,184201,0.222272,62,0,11.1667,,5.76923,52,0,0.1,22,27.2727,0,9.8205,31,,173,126,,0,0,0,3.42308
1602450761285,9,1010123456042,74,,1,2,2,1,1,,21.5241,187,183777,0.249568,71,0,11,,0,0,0,0,0,0,0,0,0,,167,144,,0,0,0,0
1602450761535,9,1010123456042,74,,1,2,2,1,1,,21.9135,104,183309,0.167648,47,0,11,,0,0,0,0,0,0,0,0,0,,127,88,,0,0,0,0
1602450761785,9,1010123456042,74,,1,2,2,1,1,,21.6016,128,183551,0.172064,49,0,11,,0,0,0,0,0,0,0,0,0,,152,104,,0,0,0,0
1602450762035,9,1010123456042,74,,1,2,2,1,1,,21.6439,132,183772,0.18576,53,0,11,,14.9655,29,0,0.1,11,36.3636,0,12.3708,31,,153,104,,0,0,0,5.68966
1602450762285,9,1010123456042,74,,1,2,2,1,1,,21.3697,165,183840,0.22144,64,0,10.8571,,0,0,0,0,0,0,0,0,0,,157,136,,0,0,0,0
1602450762535,9,1010123456042,74,,1,2,2,1,1,,21.6124,178,183679,0.253696,72,0,11,,0,0,0,0,0,0,0,0,0,,163,138,,0,0,0,0
1602450762785,9,1010123456042,74,,1,2,2,1,1,,21.5938,160,184178,0.221408,63,0,11,,0,0,0,0,0,0,0,0,0,,149,126,,0,0,0,0
1602450763035,9,1010123456042,74,,1,2,2,1,1,,21.7624,101,182975,0.14208,40,0,11,,5.47059,17,0,0.1,7,0,0,8.05828,31,,113,76,,0,0,0,2.41176
1602450763285,9,1010123456042,74,,1,2,2,1,1,,21.8639,147,183549,0.214912,60,0,11,,0,0,0,0,0,0,0,0,0,,162,122,,0,0,0,0
1602450763535,9,1010123456042,74,,1,2,2,1,1,,21.8113,159,183821,0.228608,64,0,11,,0,0,0,0,0,0,0,0,0,,163,128,,0,0,0,0
1602450763785,9,1010123456042,74,,1,2,2,1,1,,21.6642,137,183605,0.200992,57,0,11,,0,0,0,0,0,0,0,0,0,,158,112,,0,0,0,0
1602450764035,9,1010123456042,74,,1,2,2,1,1,,22.2167,120,183993,0.168416,45,0,11.3333,,8.91892,37,0,0.1,15,20,0,10.8062,31,,167,96,,0,0,0,3.24324
1602450764284,9,1010123456042,74,,1,2,2,1,1,,21.8125,160,184283,0.241414,68,0,10.8571,,0,0,0,0,0,0,0,0,0,,160,128,,0,0,0,0
1602450764534,10,1010123456042,74,,1,2,2,1,1,,21.3469,147,184005,0.200418,58,0,10.6667,,0,0,0,0,0,0,0,0,0,,161,116,,0,0,0,0
1602450764785,10,1010123456042,74,,1,2,2,1,1,,19.7975,163,183810,0.191584,63,0,10,,0,0,0,0,0,0,0,0,0,,155,132,,0,0,0,0
1602450765034,9,1010123456042,74,,1,2,2,1,1,,19.8086,162,183714,0.195341,64,0,10,,5.25,24,0,0.1,10,0,0,13.7977,31,,155,126,,0,0,0,1.16667
1602450765284,9,1010123456042,74,,1,2,2,1,1,,20.1825,126,183294,0.164177,52,0,10.1429,,0,0,0,0,0,0,0,0,0,,157,100,,0,0,0,0
1602450765534,9,1010123456042,74,,1,2,2,1,1,,20.4286,147,183448,0.17751,55,0,10.3333,,0,0,0,0,0,0,0,0,0,,158,116,,0,0,0,0
1602450765784,9,1010123456042,74,,1,2,2,1,1,,19.6535,127,183058,0.154442,51,0,10,,0,0,0,0,0,0,0,0,0,,154,104,,0,0,0,0
1602450766035,9,1010123456042,74,,1,2,2,1,1,,21.219,137,183257,0.188608,56,0,10.6,,9.14286,7,0,0.1,3,0,0,20.0109,31,,154,108,,0,0,0,1
1602450766284,9,1010123456042,74,,1,2,2,1,1,,21.0297,101,183416,0.145189,43,0,10.6667,,0,0,0,0,0,0,0,0,0,,129,82,,0,0,0,0
1602450766534,9,1010123456042,74,,1,2,2,1,1,,21.184,125,184139,0.16347,48,0,10.8333,,0,0,0,0,0,0,0,0,0,,132,98,,0,0,0,0
1602450766784,9,1010123456042,74,,1,2,2,1,1,,21.1603,156,183705,0.209317,61,0,10.6667,,0,0,0,0,0,0,0,0,0,,161,120,,0,0,0,0
1602450767034,9,1010123456042,74,,1,2,2,1,1,,21.8252,143,183518,0.193735,54,0,11,,0,8,0,0,4,100,0,0,0,,161,110,,0,0,0,0
1602450767285,9,1010123456042,74,,1,2,2,1,1,,21.7524,105,183425,0.131232,37,0,11,,0,6,0,0.1,3,0,0,0,31,,122,82,,0,0,0,0
1602450767535,9,1010123456042,74,,1,2,2,1,1,,21.8478,138,183127,0.210528,59,0,11,,0,0,0,0,0,0,0,0,0,,167,112,,0,0,0,0
1602450767785,9,1010123456042,74,,1,2,2,1,1,,21.7114,149,183885,0.209248,59,0,11,,0,0,0,0,0,0,0,0,0,,155,120,,0,0,0,0
1602450768035,9,1010123456042,74,,1,2,2,1,1,,21.7518,141,183714,0.20304,57,0,11,,6.2,15,0,0.1,6,0,0,8.7421,31,,164,110,,0,0,0,2.33333
1602450768285,9,1010123456042,74,,1,2,2,1,1,,21.8702,131,183939,0.175392,49,0,11,,0,0,0,0,0,0,0,0,0,,140,102,,0,0,0,0
1602450768535,9,1010123456042,74,,1,2,2,1,1,,21.8182,176,183573,0.253152,71,0,11,,0,0,0,0,0,0,0,0,0,,173,140,,0,0,0,0
1602450768785,9,1010123456042,74,,1,2,2,1,1,,21.5932,118,184017,0.171808,49,0,11,,0,0,0,0,0,0,0,0,0,,138,100,,0,0,0,0
1602450769035,9,1010123456042,74,,1,2,2,1,1,,21.1795,117,183613,0.1672,49,0,11,,8.88235,34,0,0.1056,14,14.2857,0,8.93561,31,,134,92,,0,0,0,3.05882
1602450769285,9,1010123456042,74,,1,2,2,1,1,,21.0927,151,184572,0.20624,61,0,11,,0,0,0,0,0,0,0,0,0,,141,122,,0,0,0,0
1602450769535,9,1010123456042,74,,1,2,2,1,1,,20.9464,168,183363,0.224224,67,0,10.6667,,0,0,0,0,0,0,0,0,0,,163,138,,0,0,0,0
1602450769785,9,1010123456042,74,,1,2,2,1,1,,15.6497,157,183227,0.149216,61,0,9.6,,0,0,0,0,0,0,0,0,0,,154,124,,0,0,0,0
1602450770035,9,1010123456042,74,,1,2,2,1,1,,21.6127,142,184240,0.201248,57,0,11,,3.8,55,0,0.1,22,9.09091,0,7.98504,31,,149,116,,0,0,0,2.2
1602450770285,9,1010123456042,74,,1,2,2,1,1,,21.1525,118,183523,0.176512,52,0,11,,0,0,0,0,0,0,0,0,0,,162,100,,0,0,0,0
1602450770535,9,1010123456042,74,,1,2,2,1,1,,21.8873,142,183082,0.187648,52,0,11.25,,0,0,0,0,0,0,0,0,0,,159,112,,0,0,0,0
1602450770785,9,1010123456042,74,,1,2,2,1,1,,21.1395,129,183858,0.172704,51,0,10.5,,0,0,0,0,0,0,0,0,0,,154,98,,0,0,0,0
1602450771034,9,1010123456042,74,,1,2,2,1,1,,22.1333,165,183385,0.260209,71,0,11.4,,3.34783,46,0,0.1,19,21.0526,0,7.64711,31,,161,140,,0,0,0,2.63043
1602450771285,9,1010123456042,74,,1,2,2,1,1,,21.7687,160,183861,0.213632,60,0,11.2857,,0,0,0,0,0,0,0,0,0,,171,124,,0,0,0,0
1602450771534,9,1010123456042,74,,1,2,2,1,1,,26.6528,144,183560,0.294843,57,0,13.4,,0,0,0,0,0,0,0,0,0,,136,110,,0,0,0,0
1602450771785,9,1010123456042,74,,1,2,2,1,1,,25.8012,161,182735,0.305632,63,0,12.25,,0,0,0,0,0,0,0,0,0,,160,130,,0,0,0,0
1602450772034,9,1010123456042,74,,1,2,2,1,1,,23.2256,133,183769,0.221655,55,0,12.3333,,14.9508,61,0,0.1,25,72,0,8.35175,31,,150,104,,0,0,0,7.39344
1602450772284,9,1010123456042,74,,1,2,2,1,1,,25.5728,103,183743,0.177799,38,0,12.7143,,0,0,0,0,0,0,0,0,0,,112,84,,0,0,0,0
1602450772535,9,1010123456042,74,,1,2,2,1,1,,26.8447,103,183287,0.208192,42,0,13,,0,0,0,0,0,0,0,0,0,,136,82,,0,0,0,0
1602450772784,9,1010123456042,74,,1,2,2,1,1,,26.745,149,184311,0.308627,62,0,13,,0,0,0,0,0,0,0,0,0,,164,120,,0,0,0,0
1602450773034,9,1010123456042,74,,1,2,2,1,1,,26.694,134,183687,0.253398,51,0,13,,3.77778,63,0,0.1,24,20.8333,0,6.49081,31,,146,104,,0,0,0,3.28571
1602450773284,9,1010123456042,74,,1,2,2,1,1,,26.6857,140,183775,0.282378,57,0,13,,0,0,0,0,0,0,0,0,0,,173,114,,0,0,0,0
1602450773535,9,1010123456042,74,,1,2,2,1,1,,26.7143,119,183751,0.242592,49,0,13,,0,0,0,0,0,0,0,0,0,,134,96,,0,0,0,0
1602450773784,9,1010123456042,74,,1,2,2,1,1,,27.0455,154,184109,0.309462,60,0,13.3333,,0,0,0,0,0,0,0,0,0,,163,124,,0,0,0,0
1602450774035,9,1010123456042,74,,1,2,2,1,1,,26.791,134,184407,0.273984,54,0,13.4,,11.1429,7,0,0.1,3,0,0,12.5035,31,,151,108,,0,0,0,1.28571
1602450774285,9,1010123456042,74,,1,2,2,1,1,,27.1429,147,183247,0.327744,62,0,13.1667,,0,0,0,0,0,0,0,0,0,,165,122,,0,0,0,0
1602450774535,9,1010123456042,74,,1,2,2,1,1,,26.8276,116,183230,0.232256,46,0,11.3333,,0,0,0,0,0,0,0,0,0,,155,114,,0,0,0,0
1602450774785,9,1010123456042,74,,1,2,2,1,1,,26.9453,128,183525,0.266976,51,0,13.5,,0,0,0,0,0,0,0,0,0,,143,104,,0,0,0,0
1602450775048,8,1010123456042,74,,1,2,2,1,1,,15.5,10,180347,0.322951,61,0,13.8571,,0.1,171,0,0.1,7,14.2857,0,0.266759,31,,149,122,,0,0,0,9.36257
1602450775285,8,1010123456042,74,,1,2,2,1,1,,26.72,175,182918,0.354464,65,0,13.5,,0,0,0,0,0,0,0,0,0,,156,134,,0,0,0,0
1602450775535,8,1010123456042,74,,1,2,2,1,1,,26.938,129,184293,0.302176,59,0,13.6667,,0,0,0,0,0,0,0,0,0,,143,110,,0,0,0,0
1602450775785,8,1010123456042,74,,1,2,2,1,1,,27.7524,105,184021,0.238784,42,0,14,,0,0,0,0,0,0,0,0,0,,117,86,,0,0,0,0
1602450776035,8,1010123456042,74,,1,2,2,1,1,,27.8155,103,182774,0.217792,38,0,14,,14.2353,34,0,0.113024,13,30.7692,0,12.3783,31,,131,80,,0,0,0,4.61765
1602450776285,8,1010123456042,74,,1,2,2,1,1,,27.1034,145,183593,0.322304,60,0,13.7143,,0,0,0,0,0,0,0,0,0,,160,114,,0,0,0,0
1602450776535,8,1010123456042,74,,1,2,2,1,1,,27.2458,118,184533,0.257408,48,0,13.8333,,0,0,0,0,0,0,0,0,0,,127,94,,0,0,0,0
1602450776785,8,1010123456042,74,,1,2,2,1,1,,27.8447,103,184149,0.248288,43,0,14.1667,,0,0,0,0,0,0,0,0,0,,118,86,,0,0,0,0
1602450777035,8,1010123456042,74,,1,2,2,1,1,,27.9216,153,184433,0.349824,60,0,14.3333,,4.89655,29,0,0.1,12,8.33333,0,12.9759,31,,157,128,,0,0,0,1.62069
1602450777285,8,1010123456042,74,,1,2,2,1,1,,27.8523,176,183237,0.416384,72,0,14,,0,0,0,0,0,0,0,0,0,,169,144,,0,0,0,0
1602450777535,8,1010123456042,74,,1,2,2,1,1,,27.8298,141,183793,0.323456,56,0,14.1667,,0,0,0,0,0,0,0,0,0,,132,106,,0,0,0,0
1602450777784,8,1010123456042,74,,1,2,2,1,1,,27.8632,117,182662,0.257928,44,0,14.5,,0,0,0,0,0,0,0,0,0,,128,94,,0,0,0,0
1602450778034,8,1010123456042,74,,1,2,2,1,1,,27.8281,128,183937,0.305125,53,0,14,,7.70588,17,0,0.1,7,14.2857,0,6.18511,31,,145,100,,0,0,0,3.47059
1602450778284,8,1010123456042,74,,1,2,2,1,1,,27.6879,141,182762,0.306056,54,0,13.8571,,0,0,0,0,0,0,0,0,0,,149,114,,0,0,0,0
1602450778535,8,1010123456042,74,,1,2,2,1,1,,27.9299,157,184629,0.379424,65,0,14.1667,,0,0,0,0,0,0,0,0,0,,158,124,,0,0,0,0
1602450778784,8,1010123456042,74,,1,2,2,1,1,,27.8503,167,183261,0.382394,66,0,14,,0,0,0,0,0,0,0,0,0,,160,130,,0,0,0,0
1602450779034,8,1010123456042,74,,1,2,2,1,1,,27.8248,137,183845,0.306024,53,0,14,,6.7,40,0,0.1,17,35.2941,0,8.48108,31,,150,108,,0,0,0,4.225
1602450779284,8,1010123456042,74,,1,2,2,1,1,,27.5984,127,183833,0.279582,50,0,13.8333,,0,0,0,0,0,0,0,0,0,,143,102,,0,0,0,0
1602450779535,8,1010123456042,74,,1,2,2,1,1,,27.7899,138,183933,0.313952,55,0,14,,0,0,0,0,0,0,0,0,0,,161,114,,0,0,0,0
1602450779785,8,1010123456042,74,,1,2,2,1,1,,27.8217,157,184385,0.379968,66,0,14,,0,0,0,0,0,0,0,0,0,,153,126,,0,0,0,0
1602450780035,8,1010123456042,74,,1,2,2,1,1,,27.731,171,184113,0.374336,66,0,13.8333,,10.6842,19,0,0.1,8,50,0,6.78697,31,,143,136,,0,0,0,5.63158
1602450780285,8,1010123456042,74,,1,2,2,1,1,,27.9832,119,184273,0.289184,49,0,11.8,,0,0,0,0,0,0,0,0,0,,147,120,,0,0,0,0
1602450780535,8,1010123456042,74,,1,2,2,1,1,,27.6494,154,183573,0.359168,64,0,14.2,,0,0,0,0,0,0,0,0,0,,150,126,,0,0,0,0
1602450780784,8,1010123456042,74,,1,2,2,1,1,,22.8832,137,182838,0.244627,54,0,10.3333,,0,0,0,0,0,0,0,0,0,,157,138,,0,0,0,0
1602450781034,8,1010123456042,74,,1,2,2,1,1,,27.3355,152,183016,0.328771,61,0,13.5,,5.03571,56,0,0.1,23,34.7826,0,5.96201,31,,143,122,,0,0,0,4.17857
1602450781285,8,1010123456042,74,,1,2,2,1,1,,27.6763,139,183769,0.320416,57,0,14.1667,,0,0,0,0,0,0,0,0,0,,148,108,,0,0,0,0
1602450781535,8,1010123456042,74,,1,2,2,1,1,,27.7622,143,183665,0.323328,56,0,14,,0,0,0,0,0,0,0,0,0,,147,116,,0,0,0,0
1602450781785,8,1010123456042,74,,1,2,2,1,1,,27.4762,126,183945,0.279008,51,0,14,,0,0,0,0,0,0,0,0,0,,132,100,,0,0,0,0
1602450782035,8,1010123456042,74,,1,2,2,1,1,,27.7484,159,184509,0.357728,63,0,14.25,,5.9726,73,0,0.124928,29,24.1379,0,10.0487,31,,157,126,,0,0,0,3.49315
1602450782285,8,1010123456042,74,,1,2,2,1,1,,27.9072,97,183329,0.221376,38,0,14.25,,0,0,0,0,0,0,0,0,0,,92,78,,0,0,0,0
1602450782535,8,1010123456042,74,,1,2,2,1,1,,27.6242,157,184249,0.34384,61,0,13.75,,0,0,0,0,0,0,0,0,0,,148,124,,0,0,0,0
1602450782785,8,1010123456042,74,,1,2,2,1,1,,24.4203,138,184353,0.295552,60,0,12.3333,,0,0,0,0,0,0,0,0,0,,151,114,,0,0,0,0
1602450783035,8,1010123456042,74,,1,2,2,1,1,,27.5,156,183817,0.336,60,0,13.8,,15,12,0,0,4,100,0,3.33686,0,,149,124,,0,0,0,10
1602450783285,8,1010123456042,74,,1,2,2,1,1,,27.3629,124,182726,0.268832,49,0,13.75,,0.75,8,0,0.1,3,0,0,6.10315,31,,127,100,,0,0,0,1
1602450783535,8,1010123456042,74,,1,2,2,1,1,,27.6087,115,183693,0.261216,47,0,13.8,,0,0,0,0,0,0,0,0,0,,148,90,,0,0,0,0
1602450783785,8,1010123456042,74,,1,2,2,1,1,,27.7048,105,183389,0.232992,41,0,14.3333,,0,0,0,0,0,0,0,0,0,,152,86,,0,0,0,0
1602450784035,8,1010123456042,74,,1,2,2,1,1,,27.7939,165,183329,0.379072,66,0,14.3333,,7.5,20,0,0.1,7,0,0,10.8216,31,,149,134,,0,0,0,1.3
1602450784284,8,1010123456042,74,,1,2,2,1,1,,18.576,158,183485,0.246265,65,0,11.2857,,0,0,0,0,0,0,0,0,0,,152,124,,0,0,0,0
1602450784534,8,1010123456042,74,,1,2,2,1,1,,25.118,161,182958,0.338699,66,0,11.5,,0,0,0,0,0,0,0,0,0,,151,136,,0,0,0,0
1602450784785,8,1010123456042,74,,1,2,2,1,1,,27.6319,144,183158,0.335488,60,0,14.6,,0,0,0,0,0,0,0,0,0,,151,116,,0,0,0,0
1602450785035,8,1010123456042,74,,1,2,2,1,1,,27.8467,137,183174,0.32848,57,0,14.1667,,5.25,12,0,0.1,5,0,0,10.8548,31,,152,114,,0,0,0,1.25
1602450785284,8,1010123456042,74,,1,2,2,1,1,,27.8855,166,183305,0.380048,65,0,11.8,,0,0,0,0,0,0,0,0,0,,143,132,,0,0,0,0
1602450785534,8,1010123456042,74,,1,2,2,1,1,,27.6466,116,183505,0.265606,47,0,14.2,,0,0,0,0,0,0,0,0,0,,153,118,,0,0,0,0
1602450785785,8,1010123456042,74,,1,2,2,1,1,,27.8571,112,184373,0.255104,44,0,14,,0,0,0,0,0,0,0,0,0,,139,88,,0,0,0,0
1602450786035,8,1010123456042,74,,1,2,2,1,1,,27.873,126,183981,0.294752,51,0,14,,5.65625,32,0,0.1,13,15.3846,0,6.81234,31,,140,102,,0,0,0,3.0625
1602450786285,8,1010123456042,74,,1,2,2,1,1,,26.8947,152,184000,0.323712,60,0,12,,0,0,0,0,0,0,0,0,0,,157,148,,0,0,0,0
1602450786535,8,1010123456042,74,,1,2,2,1,1,,27.7941,170,183001,0.427712,74,0,13.8,,0,0,0,0,0,0,0,0,0,,162,142,,0,0,0,0
1602450786785,8,1010123456042,74,,1,2,2,1,1,,26.8652,141,184168,0.287328,55,0,13.6667,,0,0,0,0,0,0,0,0,0,,143,112,,0,0,0,0
1602450787035,8,1010123456042,74,,1,2,2,1,1,,27.5091,165,183005,0.35008,64,0,13.6667,,2,27,0,0.1,11,0,0,8.17043,31,,172,134,,0,0,0,1.2963
1602450787284,8,1010123456042,74,,1,2,2,1,1,,22.7626,139,183374,0.269044,58,0,12,,0,0,0,0,0,0,0,0,0,,130,118,,0,0,0,0
1602450787535,8,1010123456042,74,,1,2,2,1,1,,27.4932,148,183676,0.342176,61,0,13.75,,0,0,0,0,0,0,0,0,0,,144,114,,0,0,0,0
1602450787785,8,1010123456042,74,,1,2,2,1,1,,23.6713,143,184254,0.264928,55,0,12.4,,0,0,0,0,0,0,0,0,0,,128,110,,0,0,0,0
1602450788035,8,1010123456042,74,,1,2,2,1,1,,27.527,148,183982,0.339232,61,0,13.75,,8,49,0,0.1,21,57.1429,0,5.94147,31,,152,122,,0,0,0,6.04082
1602450788285,8,1010123456042,74,,1,2,2,1,1,,27.8764,178,183954,0.424992,73,0,14.1667,,0,0,0,0,0,0,0,0,0,,149,146,,0,0,0,0
1602450788535,8,1010123456042,74,,1,2,2,1,1,,27.8431,153,184322,0.370816,64,0,14,,0,0,0,0,0,0,0,0,0,,160,126,,0,0,0,0
1602450788785,8,1010123456042,74,,1,2,2,1,1,,27.3357,140,183782,0.295264,55,0,13.6667,,0,0,0,0,0,0,0,0,0,,138,112,,0,0,0,0
1602450789035,8,1010123456042,74,,1,2,2,1,1,,27.7886,175,184282,0.407776,71,0,14,,11.4545,44,0,0.13072,18,27.7778,0,9.8469,31,,153,142,,0,0,0,3.97727
1602450789285,8,1010123456042,74,,1,2,2,1,1,,27.8562,153,183368,0.342112,59,0,14.25,,0,0,0,0,0,0,0,0,0,,145,124,,0,0,0,0
1602450789535,8,1010123456042,74,,1,2,2,1,1,,27.7622,143,183589,0.331296,57,0,13.8,,0,0,0,0,0,0,0,0,0,,157,114,,0,0,0,0
1602450789785,8,1010123456042,74,,1,2,2,1,1,,27.64,150,183409,0.33344,60,0,13.8333,,0,0,0,0,0,0,0,0,0,,151,118,,0,0,0,0
1602450790035,8,1010123456042,74,,1,2,2,1,1,,27.8025,162,183889,0.361312,63,0,14,,7.75,8,0,0.1,3,0,0,15.9696,31,,149,126,,0,0,0,1
1602450790285,8,1010123456042,74,,1,2,2,1,1,,27.8831,154,184229,0.372608,64,0,14.25,,0,0,0,0,0,0,0,0,0,,171,126,,0,0,0,0
1602450790535,8,1010123456042,74,,1,2,2,1,1,,27.8451,142,184065,0.34624,60,0,14,,0,0,0,0,0,0,0,0,0,,145,116,,0,0,0,0
1602450790784,8,1010123456042,74,,1,2,2,1,1,,21.1008,129,183452,0.211759,53,0,11.8,,0,0,0,0,0,0,0,0,0,,148,122,,0,0,0,0
1602450791035,8,1010123456042,74,,1,2,2,1,1,,23.698,149,183493,0.267872,57,0,12.5,,5.36842,38,0,0.1,15,13.3333,0,6.7206,31,,169,128,,0,0,0,2.63158
1602450791284,8,1010123456042,74,,1,2,2,1,1,,23.91,100,183263,0.212145,43,0,12.3333,,0,0,0,0,0,0,0,0,0,,126,96,,0,0,0,0
1602450791534,8,1010123456042,74,,1,2,2,1,1,,18.2154,130,183794,0.170153,52,0,12,,0,0,0,0,0,0,0,0,0,,146,106,,0,0,0,0
1602450791784,8,1010123456042,74,,1,2,2,1,1,,27.6735,147,183522,0.339534,60,0,14,,12,3,0,0.1,1,0,0,15.9555,31,,144,120,,0,0,0,1
1602450792034,8,1010123456042,74,,1,2,2,1,1,,23.2422,161,183933,0.312996,64,0,12.2,,7.41176,34,0,0.1,14,28.5714,0,8.34409,31,,162,130,,0,0,0,4.08824
1602450792284,8,1010123456042,74,,1,2,2,1,1,,23.0625,160,183415,0.309398,66,0,11.8571,,0,0,0,0,0,0,0,0,0,,159,130,,0,0,0,0
1602450792535,8,1010123456042,74,,1,2,2,1,1,,27.406,133,183189,0.291616,53,0,13.6667,,0,0,0,0,0,0,0,0,0,,124,106,,0,0,0,0
1602450792784,8,1010123456042,74,,1,2,2,1,1,,27.5714,147,183268,0.310104,56,0,14,,0,0,0,0,0,0,0,0,0,,157,118,,0,0,0,0
1602450793035,8,1010123456042,74,,1,2,2,1,1,,27.4451,164,183688,0.37712,69,0,13.8333,,6.89474,57,0,0.100448,22,18.1818,0,11.0059,31,,152,134,,0,0,0,3.40351
1602450793285,8,1010123456042,74,,1,2,2,1,1,,27.113,177,183846,0.37232,71,0,13.5714,,0,0,0,0,0,0,0,0,0,,148,142,,0,0,0,0
1602450793535,8,1010123456042,74,,1,2,2,1,1,,26.9701,134,183408,0.29584,55,0,10.8,,0,0,0,0,0,0,0,0,0,,145,122,,0,0,0,0
1602450793785,8,1010123456042,74,,1,2,2,1,1,,24.2636,129,183385,0.231552,50,0,9.83333,,0,0,0,0,0,0,0,0,0,,151,114,,0,0,0,0
1602450794035,8,1010123456042,74,,1,2,2,1,1,,25.9906,106,184133,0.22368,42,0,11.1667,,6.15385,13,0,0.1,5,0,0,10.9508,31,,124,104,,0,0,0,1.53846
1602450794285,8,1010123456042,74,,1,2,2,1,1,,26.2518,139,183187,0.264768,52,0,12.2857,,0,0,0,0,0,0,0,0,0,,135,106,,0,0,0,0
1602450794535,8,1010123456042,74,,1,2,2,1,1,,25.6536,153,183541,0.309536,63,0,13.4,,0,0,0,0,0,0,0,0,0,,152,126,,0,0,0,0
1602450794785,8,1010123456042,74,,1,2,2,1,1,,26.7442,129,183843,0.286528,54,0,13,,0,0,0,0,0,0,0,0,0,,137,104,,0,0,0,0
1602450795035,8,1010123456042,74,,1,2,2,1,1,,27.4902,102,183911,0.226592,41,0,13.5,,10.7,10,0,0.1,4,0,0,17.6568,31,,110,84,,0,0,0,1.5
1602450795285,8,1010123456042,74,,1,2,2,1,1,,25.6222,135,184000,0.280576,54,0,12.1667,,0,0,0,0,0,0,0,0,0,,153,108,,0,0,0,0
1602450795535,8,1010123456042,74,,1,2,2,1,1,,26.6695,118,183255,0.266688,48,0,13,,0,0,0,0,0,0,0,0,0,,119,96,,0,0,0,0
1602450795785,8,1010123456042,74,,1,2,2,1,1,,25.9839,124,184309,0.244704,51,0,13.5,,0,0,0,0,0,0,0,0,0,,131,102,,0,0,0,0
1602450796035,8,1010123456042,74,,1,2,2,1,1,,27.5629,167,182950,0.367456,67,0,13.75,,7.75,12,0,0.1,5,0,0,13.2711,31,,155,138,,0,0,0,1.5
1602450796285,8,1010123456042,74,,1,2,2,1,1,,20.9205,176,183061,0.288288,69,0,11.6667,,0,0,0,0,0,0,0,0,0,,152,136,,0,0,0,0
1602450796535,8,1010123456042,74,,1,2,2,1,1,,27.8242,91,183728,0.218688,38,0,11.6667,,0,0,0,0,0,0,0,0,0,,145,86,,0,0,0,0
1602450796785,8,1010123456042,74,,1,2,2,1,1,,27.6543,162,184432,0.354144,63,0,13.8,,0,0,0,0,0,0,0,0,0,,149,128,,0,0,0,0
1602450797035,8,1010123456042,74,,1,2,2,1,1,,27.8605,129,183376,0.317536,55,0,14.1667,,9.33333,12,0,0.1,5,0,0,12.4372,31,,135,108,,0,0,0,1.83333
1602450797284,8,1010123456042,74,,1,2,2,1,1,,25.7818,165,184018,0.35804,68,0,13.2857,,0,0,0,0,0,0,0,0,0,,148,136,,0,0,0,0
1602450797534,8,1010123456042,74,,1,2,2,1,1,,27.9247,146,183742,0.340241,58,0,14,,0,0,0,0,0,0,0,0,0,,145,116,,0,0,0,0
1602450797785,8,1010123456042,74,,1,2,2,1,1,,27.8071,140,184202,0.309824,54,0,14,,0,0,0,0,0,0,0,0,0,,137,110,,0,0,0,0
1602450798035,8,1010123456042,74,,1,2,2,1,1,,27.8059,170,183754,0.390912,68,0,14.2,,3.71429,28,0,0.1,11,0,0,11.7721,31,,174,136,,0,0,0,1.42857
1602450798284,8,1010123456042,74,,1,2,2,1,1,,27.8836,146,183326,0.346185,59,0,14.1429,,0,0,0,0,0,0,0,0,0,,150,118,,0,0,0,0
1602450798534,8,1010123456042,74,,1,2,2,1,1,,27.925,160,183582,0.375004,64,0,14,,0,0,0,0,0,0,0,0,0,,156,126,,0,0,0,0
1602450798784,8,1010123456042,74,,1,2,2,1,1,,27.9026,154,182975,0.345285,59,0,14.4,,0,0,0,0,0,0,0,0,0,,143,120,,0,0,0,0
1602450799034,8,1010123456042,74,,1,2,2,1,1,,27.8493,146,184062,0.34853,60,0,14,,8.7,10,0,0.1,4,0,0,10.4681,31,,148,118,,0,0,0,3.6
1602450799285,8,1010123456042,74,,1,2,2,1,1,,27.8824,170,184042,0.377632,65,0,14,,0,0,0,0,0,0,0,0,0,,150,130,,0,0,0,0
1602450799535,8,1010123456042,74,,1,2,2,1,1,,27.7059,187,182763,0.407552,72,0,13.8333,,0,0,0,0,0,0,0,0,0,,175,148,,0,0,0,0
1602450799785,8,1010123456042,74,,1,2,2,1,1,,24.987,154,184533,0.336768,62,0,12.1667,,0,0,0,0,0,0,0,0,0,,153,122,,0,0,0,0
1602450800035,8,1010123456042,74,,1,2,2,1,1,,26.8983,118,183657,0.259232,49,0,14,,2.31579,38,0,0.1,17,0,0,8.69485,31,,140,96,,0,0,0,1.34211
1602450800285,8,1010123456042,74,,1,2,2,1,1,,27.8966,87,183197,0.197696,34,0,11.8333,,0,0,0,0,0,0,0,0,0,,142,92,,0,0,0,0
1602450800535,8,1010123456042,74,,1,2,2,1,1,,27.819,116,183735,0.271072,47,0,14.1667,,0,0,0,0,0,0,0,0,0,,150,92,,0,0,0,0
1602450800785,8,1010123456042,74,,1,2,2,1,1,,27.8551,138,183901,0.319328,55,0,14.3333,,0,0,0,0,0,0,0,0,0,,151,112,,0,0,0,0
1602450801035,8,1010123456042,74,,1,2,2,1,1,,27.6961,102,183991,0.232864,41,0,12.1667,,12.8261,46,0,0.103968,19,52.6316,0,9.13756,31,,124,94,,0,0,0,6.15217
1602450801285,8,1010123456042,74,,1,2,2,1,1,,27.7642,123,183863,0.292064,51,0,14,,0,0,0,0,0,0,0,0,0,,152,102,,0,0,0,0
1602450801535,8,1010123456042,74,,1,2,2,1,1,,27.616,125,183475,0.284,51,0,14,,0,0,0,0,0,0,0,0,0,,143,108,,0,0,0,0
1602450801785,8,1010123456042,74,,1,2,2,1,1,,27.6581,155,183077,0.3432,61,0,14.1667,,0,0,0,0,0,0,0,0,0,,153,124,,0,0,0,0
1602450802035,8,1010123456042,74,,1,2,2,1,1,,27.6233,146,183279,0.329568,59,0,14,,13.2727,11,0,0.1,4,25,0,10.807,31,,152,118,,0,0,0,4.27273
1602450802285,8,1010123456042,74,,1,2,2,1,1,,27.6797,128,184391,0.299424,53,0,14.1667,,0,0,0,0,0,0,0,0,0,,134,104,,0,0,0,0
1602450802535,8,1010123456042,74,,1,2,2,1,1,,27.7834,157,183493,0.3536,62,0,14.2,,0,0,0,0,0,0,0,0,0,,151,128,,0,0,0,0
1602450802785,8,1010123456042,74,,1,2,2,1,1,,27.7875,160,183641,0.373152,65,0,14,,0,0,0,0,0,0,0,0,0,,145,130,,0,0,0,0
1602450803034,8,1010123456042,74,,1,2,2,1,1,,27.5615,130,183285,0.2951,53,0,11.8333,,14.8462,52,0,0.179406,21,42.8571,0,12.6518,31,,143,128,,0,0,0,5.34615
1602450803285,8,1010123456042,74,,1,2,2,1,1,,27.797,133,184229,0.283808,49,0,14.1667,,0,0,0,0,0,0,0,0,0,,141,104,,0,0,0,0
1602450803535,8,1010123456042,74,,1,2,2,1,1,,27.9048,105,183941,0.260128,45,0,12,,0,0,0,0,0,0,0,0,0,,133,102,,0,0,0,0
1602450803785,8,1010123456042,74,,1,2,2,1,1,,27.7259,135,184665,0.297984,52,0,14.25,,0,0,0,0,0,0,0,0,0,,140,110,,0,0,0,0
1602450804034,8,1010123456042,74,,1,2,2,1,1,,27.3721,86,183277,0.203373,38,0,12,,13.4545,11,0,0.1,5,40,0,15.0269,31,,122,92,,0,0,0,4.45455
1602450804284,8,1010123456042,74,,1,2,2,1,1,,27.523,174,184365,0.390522,71,0,14,,0,0,0,0,0,0,0,0,0,,158,142,,0,0,0,0
1602450804535,8,1010123456042,74,,1,2,2,1,1,,27.7405,131,183449,0.2944,52,0,11.6667,,0,0,0,0,0,0,0,0,0,,154,130,,0,0,0,0
1602450804784,8,1010123456042,74,,1,2,2,1,1,,27.7474,95,182646,0.216867,38,0,12,,0,0,0,0,0,0,0,0,0,,130,96,,0,0,0,0
1602450805034,8,1010123456042,74,,1,2,2,1,1,,27.9091,121,184169,0.291791,50,0,12,,14,11,0,0.1,4,25,0,14.9112,31,,134,114,,0,0,0,3.90909
1602450805284,8,1010123456042,74,,1,2,2,1,1,,26.6449,138,183592,0.291438,53,0,13,,0,0,0,0,0,0,0,0,0,,133,114,,0,0,0,0
1602450805534,8,1010123456042,74,,1,2,2,1,1,,21.9067,150,184238,0.277108,61,0,12.5,,0,0,0,0,0,0,0,0,0,,140,120,,0,0,0,0
1602450805785,8,1010123456042,74,,1,2,2,1,1,,27.7468,154,183522,0.3536,62,0,14,,0,0,0,0,0,0,0,0,0,,145,124,,0,0,0,0
1602450806034,8,1010123456042,74,,1,2,2,1,1,,27.6205,166,183798,0.364755,65,0,14.2,,14,9,0,0.1,4,25,0,17.6182,31,,155,132,,0,0,0,3.22222
1602450806284,8,1010123456042,74,,1,2,2,1,1,,27.7333,135,184342,0.309269,54,0,12.4286,,0,0,0,0,0,0,0,0,0,,158,134,,0,0,0,0
1602450806535,8,1010123456042,74,,1,2,2,1,1,,27.7812,128,184090,0.299424,53,0,14,,0,0,0,0,0,0,0,0,0,,125,102,,0,0,0,0
1602450806785,8,1010123456042,74,,1,2,2,1,1,,27.7383,107,183818,0.256544,45,0,12.1667,,0,0,0,0,0,0,0,0,0,,135,106,,0,0,0,0
1602450807035,8,1010123456042,74,,1,2,2,1,1,,27.6604,106,183658,0.24112,43,0,12,,13.3,10,0,0.1,4,0,0,15.722,31,,134,106,,0,0,0,1
1602450807284,7,1010123456042,74,,1,2,2,1,1,,27.7963,162,183624,0.362763,63,0,14.1429,,0,0,0,0,0,0,0,0,0,,216,132,,0,0,0,0
1602450807535,7,1010123456042,74,,1,2,2,1,1,,27.6816,201,182851,0.455072,81,0,14,,0,0,0,0,0,0,0,0,0,,250,160,,0,0,0,0
1602450807785,7,1010123456042,74,,1,2,2,1,1,,27.54,150,182831,0.331008,60,0,14.1667,,0,0,0,0,0,0,0,0,0,,241,120,,0,0,0,0
1602450808035,7,1010123456042,74,,1,2,2,1,1,,27.4444,153,182827,0.327424,60,0,14,,12,12,0,0,4,100,0,3.80242,0,,219,122,,0,0,0,10
1602450808285,7,1010123456042,74,,1,2,2,1,1,,26.9653,202,184414,0.435296,83,0,13.7143,,12.3462,52,0,0.1,22,59.0909,0,7.83291,31,,219,160,,0,0,0,6.36538
1602450808535,7,1010123456042,74,,1,2,2,1,1,,27.6489,131,182899,0.262112,47,0,14,,0,0,0,0,0,0,0,0,0,,160,102,,0,0,0,0
1602450808785,7,1010123456042,74,,1,2,2,1,1,,27.7384,172,183507,0.4128,72,0,14,,0,0,0,0,0,0,0,0,0,,248,142,,0,0,0,0
1602450809035,7,1010123456042,74,,1,2,2,1,1,,27.604,149,184657,0.342848,62,0,14,,14,10,0,0,4,100,0,4.20669,0,,244,122,,0,0,0,10
1602450809285,7,1010123456042,74,,1,2,2,1,1,,27.2253,182,184253,0.391936,72,0,13.8571,,14.1304,46,0,0.1,17,64.7059,0,7.97862,31,,238,144,,0,0,0,7.36957
1602450809535,7,1010123456042,74,,1,2,2,1,1,,27.5348,187,183521,0.38896,71,0,14.1667,,0,0,0,0,0,0,0,0,0,,246,146,,0,0,0,0
1602450809785,7,1010123456042,74,,1,2,2,1,1,,27.3961,154,183449,0.338912,63,0,12,,0,0,0,0,0,0,0,0,0,,217,142,,0,0,0,0
1602450810034,7,1010123456042,74,,1,2,2,1,1,,27.7387,199,184345,0.45661,80,0,14,,9.25,48,0,0.1,20,45,0,9.48477,31,,242,156,,0,0,0,4.875
1602450810284,7,1010123456042,74,,1,2,2,1,1,,27.6646,164,184385,0.376643,67,0,14.1429,,0,0,0,0,0,0,0,0,0,,244,134,,0,0,0,0
1602450810535,7,1010123456042,74,,1,2,2,1,1,,27.8774,155,183142,0.358976,62,0,14,,0,0,0,0,0,0,0,0,0,,248,128,,0,0,0,0
1602450810785,7,1010123456042,74,,1,2,2,1,1,,27.5976,164,184109,0.358272,64,0,14.1667,,0,0,0,0,0,0,0,0,0,,227,124,,0,0,0,0
1602450811034,7,1010123456042,74,,1,2,2,1,1,,27.713,115,184633,0.271807,48,0,14.1667,,9.55555,36,0,0.1,15,53.3333,0,6.3824,31,,157,94,,0,0,0,6
1602450811285,7,1010123456042,74,,1,2,2,1,1,,27.7407,135,183897,0.307136,54,0,14,,0,0,0,0,0,0,0,0,0,,206,108,,0,0,0,0
1602450811534,7,1010123456042,74,,1,2,2,1,1,,27.7154,130,183909,0.283695,50,0,14,,0,0,0,0,0,0,0,0,0,,199,100,,0,0,0,0
1602450811784,7,1010123456042,74,,1,2,2,1,1,,27.1379,145,183010,0.289735,54,0,13.6667,,0,0,0,0,0,0,0,0,0,,172,118,,0,0,0,0
1602450812034,7,1010123456042,74,,1,2,2,1,1,,27.0503,159,184293,0.361799,69,0,13.5,,13.038,79,0,0.133301,31,67.7419,0,9.00676,31,,216,128,,0,0,0,7.11392
1602450812285,7,1010123456042,74,,1,2,2,1,1,,27.9017,173,183525,0.385344,66,0,14,,0,0,0,0,0,0,0,0,0,,240,138,,0,0,0,0
1602450812535,7,1010123456042,74,,1,2,2,1,1,,27.8081,198,184433,0.443296,77,0,13.8333,,0,0,0,0,0,0,0,0,0,,247,154,,0,0,0,0
1602450812785,7,1010123456042,74,,1,2,2,1,1,,27.7483,143,182826,0.333152,59,0,14,,0,0,0,0,0,0,0,0,0,,246,118,,0,0,0,0
1602450813035,7,1010123456042,74,,1,2,2,1,1,,27.8955,134,183297,0.32112,55,0,14.1667,,12.7059,17,0,0.1,6,66.6667,0,8.94463,31,,171,108,,0,0,0,7.52941
1602450813285,7,1010123456042,74,,1,2,2,1,1,,27.8779,131,184157,0.300672,52,0,14.1429,,0,0,0,0,0,0,0,0,0,,172,104,,0,0,0,0
1602450813535,7,1010123456042,74,,1,2,2,1,1,,27.5543,175,183571,0.398592,72,0,13.5,,0,0,0,0,0,0,0,0,0,,247,144,,0,0,0,0
1602450813785,7,1010123456042,74,,1,2,2,1,1,,27.687,115,184097,0.257984,46,0,14.1667,,0,0,0,0,0,0,0,0,0,,215,94,,0,0,0,0
1602450814035,7,1010123456042,74,,1,2,2,1,1,,27.7483,143,184281,0.34176,60,0,14.1667,,10.5517,29,0,0.1,12,25,0,12.293,31,,193,114,,0,0,0,3.68966
1602450814285,7,1010123456042,74,,1,2,2,1,1,,27.8075,161,182968,0.339424,59,0,14,,0,0,0,0,0,0,0,0,0,,220,130,,0,0,0,0
1602450814535,7,1010123456042,74,,1,2,2,1,1,,27.4913,173,183114,0.38544,69,0,13.8333,,4,3,0,0.1,1,0,0,8.74251,31,,216,134,,0,0,0,1
1602450814785,7,1010123456042,74,,1,2,2,1,1,,27.3984,123,183677,0.285728,53,0,13.8,,0,0,0,0,0,0,0,0,0,,207,98,,0,0,0,0
1602450815035,7,1010123456042,74,,1,2,2,1,1,,27.5409,159,183975,0.349792,63,0,11.8333,,8.32353,68,0,0.1,27,37.037,0,10.8909,31,,248,156,,0,0,0,4.57353
1602450815285,7,1010123456042,74,,1,2,2,1,1,,27.3967,184,183957,0.38112,70,0,13.5714,,0,0,0,0,0,0,0,0,0,,240,142,,0,0,0,0
1602450815535,7,1010123456042,74,,1,2,2,1,1,,27.3352,176,183909,0.379488,71,0,13.5,,0,0,0,0,0,0,0,0,0,,236,142,,0,0,0,0
1602450815785,7,1010123456042,74,,1,2,2,1,1,,27.2635,167,183094,0.367648,69,0,13.5,,0,0,0,0,0,0,0,0,0,,230,132,,0,0,0,0
1602450816034,7,1010123456042,74,,1,2,2,1,1,,26.8924,158,183297,0.326554,64,0,13.1667,,10.3636,55,0,0.1,22,45.4545,0,10.397,31,,239,128,,0,0,0,4.92727
1602450816285,7,1010123456042,74,,1,2,2,1,1,,26.7905,148,184125,0.302368,61,0,13.1429,,0,0,0,0,0,0,0,0,0,,242,124,,0,0,0,0
1602450816535,7,1010123456042,74,,1,2,2,1,1,,27.5899,178,183465,0.382208,68,0,13.8333,,0,0,0,0,0,0,0,0,0,,246,140,,0,0,0,0
1602450816784,7,1010123456042,74,,1,2,2,1,1,,27.8389,149,182942,0.341687,59,0,14,,0,0,0,0,0,0,0,0,0,,222,120,,0,0,0,0
1602450817035,7,1010123456042,74,,1,2,2,1,1,,27.8118,186,184361,0.44832,78,0,14,,15.1026,78,0,0.109568,31,70.9677,0,9.65067,31,,248,150,,0,0,0,7.11538
1602450817284,7,1010123456042,74,,1,2,2,1,1,,27.7543,175,183549,0.411502,72,0,13.8571,,0,0,0,0,0,0,0,0,0,,245,140,,0,0,0,0
1602450817535,7,1010123456042,74,,1,2,2,1,1,,27.8619,181,184345,0.433248,75,0,14,,0,0,0,0,0,0,0,0,0,,234,154,,0,0,0,0
1602450817784,7,1010123456042,74,,1,2,2,1,1,,27.8951,162,184657,0.368161,63,0,14,,0,0,0,0,0,0,0,0,0,,242,126,,0,0,0,0
1602450818034,7,1010123456042,74,,1,2,2,1,1,,27.4015,132,184509,0.301205,55,0,13.6667,,13.6235,85,0,0.1,35,85.7143,0,6.51552,31,,229,106,,0,0,0,8.62353
1602450818285,7,1010123456042,74,,1,2,2,1,1,,27.7731,141,183497,0.304288,53,0,13.8571,,0,0,0,0,0,0,0,0,0,,194,110,,0,0,0,0
1602450818534,7,1010123456042,74,,1,2,2,1,1,,27.6471,170,183357,0.377542,67,0,13.8333,,0,0,0,0,0,0,0,0,0,,244,136,,0,0,0,0
1602450818784,7,1010123456042,74,,1,2,2,1,1,,27.4943,174,183273,0.381847,69,0,13.8333,,0,0,0,0,0,0,0,0,0,,209,138,,0,0,0,0
1602450819034,7,1010123456042,74,,1,2,2,1,1,,26.9877,163,182898,0.350361,65,0,13.8333,,3.56863,51,0,0.1,21,19.0476,0,8.729,31,,207,128,,0,0,0,2.45098
1602450819285,7,1010123456042,74,,1,2,2,1,1,,27.7037,135,183469,0.313056,55,0,14,,0,0,0,0,0,0,0,0,0,,208,110,,0,0,0,0
1602450819535,7,1010123456042,74,,1,2,2,1,1,,27.6307,176,184153,0.397024,71,0,14,,0,0,0,0,0,0,0,0,0,,248,144,,0,0,0,0
1602450819784,7,1010123456042,74,,1,2,2,1,1,,27.7936,155,184273,0.377896,66,0,14,,0,0,0,0,0,0,0,0,0,,247,130,,0,0,0,0
1602450820035,7,1010123456042,74,,1,2,2,1,1,,27.6303,165,183429,0.352096,63,0,13.8333,,3.64286,56,0,0.1,21,19.0476,0,5.48216,31,,250,128,,0,0,0,2.92857
1602450820285,7,1010123456042,74,,1,2,2,1,1,,27.7877,179,183957,0.413696,72,0,14,,0,0,0,0,0,0,0,0,0,,247,142,,0,0,0,0
1602450820535,7,1010123456042,74,,1,2,2,1,1,,27.559,161,183385,0.355072,64,0,13.5,,0,0,0,0,0,0,0,0,0,,243,126,,0,0,0,0
1602450820785,7,1010123456042,74,,1,2,2,1,1,,27.2303,165,183971,0.35168,66,0,13.5,,0,0,0,0,0,0,0,0,0,,246,134,,0,0,0,0
1602450821035,7,1010123456042,74,,1,2,2,1,1,,27.7642,123,184053,0.268384,47,0,14,,5.2,40,0,0.1,17,11.7647,0,13.3106,31,,214,98,,0,0,0,1.95
1602450821285,7,1010123456042,74,,1,2,2,1,1,,27.7978,183,184373,0.422304,73,0,13.8571,,0,0,0,0,0,0,0,0,0,,239,144,,0,0,0,0
1602450821535,7,1010123456042,74,,1,2,2,1,1,,27.7515,169,184245,0.38464,68,0,14,,0,0,0,0,0,0,0,0,0,,250,134,,0,0,0,0
1602450821784,7,1010123456042,74,,1,2,2,1,1,,27.599,202,183265,0.452787,81,0,13.6667,,0,0,0,0,0,0,0,0,0,,239,164,,0,0,0,0
1602450822035,7,1010123456042,74,,1,2,2,1,1,,27.8278,180,183377,0.414592,72,0,14,,15,10,0,0,4,100,0,4.55416,0,,235,146,,0,0,0,10
1602450822284,7,1010123456042,74,,1,2,2,1,1,,27.7,180,183909,0.410345,72,0,13.7143,,0.1,7,0,0.1,3,0,0,9.57559,31,,205,144,,0,0,0,1
1602450822535,7,1010123456042,74,,1,2,2,1,1,,27,140,183585,0.311136,59,0,13.5,,0,0,0,0,0,0,0,0,0,,184,112,,0,0,0,0
1602450822785,7,1010123456042,74,,1,2,2,1,1,,27.6,175,183405,0.383392,69,0,14,,0,0,0,0,0,0,0,0,0,,239,138,,0,0,0,0
1602450823035,7,1010123456042,74,,1,2,2,1,1,,27.6954,174,184129,0.387872,69,0,14,,1.8,50,0,0.1,21,9.52381,0,7.1811,31,,251,144,,0,0,0,1.72
1602450823284,7,1010123456042,74,,1,2,2,1,1,,27.4124,177,183713,0.400739,73,0,13.7143,,0,0,0,0,0,0,0,0,0,,235,142,,0,0,0,0
1602450823534,7,1010123456042,74,,1,2,2,1,1,,27.1395,172,184305,0.355084,68,0,13.5,,0,0,0,0,0,0,0,0,0,,245,138,,0,0,0,0
1602450823784,7,1010123456042,74,,1,2,2,1,1,,27.4634,164,183377,0.371502,67,0,13.8333,,0,0,0,0,0,0,0,0,0,,250,130,,0,0,0,0
1602450824034,7,1010123456042,74,,1,2,2,1,1,,27.038,158,183485,0.324723,63,0,13.1667,,0,8,0,0,4,100,0,0,0,,229,128,,0,0,0,0
1602450824284,7,1010123456042,74,,1,2,2,1,1,,26.507,213,183941,0.41796,85,0,13,,2.12121,33,0,0.1,13,0,0,8.82946,31,,244,168,,0,0,0,1.27273
1602450824535,7,1010123456042,74,,1,2,2,1,1,,27.2353,170,183230,0.349248,66,0,13.3333,,0,0,0,0,0,0,0,0,0,,227,134,,0,0,0,0
1602450824784,7,1010123456042,74,,1,2,2,1,1,,27.2899,207,183989,0.437269,82,0,13.5,,0,0,0,0,0,0,0,0,0,,244,168,,0,0,0,0
1602450825035,7,1010123456042,74,,1,2,2,1,1,,27.0675,163,183617,0.36512,70,0,13.1667,,13.25,8,0,0.1,3,0,0,13.004,31,,212,132,,0,0,0,2.125
1602450825285,7,1010123456042,74,,1,2,2,1,1,,26.7486,183,183961,0.357984,71,0,13.1429,,0,0,0,0,0,0,0,0,0,,241,146,,0,0,0,0
1602450825535,7,1010123456042,74,,1,2,2,1,1,,26.8764,178,183114,0.36368,73,0,13,,0,0,0,0,0,0,0,0,0,,235,144,,0,0,0,0
1602450825785,7,1010123456042,74,,1,2,2,1,1,,26.4884,172,184505,0.32816,67,0,13,,0,0,0,0,0,0,0,0,0,,236,136,,0,0,0,0
1602450826035,7,1010123456042,74,,1,2,2,1,1,,26.088,159,183865,0.300384,63,0,13,,4.21053,57,0,0.1,23,17.3913,0,8.87985,31,,237,128,,0,0,0,3.03509
1602450826285,7,1010123456042,74,,1,2,2,1,1,,25.9686,191,184105,0.372416,78,0,13,,0,0,0,0,0,0,0,0,0,,235,156,,0,0,0,0
1602450826535,7,1010123456042,74,,1,2,2,1,1,,26.6474,173,183977,0.349792,71,0,13,,0,0,0,0,0,0,0,0,0,,225,136,,0,0,0,0
1602450826785,7,1010123456042,74,,1,2,2,1,1,,26.7619,168,184097,0.317696,64,0,13,,0,0,0,0,0,0,0,0,0,,244,132,,0,0,0,0
1602450827035,7,1010123456042,74,,1,2,2,1,1,,26.1379,145,183959,0.278592,58,0,13,,9.80952,21,0,0.1,10,40,0,9.51293,31,,221,120,,0,0,0,5.04762
1602450827285,7,1010123456042,74,,1,2,2,1,1,,26.6466,116,184097,0.243104,49,0,13,,0,0,0,0,0,0,0,0,0,,199,94,,0,0,0,0
1602450827535,7,1010123456042,74,,1,2,2,1,1,,26.8659,179,183393,0.363936,73,0,13,,0,0,0,0,0,0,0,0,0,,246,142,,0,0,0,0
1602450827785,7,1010123456042,74,,1,2,2,1,1,,26.7826,161,183337,0.328256,66,0,13,,0,0,0,0,0,0,0,0,0,,243,134,,0,0,0,0
1602450828035,7,1010123456042,74,,1,2,2,1,1,,26.6119,201,183162,0.369632,75,0,13,,3.7,40,0,0.1,16,0,0,13.6429,31,,232,156,,0,0,0,1
1602450828285,7,1010123456042,74,,1,2,2,1,1,,26.6909,165,182858,0.347584,70,0,13,,0,0,0,0,0,0,0,0,0,,235,138,,0,0,0,0
1602450828535,7,1010123456042,74,,1,2,2,1,1,,26.6622,148,182346,0.285248,58,0,13,,0,0,0,0,0,0,0,0,0,,204,122,,0,0,0,0
1602450828785,7,1010123456042,74,,1,2,2,1,1,,25.0852,176,184533,0.336832,74,0,12.3333,,0,0,0,0,0,0,0,0,0,,223,136,,0,0,0,0
1602450829035,7,1010123456042,74,,1,2,2,1,1,,25.7529,174,183214,0.323104,69,0,12.6667,,9.58823,17,0,0.1,7,0,0,13.7456,31,,241,140,,0,0,0,2.23529
1602450829285,7,1010123456042,74,,1,2,2,1,1,,24.9073,151,183722,0.26944,60,0,12.1429,,0,0,0,0,0,0,0,0,0,,250,122,,0,0,0,0
1602450829534,7,1010123456042,74,,1,2,2,1,1,,24.7584,149,184214,0.265767,60,0,12.3333,,0,0,0,0,0,0,0,0,0,,197,120,,0,0,0,0
1602450829784,7,1010123456042,74,,1,2,2,1,1,,24.1429,168,184064,0.293301,69,0,12.1667,,0,0,0,0,0,0,0,0,0,,247,136,,0,0,0,0
1602450830035,7,1010123456042,74,,1,2,2,1,1,,26.0176,170,184005,0.33376,70,0,12.6667,,2.70588,34,0,0.1,14,0,0,9.62463,31,,244,140,,0,0,0,1.05882
1602450830284,7,1010123456042,74,,1,2,2,1,1,,25.6875,128,183802,0.244819,52,0,12.5714,,0,0,0,0,0,0,0,0,0,,232,104,,0,0,0,0
1602450830534,7,1010123456042,74,,1,2,2,1,1,,25.7464,138,183197,0.255036,54,0,12.5,,0,0,0,0,0,0,0,0,0,,194,110,,0,0,0,0
1602450830785,7,1010123456042,74,,1,2,2,1,1,,24.9024,205,184022,0.350432,79,0,12.6667,,0,0,0,0,0,0,0,0,0,,250,158,,0,0,0,0
1602450831034,7,1010123456042,74,,1,2,2,1,1,,25.6763,173,183016,0.310811,66,0,12.4,,8.69697,33,0,0.1,13,15.3846,0,10.186,31,,234,136,,0,0,0,3.42424
1602450831284,7,1010123456042,74,,1,2,2,1,1,,24.3883,206,183801,0.360707,83,0,12.1429,,0,0,0,0,0,0,0,0,0,,241,166,,0,0,0,0
1602450831534,7,1010123456042,74,,1,2,2,1,1,,24.5116,129,184118,0.231357,53,0,12,,0,0,0,0,0,0,0,0,0,,227,104,,0,0,0,0
1602450831785,7,1010123456042,74,,1,2,2,1,1,,23.8,180,183670,0.305568,73,0,11.8333,,0,0,0,0,0,0,0,0,0,,241,148,,0,0,0,0
1602450832035,7,1010123456042,74,,1,2,2,1,1,,23.6241,133,183997,0.230016,56,0,11.8333,,6.63636,44,0,0.1,16,25,0,9.36112,31,,231,110,,0,0,0,3.5
1602450832285,7,1010123456042,74,,1,2,2,1,1,,21.5417,168,184170,0.224896,64,0,11.1429,,0,0,0,0,0,0,0,0,0,,235,134,,0,0,0,0
1602450832535,7,1010123456042,74,,1,2,2,1,1,,22.3861,158,184277,0.237664,63,0,11.3333,,0,0,0,0,0,0,0,0,0,,213,124,,0,0,0,0
1602450832785,7,1010123456042,74,,1,2,2,1,1,,23.4907,161,183360,0.257632,63,0,11.6667,,0,0,0,0,0,0,0,0,0,,234,134,,0,0,0,0
1602450833035,7,1010123456042,74,,1,2,2,1,1,,21.4886,131,183517,0.195328,56,0,11,,3.81081,37,0,0.1,15,0,0,10.3859,31,,204,106,,0,0,0,1.08108
1602450833285,7,1010123456042,74,,1,2,2,1,1,,22.4492,187,183902,0.276128,73,0,11.4286,,0,0,0,0,0,0,0,0,0,,240,144,,0,0,0,0
1602450833535,7,1010123456042,74,,1,2,2,1,1,,23.104,173,183888,0.28544,72,0,11.6667,,0,0,0,0,0,0,0,0,0,,235,146,,0,0,0,0
1602450833785,7,1010123456042,74,,1,2,2,1,1,,23.4329,164,184267,0.267968,66,0,11.6667,,0,0,0,0,0,0,0,0,0,,223,134,,0,0,0,0
1602450834035,7,1010123456042,74,,1,2,2,1,1,,22.5639,133,183696,0.199968,53,0,11.3333,,6.08696,46,0,0.1,18,22.2222,0,10.6809,31,,243,110,,0,0,0,3.34783
1602450834285,7,1010123456042,74,,1,2,2,1,1,,24.0357,168,183733,0.279232,66,0,11.7143,,0,0,0,0,0,0,0,0,0,,243,134,,0,0,0,0
1602450834535,7,1010123456042,74,,1,2,2,1,1,,24.4842,190,183957,0.338976,77,0,12,,0,0,0,0,0,0,0,0,0,,245,148,,0,0,0,0
1602450834784,7,1010123456042,74,,1,2,2,1,1,,24.3133,150,183278,0.244305,56,0,11.8333,,0,0,0,0,0,0,0,0,0,,220,122,,0,0,0,0
1602450835035,7,1010123456042,74,,1,2,2,1,1,,25.5948,153,183274,0.300192,65,0,12.5,,7.13043,23,0,0.1,9,0,0,11.6023,31,,245,120,,0,0,0,1
1602450835285,7,1010123456042,74,,1,2,2,1,1,,25.9481,154,184094,0.30464,64,0,12.7143,,0,0,0,0,0,0,0,0,0,,230,130,,0,0,0,0
1602450835535,7,1010123456042,74,,1,2,2,1,1,,25.7466,221,183081,0.404416,86,0,12.3333,,0,0,0,0,0,0,0,0,0,,242,174,,0,0,0,0
1602450835784,7,1010123456042,74,,1,2,2,1,1,,25.7032,155,184303,0.29812,63,0,12.5,,0,0,0,0,0,0,0,0,0,,226,124,,0,0,0,0
1602450836035,7,1010123456042,74,,1,2,2,1,1,,25.7772,184,183794,0.346688,74,0,12.6667,,5.55,40,0,0.1,16,0,0,12.3005,31,,250,148,,0,0,0,1.55
1602450836284,7,1010123456042,74,,1,2,2,1,1,,26.36,125,183607,0.249542,51,0,12.8571,,0,0,0,0,0,0,0,0,0,,202,100,,0,0,0,0
1602450836534,7,1010123456042,74,,1,2,2,1,1,,26.3741,147,183367,0.292627,60,0,13,,0,0,0,0,0,0,0,0,0,,219,120,,0,0,0,0
1602450836785,7,1010123456042,74,,1,2,2,1,1,,26.6576,184,182944,0.340768,69,0,13,,0,0,0,0,0,0,0,0,0,,222,140,,0,0,0,0
1602450837034,7,1010123456042,74,,1,2,2,1,1,,26.7459,122,184047,0.248353,50,0,13,,2.51282,39,0,0.1,16,0,0,9.01066,31,,195,100,,0,0,0,1
1602450837284,7,1010123456042,74,,1,2,2,1,1,,26.7429,175,183591,0.347952,70,0,13,,0,0,0,0,0,0,0,0,0,,244,140,,0,0,0,0
1602450837534,7,1010123456042,74,,1,2,2,1,1,,26.75,148,183487,0.293751,59,0,13,,0,0,0,0,0,0,0,0,0,,186,116,,0,0,0,0
1602450837785,7,1010123456042,74,,1,2,2,1,1,,25.5833,192,183399,0.368992,79,0,13,,0,0,0,0,0,0,0,0,0,,244,164,,0,0,0,0
1602450838035,7,1010123456042,74,,1,2,2,1,1,,26.1823,181,183112,0.349856,73,0,13,,13.8824,17,0,0.1,6,50,0,11.2311,31,,241,142,,0,0,0,5.88235
1602450838284,7,1010123456042,74,,1,2,2,1,1,,26.8902,173,184143,0.35608,71,0,13,,0,0,0,0,0,0,0,0,0,,210,138,,0,0,0,0
1602450838534,7,1010123456042,74,,1,2,2,1,1,,27.1135,141,184107,0.270908,52,0,13.1667,,0,0,0,0,0,0,0,0,0,,222,110,,0,0,0,0
1602450838785,7,1010123456042,74,,1,2,2,1,1,,26.6364,165,184153,0.330208,67,0,13,,0,0,0,0,0,0,0,0,0,,247,134,,0,0,0,0
1602450839034,7,1010123456042,74,,1,2,2,1,1,,26.8232,164,184447,0.332787,66,0,13.1667,,13,14,0,0.1,5,20,0,20.8565,31,,220,128,,0,0,0,2.92857
1602450839285,7,1010123456042,74,,1,2,2,1,1,,27.1121,116,184335,0.24032,46,0,13.1429,,0,0,0,0,0,0,0,0,0,,161,92,,0,0,0,0
1602450839535,7,1010123456042,74,,1,2,2,1,1,,27.5833,156,183347,0.355712,64,0,13.8333,,0,0,0,0,0,0,0,0,0,,239,130,,0,0,0,0
1602450839785,7,1010123456042,74,,1,2,2,1,1,,27.6241,133,184047,0.303936,54,0,13.6667,,0,0,0,0,0,0,0,0,0,,223,110,,0,0,0,0
1602450840035,7,1010123456042,74,,1,2,2,1,1,,26.9941,169,183251,0.362464,71,0,13.1667,,3.69565,23,0,0.1,9,0,0,6.85737,31,,222,140,,0,0,0,1.78261
1602450840285,7,1010123456042,74,,1,2,2,1,1,,27.0262,191,183120,0.378048,74,0,13.1429,,0,0,0,0,0,0,0,0,0,,243,150,,0,0,0,0
1602450840535,7,1010123456042,74,,1,2,2,1,1,,27.6726,168,183128,0.369984,66,0,14,,0,0,0,0,0,0,0,0,0,,219,134,,0,0,0,0
1602450840784,7,1010123456042,74,,1,2,2,1,1,,27.3304,112,183120,0.239165,44,0,13.5,,0,0,0,0,0,0,0,0,0,,213,88,,0,0,0,0
1602450841035,7,1010123456042,74,,1,2,2,1,1,,27.1358,162,184195,0.350656,66,0,13.6667,,15.1325,83,0,0.12352,33,72.7273,0,9.30984,31,,245,128,,0,0,0,7.59036
1602450841285,7,1010123456042,74,,1,2,2,1,1,,27.7007,137,183361,0.322208,57,0,13.8571,,0,0,0,0,0,0,0,0,0,,196,110,,0,0,0,0
1602450841535,7,1010123456042,74,,1,2,2,1,1,,27.9008,131,184193,0.296544,51,0,14,,0,0,0,0,0,0,0,0,0,,181,104,,0,0,0,0
1602450841785,7,1010123456042,74,,1,2,2,1,1,,27.7973,148,183601,0.344448,60,0,14,,0,0,0,0,0,0,0,0,0,,245,124,,0,0,0,0
1602450842035,7,1010123456042,74,,1,2,2,1,1,,27.0403,149,184077,0.32624,63,0,13.3333,,14,12,0,0,4,100,0,5.21248,0,,199,120,,0,0,0,10
1602450842285,7,1010123456042,74,,1,2,2,1,1,,27.4276,145,183421,0.294848,54,0,13.7143,,0.1,14,0,0.1,5,0,0,9.46119,31,,211,112,,0,0,0,1
1602450842534,7,1010123456042,74,,1,2,2,1,1,,27.6577,149,183234,0.332691,59,0,13.8333,,0,0,0,0,0,0,0,0,0,,245,120,,0,0,0,0
1602450842785,7,1010123456042,74,,1,2,2,1,1,,27.6641,131,183150,0.294944,53,0,13.8333,,0,0,0,0,0,0,0,0,0,,251,104,,0,0,0,0
1602450843035,7,1010123456042,74,,1,2,2,1,1,,27.75,136,183845,0.313056,55,0,14,,9.14286,7,0,0.1,3,0,0,19.6506,31,,216,106,,0,0,0,1
1602450843284,7,1010123456042,74,,1,2,2,1,1,,27.3684,152,183897,0.313092,57,0,13.7143,,0,0,0,0,0,0,0,0,0,,240,120,,0,0,0,0
1602450843534,7,1010123456042,74,,1,2,2,1,1,,27.4524,168,183713,0.396948,71,0,13.6667,,0,0,0,0,0,0,0,0,0,,222,138,,0,0,0,0
1602450843785,7,1010123456042,74,,1,2,2,1,1,,27.1412,177,184121,0.352896,68,0,13.3333,,0,0,0,0,0,0,0,0,0,,239,140,,0,0,0,0
1602450844034,7,1010123456042,74,,1,2,2,1,1,,27.5057,176,184081,0.387277,70,0,13.5,,13.6111,72,0,0.113606,30,70,0,9.99825,31,,244,138,,0,0,0,7.13889
1602450844285,7,1010123456042,74,,1,2,2,1,1,,27.1529,170,184573,0.366016,70,0,13.4286,,0,0,0,0,0,0,0,0,0,,238,138,,0,0,0,0
1602450844535,7,1010123456042,74,,1,2,2,1,1,,26.7326,172,183973,0.351904,69,0,13,,0,0,0,0,0,0,0,0,0,,200,138,,0,0,0,0
1602450844785,7,1010123456042,74,,1,2,2,1,1,,26.9947,188,183493,0.388192,75,0,13.3333,,0,0,0,0,0,0,0,0,0,,226,152,,0,0,0,0
1602450845035,7,1010123456042,74,,1,2,2,1,1,,27.5645,124,183549,0.27216,49,0,13.6667,,5.16923,65,0,0.1,26,30.7692,0,7.55644,31,,234,102,,0,0,0,3.76923
1602450845285,7,1010123456042,74,,1,2,2,1,1,,27.6284,183,184277,0.415552,74,0,13.7143,,0,0,0,0,0,0,0,0,0,,244,142,,0,0,0,0
1602450845535,7,1010123456042,74,,1,2,2,1,1,,26.5,176,183747,0.344096,69,0,13.1667,,0,0,0,0,0,0,0,0,0,,223,140,,0,0,0,0
1602450845785,7,1010123456042,74,,1,2,2,1,1,,27.8089,157,183971,0.373536,65,0,14,,0,0,0,0,0,0,0,0,0,,227,128,,0,0,0,0
1602450846035,7,1010123456042,74,,1,2,2,1,1,,27.768,125,184061,0.280864,49,0,11.8333,,8.69697,66,0,0.1,26,42.3077,0,9.10429,31,,243,126,,0,0,0,4.95455
1602450846285,7,1010123456042,74,,1,2,2,1,1,,27.5808,167,183881,0.379232,67,0,13.7143,,0,0,0,0,0,0,0,0,0,,231,136,,0,0,0,0
1602450846535,7,1010123456042,74,,1,2,2,1,1,,27.6038,159,183066,0.3552,64,0,14,,0,0,0,0,0,0,0,0,0,,224,128,,0,0,0,0
1602450846785,7,1010123456042,74,,1,2,2,1,1,,27.7365,148,183042,0.324896,57,0,14,,0,0,0,0,0,0,0,0,0,,235,116,,0,0,0,0
1602450847035,7,1010123456042,74,,1,2,2,1,1,,27.6497,177,183827,0.405376,72,0,13.8333,,10.8889,9,0,0.1,4,0,0,13.9718,31,,227,142,,0,0,0,2.55556
1602450847285,7,1010123456042,74,,1,2,2,1,1,,27.3118,170,182834,0.349728,65,0,13.5714,,0,0,0,0,0,0,0,0,0,,242,134,,0,0,0,0
1602450847535,7,1010123456042,74,,1,2,2,1,1,,27.8057,175,183333,0.413696,72,0,14,,0,0,0,0,0,0,0,0,0,,225,142,,0,0,0,0
1602450847785,7,1010123456042,74,,1,2,2,1,1,,27.8765,170,184205,0.395392,68,0,14.3333,,0,0,0,0,0,0,0,0,0,,250,138,,0,0,0,0
1602450848035,7,1010123456042,74,,1,2,2,1,1,,27.7828,198,183501,0.453344,79,0,14,,4.57447,47,0,0.1,19,21.0526,0,10.3749,31,,246,154,,0,0,0,2.53191
1602450848284,7,1010123456042,74,,1,2,2,1,1,,27.5852,135,182714,0.295229,53,0,14,,0,0,0,0,0,0,0,0,0,,194,112,,0,0,0,0
1602450848534,7,1010123456042,74,,1,2,2,1,1,,27.5106,141,184361,0.345671,63,0,14.1667,,0,0,0,0,0,0,0,0,0,,244,120,,0,0,0,0
1602450848784,7,1010123456042,74,,1,2,2,1,1,,27.7515,169,182774,0.372851,65,0,14.1667,,0,0,0,0,0,0,0,0,0,,236,136,,0,0,0,0
1602450849034,7,1010123456042,74,,1,2,2,1,1,,27.8727,165,183114,0.360418,62,0,14,,2.41667,36,0,0.1,15,0,0,9.64951,31,,245,124,,0,0,0,1.08333
1602450849285,7,1010123456042,74,,1,2,2,1,1,,27.75,140,183269,0.337632,59,0,14,,0,0,0,0,0,0,0,0,0,,214,114,,0,0,0,0
1602450849534,7,1010123456042,74,,1,2,2,1,1,,27.8276,174,184405,0.393382,68,0,14.3333,,0,0,0,0,0,0,0,0,0,,245,134,,0,0,0,0
1602450849784,7,1010123456042,74,,1,2,2,1,1,,27.7727,176,183529,0.393382,68,0,14,,0,0,0,0,0,0,0,0,0,,206,142,,0,0,0,0
1602450850034,7,1010123456042,74,,1,2,2,1,1,,27.622,127,183625,0.301173,54,0,14,,4.18605,43,0,0.1,17,5.88235,0,10.7106,31,,198,100,,0,0,0,1.48837
1602450850285,7,1010123456042,74,,1,2,2,1,1,,27.809,178,184069,0.374944,65,0,14.1429,,0,0,0,0,0,0,0,0,0,,242,142,,0,0,0,0
1602450850534,7,1010123456042,74,,1,2,2,1,1,,27.8182,154,184645,0.382394,66,0,14.1667,,0,0,0,0,0,0,0,0,0,,219,124,,0,0,0,0
1602450850785,7,1010123456042,74,,1,2,2,1,1,,27.6341,164,183341,0.373952,66,0,13.8333,,0,0,0,0,0,0,0,0,0,,225,132,,0,0,0,0
1602450851034,7,1010123456042,74,,1,2,2,1,1,,27.7389,180,183649,0.410859,72,0,13.8333,,14.8571,63,0,0.131213,25,64,0,10.4397,31,,239,146,,0,0,0,6.79365
1602450851285,7,1010123456042,74,,1,2,2,1,1,,27.5524,143,182934,0.303552,54,0,13.7143,,0,0,0,0,0,0,0,0,0,,205,110,,0,0,0,0
1602450851535,7,1010123456042,74,,1,2,2,1,1,,27.5359,153,183637,0.355616,65,0,13.8333,,0,0,0,0,0,0,0,0,0,,224,128,,0,0,0,0
1602450851785,7,1010123456042,74,,1,2,2,1,1,,27.8514,175,183162,0.404544,70,0,14,,0,0,0,0,0,0,0,0,0,,250,136,,0,0,0,0
1602450852034,7,1010123456042,74,,1,2,2,1,1,,27.7159,176,183553,0.407261,72,0,14,,13.4286,7,0,0.1,3,0,0,18.7546,31,,243,146,,0,0,0,1
1602450852285,7,1010123456042,74,,1,2,2,1,1,,27.8043,184,183491,0.4232,73,0,13.8571,,0,0,0,0,0,0,0,0,0,,238,148,,0,0,0,0
1602450852535,7,1010123456042,74,,1,2,2,1,1,,27.4968,155,184223,0.358176,65,0,13.6667,,0,0,0,0,0,0,0,0,0,,187,128,,0,0,0,0
1602450852785,7,1010123456042,74,,1,2,2,1,1,,27.2516,155,184115,0.326432,61,0,13.5,,0,0,0,0,0,0,0,0,0,,222,124,,0,0,0,0
1602450853035,7,1010123456042,74,,1,2,2,1,1,,27.8231,147,183829,0.333504,58,0,14,,3.35135,37,0,0.1,15,0,0,10.1359,31,,238,118,,0,0,0,1
1602450853285,7,1010123456042,74,,1,2,2,1,1,,27.6623,154,183214,0.363136,64,0,13.7143,,0,0,0,0,0,0,0,0,0,,224,124,,0,0,0,0
1602450853535,7,1010123456042,74,,1,2,2,1,1,,27.1691,136,184165,0.310368,59,0,13.3333,,0,0,0,0,0,0,0,0,0,,219,114,,0,0,0,0
1602450853785,7,1010123456042,74,,1,2,2,1,1,,27.0083,120,183231,0.247008,47,0,13.5,,0,0,0,0,0,0,0,0,0,,160,102,,0,0,0,0
1602450854035,7,1010123456042,74,,1,2,2,1,1,,26.2632,133,183881,0.27792,57,0,13.1667,,11.4737,38,0,0.1,16,37.5,0,13.3178,31,,241,108,,0,0,0,5.28947
1602450854285,7,1010123456042,74,,1,2,2,1,1,,26.2108,166,183829,0.338336,69,0,13.1429,,0,0,0,0,0,0,0,0,0,,188,136,,0,0,0,0
1602450854535,7,1010123456042,74,,1,2,2,1,1,,25.2946,112,183453,0.197344,43,0,13,,0,0,0,0,0,0,0,0,0,,170,90,,0,0,0,0
1602450854784,7,1010123456042,74,,1,2,2,1,1,,25.2482,137,183022,0.248739,54,0,13.3333,,0,0,0,0,0,0,0,0,0,,197,108,,0,0,0,0
1602450855034,7,1010123456042,74,,1,2,2,1,1,,25.5503,189,183993,0.332562,71,0,13.1667,,13.5938,64,0,0.111936,28,67.8571,0,9.66719,31,,235,146,,0,0,0,7.34375
1602450855285,7,1010123456042,74,,1,2,2,1,1,,25.9368,174,184129,0.347552,73,0,13,,0,0,0,0,0,0,0,0,0,,240,138,,0,0,0,0
1602450855534,7,1010123456042,74,,1,2,2,1,1,,26.9136,162,183953,0.334651,64,0,13.3333,,0,0,0,0,0,0,0,0,0,,226,130,,0,0,0,0
1602450855785,7,1010123456042,74,,1,2,2,1,1,,26.3776,143,183885,0.285888,58,0,13.3333,,0,0,0,0,0,0,0,0,0,,212,116,,0,0,0,0
1602450856034,7,1010123456042,74,,1,2,2,1,1,,26.2708,192,184153,0.367904,75,0,13.1667,,5.1,40,0,0.1,16,6.25,0,13.4906,31,,246,152,,0,0,0,2.025
1602450856284,7,1010123456042,74,,1,2,2,1,1,,25.9326,178,183865,0.350651,74,0,13,,0,0,0,0,0,0,0,0,0,,241,144,,0,0,0,0
1602450856534,7,1010123456042,74,,1,2,2,1,1,,26.1304,161,184617,0.308177,64,0,13,,0,0,0,0,0,0,0,0,0,,240,128,,0,0,0,0
1602450856784,7,1010123456042,74,,1,2,2,1,1,,25.8116,207,184521,0.376386,79,0,13,,0,0,0,0,0,0,0,0,0,,234,162,,0,0,0,0
1602450857035,7,1010123456042,74,,1,2,2,1,1,,25.6908,152,184233,0.306752,66,0,12.8333,,4.5,24,0,0.1,10,0,0,11.0927,31,,231,126,,0,0,0,1.625
1602450857284,7,1010123456042,74,,1,2,2,1,1,,26.0206,194,184481,0.372369,78,0,12.8571,,0,0,0,0,0,0,0,0,0,,233,156,,0,0,0,0
1602450857534,7,1010123456042,74,,1,2,2,1,1,,26.9157,178,183913,0.341462,68,0,13,,0,0,0,0,0,0,0,0,0,,242,140,,0,0,0,0
1602450857784,7,1010123456042,74,,1,2,2,1,1,,26.7941,170,183577,0.349494,70,0,12.8333,,0,0,0,0,0,0,0,0,0,,246,138,,0,0,0,0
1602450858035,7,1010123456042,74,,1,2,2,1,1,,25.9315,146,183869,0.265728,56,0,12.5,,0,8,0,0,4,100,0,0,0,,240,116,,0,0,0,0
1602450858285,7,1010123456042,74,,1,2,2,1,1,,26.7806,196,183463,0.401312,81,0,12.8333,,6.2,5,0,0.1,2,0,0,15.2919,31,,246,158,,0,0,0,1.6
1602450858535,7,1010123456042,74,,1,2,2,1,1,,25.4425,174,183553,0.323392,70,0,12.5,,0,0,0,0,0,0,0,0,0,,239,142,,0,0,0,0
1602450858785,7,1010123456042,74,,1,2,2,1,1,,25.2183,142,184151,0.253664,55,0,12.3333,,0,0,0,0,0,0,0,0,0,,231,116,,0,0,0,0
1602450859035,7,1010123456042,74,,1,2,2,1,1,,26.1782,174,183968,0.338784,71,0,12.8333,,6.0625,32,0,0.1,13,0,0,12.7133,31,,250,140,,0,0,0,1.71875
1602450859285,7,1010123456042,74,,1,2,2,1,1,,26.2749,171,183886,0.354464,73,0,12.7143,,0,0,0,0,0,0,0,0,0,,229,138,,0,0,0,0
1602450859535,7,1010123456042,74,,1,2,2,1,1,,26.6213,169,184052,0.315904,64,0,13,,0,0,0,0,0,0,0,0,0,,215,132,,0,0,0,0
1602450859785,7,1010123456042,74,,1,2,2,1,1,,26.8803,142,184038,0.294624,59,0,13,,0,0,0,0,0,0,0,0,0,,234,114,,0,0,0,0
1602450860035,7,1010123456042,74,,1,2,2,1,1,,26.774,208,184140,0.407616,82,0,13,,4.23684,38,0,0.1,15,0,0,12.8437,31,,244,170,,0,0,0,1.68421
1602450860285,7,1010123456042,74,,1,2,2,1,1,,26.8836,146,182839,0.275552,55,0,13,,0,0,0,0,0,0,0,0,0,,226,112,,0,0,0,0
1602450860535,7,1010123456042,74,,1,2,2,1,1,,26.1311,183,183540,0.370208,77,0,12.6667,,0,0,0,0,0,0,0,0,0,,243,148,,0,0,0,0
1602450860785,7,1010123456042,74,,1,2,2,1,1,,26.0904,166,183562,0.336064,70,0,12.6667,,0,0,0,0,0,0,0,0,0,,238,138,,0,0,0,0
1602450861035,7,1010123456042,74,,1,2,2,1,1,,25.6359,195,182712,0.337536,72,0,12.5,,6.6,20,0,0.1,8,0,0,13.3544,31,,240,154,,0,0,0,1.65
1602450861285,7,1010123456042,74,,1,2,2,1,1,,24.9633,191,183824,0.365344,81,0,12,,0,0,0,0,0,0,0,0,0,,247,152,,0,0,0,0
1602450861535,7,1010123456042,74,,1,2,2,1,1,,24.4973,185,184127,0.304192,70,0,12,,0,0,0,0,0,0,0,0,0,,243,148,,0,0,0,0
1602450861785,7,1010123456042,74,,1,2,2,1,1,,24.4815,135,183887,0.263424,60,0,11.8333,,0,0,0,0,0,0,0,0,0,,195,112,,0,0,0,0
1602450862034,7,1010123456042,74,,1,2,2,1,1,,24.775,160,183925,0.275598,62,0,12,,5.02941,34,0,0.1,13,7.69231,0,12.0454,31,,239,128,,0,0,0,1.79412
1602450862284,7,1010123456042,74,,1,2,2,1,1,,23.1356,177,183711,0.286972,72,0,11.2857,,0,0,0,0,0,0,0,0,0,,212,148,,0,0,0,0
1602450862535,7,1010123456042,74,,1,2,2,1,1,,22.9355,186,183601,0.304064,78,0,11.5,,0,0,0,0,0,0,0,0,0,,239,148,,0,0,0,0
1602450862785,7,1010123456042,74,,1,2,2,1,1,,23.3011,176,183809,0.26784,66,0,11.5,,0,0,0,0,0,0,0,0,0,,227,138,,0,0,0,0
1602450863034,7,1010123456042,74,,1,2,2,1,1,,24.5767,163,183776,0.297382,68,0,12,,11.8182,11,0,0.1,4,0,0,14.4944,31,,244,130,,0,0,0,1
1602450863285,7,1010123456042,74,,1,2,2,1,1,,24.3148,162,183893,0.268096,62,0,11.8571,,0,0,0,0,0,0,0,0,0,,239,130,,0,0,0,0
1602450863535,7,1010123456042,74,,1,2,2,1,1,,24.7368,190,183988,0.328768,74,0,12,,0,0,0,0,0,0,0,0,0,,248,148,,0,0,0,0
1602450863785,7,1010123456042,74,,1,2,2,1,1,,25.5765,170,184023,0.331232,71,0,12.5,,0,0,0,0,0,0,0,0,0,,224,142,,0,0,0,0
1602450864034,7,1010123456042,74,,1,2,2,1,1,,24.8095,168,183455,0.317783,71,0,12.2,,7.125,24,0,0.1,10,0,0,16.3441,31,,238,136,,0,0,0,1.16667
1602450864285,6,1010123456042,74,,1,2,2,1,1,,26.2736,201,183070,0.37728,78,0,12.7143,,0,0,0,0,0,0,0,0,0,,237,162,,0,0,0,0
1602450864535,7,1010123456042,74,,1,2,2,1,1,,26.8316,190,184213,0.397824,80,0,13,,0,0,0,0,0,0,0,0,0,,248,156,,0,0,0,0
1602450864785,7,1010123456042,74,,1,2,2,1,1,,26.6403,139,183325,0.256896,52,0,13,,0,0,0,0,0,0,0,0,0,,186,108,,0,0,0,0
1602450865034,7,1010123456042,74,,1,2,2,1,1,,25.9487,156,184309,0.30988,65,0,13,,14.1818,11,0,0.1,4,25,0,13.8165,31,,210,128,,0,0,0,4
1602450865285,7,1010123456042,74,,1,2,2,1,1,,26.8462,104,183715,0.203936,41,0,13,,0,0,0,0,0,0,0,0,0,,151,84,,0,0,0,0
1602450865535,6,1010123456042,74,,1,2,2,1,1,,26.9453,201,184285,0.403552,79,0,13.1667,,0,0,0,0,0,0,0,0,0,,245,160,,0,0,0,0
1602450865785,6,1010123456042,74,,1,2,2,1,1,,26.7593,162,183277,0.325952,66,0,13,,0,0,0,0,0,0,0,0,0,,218,128,,0,0,0,0
1602450866035,6,1010123456042,74,,1,2,2,1,1,,26.7178,202,183737,0.401376,79,0,13.1667,,15.1538,13,0,0.1,5,20,0,14.226,31,,229,162,,0,0,0,3.46154
1602450866285,6,1010123456042,74,,1,2,2,1,1,,26.9587,218,182722,0.46352,89,0,13.4286,,0,0,0,0,0,0,0,0,0,,247,176,,0,0,0,0
1602450866535,6,1010123456042,74,,1,2,2,1,1,,27.1576,184,183733,0.39088,75,0,13.4,,0,0,0,0,0,0,0,0,0,,221,150,,0,0,0,0
1602450866785,6,1010123456042,74,,1,2,2,1,1,,26.8037,163,183885,0.3272,65,0,13,,0,0,0,0,0,0,0,0,0,,196,130,,0,0,0,0
1602450867035,6,1010123456042,74,,1,2,2,1,1,,27.386,171,184049,0.364512,67,0,13.6667,,5.60976,41,0,0.1,17,23.5294,0,9.4649,31,,238,136,,0,0,0,2.92683
1602450867285,6,1010123456042,74,,1,2,2,1,1,,26.8345,145,183841,0.303456,59,0,13,,0,0,0,0,0,0,0,0,0,,189,114,,0,0,0,0
1602450867535,6,1010123456042,74,,1,2,2,1,1,,25.6741,135,184621,0.258944,52,0,11.6,,0,0,0,0,0,0,0,0,0,,156,110,,0,0,0,0
1602450867785,6,1010123456042,74,,1,2,2,1,1,,25.1881,218,183993,0.391264,88,0,13,,0,0,0,0,0,0,0,0,0,,226,174,,0,0,0,0
1602450868035,7,1010123456042,74,,1,2,2,1,1,,26.6771,192,183625,0.399776,81,0,13,,6.14754,61,0,0.1,24,33.3333,0,8.00809,31,,223,158,,0,0,0,4.11475
1602450868285,7,1010123456042,74,,1,2,2,1,1,,26.6729,107,184513,0.184352,37,0,13,,0,0,0,0,0,0,0,0,0,,150,86,,0,0,0,0
1602450868534,8,1010123456042,74,,1,2,2,1,1,,26.5931,145,184473,0.305542,62,0,13,,0,0,0,0,0,0,0,0,0,,199,114,,0,0,0,0
1602450868784,6,1010123456042,74,,1,2,2,1,1,,26.6591,132,183585,0.266474,54,0,13,,0,0,0,0,0,0,0,0,0,,224,108,,0,0,0,0
1602450869035,6,1010123456042,74,,1,2,2,1,1,,26.28,100,184607,0.21312,44,0,11,,2.4902,51,0,0.1,21,4.7619,0,8.72243,31,,125,84,,0,0,0,1.4902
1602450869284,6,1010123456042,74,,1,2,2,1,1,,26.5487,113,183654,0.221847,45,0,12.8571,,0,0,0,0,0,0,0,0,0,,115,90,,0,0,0,0
1602450869535,6,1010123456042,74,,1,2,2,1,1,,26.5361,194,183398,0.372352,76,0,13,,0,0,0,0,0,0,0,0,0,,231,158,,0,0,0,0
1602450869785,6,1010123456042,74,,1,2,2,1,1,,26.7677,155,184270,0.307648,62,0,13,,0,0,0,0,0,0,0,0,0,,194,122,,0,0,0,0
1602450870034,6,1010123456042,74,,1,2,2,1,1,,26.5056,178,183918,0.354699,72,0,11,,12.625,8,0,0.1,3,0,0,14.3833,31,,240,162,,0,0,0,1
1602450870285,6,1010123456042,74,,1,2,2,1,1,,25.2041,98,184106,0.183552,40,0,12,,0,0,0,0,0,0,0,0,0,,135,80,,0,0,0,0
1602450870534,6,1010123456042,74,,1,2,2,1,1,,26.7811,169,184209,0.329317,66,0,13,,0,0,0,0,0,0,0,0,0,,171,132,,0,0,0,0
1602450870784,6,1010123456042,74,,1,2,2,1,1,,26.8736,174,183657,0.336161,67,0,13,,0,0,0,0,0,0,0,0,0,,219,140,,0,0,0,0
1602450871034,6,1010123456042,74,,1,2,2,1,1,,26.8166,169,183585,0.329831,66,0,13,,5.56757,37,0,0.1,15,20,0,10.6124,31,,225,134,,0,0,0,2.62162
1602450871285,6,1010123456042,74,,1,2,2,1,1,,26.6571,175,184449,0.365632,74,0,13,,0,0,0,0,0,0,0,0,0,,211,142,,0,0,0,0
1602450871535,6,1010123456042,74,,1,2,2,1,1,,26.6143,140,184375,0.271456,55,0,13,,0,0,0,0,0,0,0,0,0,,174,116,,0,0,0,0
1602450871784,6,1010123456042,74,,1,2,2,1,1,,26.8065,155,183793,0.314442,63,0,13,,0,0,0,0,0,0,0,0,0,,183,122,,0,0,0,0
1602450872035,6,1010123456042,74,,1,2,2,1,1,,26.8057,175,183585,0.338304,68,0,12.8333,,5.13158,38,0,0.1,15,0,0,14.3729,31,,202,136,,0,0,0,1.13158
1602450872285,6,1010123456042,74,,1,2,2,1,1,,26.8962,183,184153,0.360192,72,0,13,,0,0,0,0,0,0,0,0,0,,225,144,,0,0,0,0
1602450872535,8,1010123456042,74,,1,2,2,1,1,,26.6772,158,184305,0.326208,66,0,13,,0,0,0,0,0,0,0,0,0,,226,132,,0,0,0,0
1602450872785,7,1010123456042,74,,1,2,2,1,1,,26.5303,132,183337,0.263872,54,0,13,,0,0,0,0,0,0,0,0,0,,219,112,,0,0,0,0
1602450873035,7,1010123456042,74,,1,2,2,1,1,,26.9221,154,183817,0.33056,66,0,13,,11.4706,17,0,0.1,7,71.4286,0,7.2501,31,,211,126,,0,0,0,7.17647
1602450873285,7,1010123456042,74,,1,2,2,1,1,,26.9312,160,184297,0.300928,60,0,13,,0,0,0,0,0,0,0,0,0,,192,126,,0,0,0,0
1602450873535,7,1010123456042,74,,1,2,2,1,1,,26.88,125,183897,0.249408,50,0,13,,0,0,0,0,0,0,0,0,0,,200,100,,0,0,0,0
1602450873784,6,1010123456042,74,,1,2,2,1,1,,26.5906,127,183465,0.242795,49,0,13,,0,0,0,0,0,0,0,0,0,,155,102,,0,0,0,0
1602450874035,6,1010123456042,74,,1,2,2,1,1,,26.8294,170,183241,0.348096,70,0,13,,8.93617,47,0,0.1,19,47.3684,0,8.63434,31,,202,136,,0,0,0,5.38298
1602450874285,6,1010123456042,74,,1,2,2,1,1,,27.3469,196,183869,0.409344,76,0,13.2,,0,0,0,0,0,0,0,0,0,,226,150,,0,0,0,0
1602450874535,6,1010123456042,74,,1,2,2,1,1,,26.8819,144,183741,0.283136,56,0,13.2,,0,0,0,0,0,0,0,0,0,,162,114,,0,0,0,0
1602450874784,6,1010123456042,74,,1,2,2,1,1,,21.2303,152,183839,0.251309,65,0,10.8333,,0,0,0,0,0,0,0,0,0,,199,124,,0,0,0,0
1602450875034,6,1010123456042,74,,1,2,2,1,1,,26.0256,117,182885,0.209831,43,0,12.8,,5.5,46,0,0.1,18,5.55556,0,13.214,31,,200,90,,0,0,0,1.65217
1602450875285,6,1010123456042,74,,1,2,2,1,1,,26.5118,211,183984,0.43936,86,0,13,,0,0,0,0,0,0,0,0,0,,233,174,,0,0,0,0
1602450875534,6,1010123456042,74,,1,2,2,1,1,,26.9704,135,183408,0.255968,51,0,13,,0,0,0,0,0,0,0,0,0,,174,102,,0,0,0,0
1602450875784,6,1010123456042,74,,1,2,2,1,1,,21.367,109,183834,0.172627,45,0,11.3333,,0,0,0,0,0,0,0,0,0,,156,94,,0,0,0,0
1602450876035,6,1010123456042,74,,1,2,2,1,1,,26.2371,194,184186,0.382304,79,0,13,,14,18,0,0.1,7,71.4286,0,8.14709,31,,197,152,,0,0,0,8.22222
1602450876284,7,1010123456042,74,,1,2,2,1,1,,26.6792,159,184505,0.317173,64,0,13,,0,0,0,0,0,0,0,0,0,,247,130,,0,0,0,0
1602450876534,8,1010123456042,74,,1,2,2,1,1,,26.8855,131,183817,0.265542,53,0,13,,0,0,0,0,0,0,0,0,0,,174,104,,0,0,0,0
1602450876785,7,1010123456042,74,,1,2,2,1,1,,26.1778,90,184267,0.156768,33,0,10.5,,0,0,0,0,0,0,0,0,0,,165,92,,0,0,0,0
1602450877035,6,1010123456042,74,,1,2,2,1,1,,27.2238,143,183607,0.31808,60,0,13.3333,,4.42857,42,0,0.1,17,11.7647,0,8.47026,31,,211,116,,0,0,0,2.16667
1602450877284,6,1010123456042,74,,1,2,2,1,1,,27.0897,145,184443,0.309719,60,0,13.2857,,0,0,0,0,0,0,0,0,0,,175,118,,0,0,0,0
1602450877535,6,1010123456042,74,,1,2,2,1,1,,26.3906,192,184312,0.372832,75,0,13,,0,0,0,0,0,0,0,0,0,,216,154,,0,0,0,0
1602450877785,6,1010123456042,74,,1,2,2,1,1,,27.0073,137,183848,0.30912,60,0,13.2,,0,0,0,0,0,0,0,0,0,,174,116,,0,0,0,0
1602450878035,6,1010123456042,74,,1,2,2,1,1,,21.4579,107,184647,0.164256,43,0,11.6,,9.375,8,0,0.1,3,0,0,15.4168,31,,121,88,,0,0,0,1
1602450878285,6,1010123456042,74,,1,2,2,1,1,,22.6175,183,183545,0.303584,71,0,12.5,,0,0,0,0,0,0,0,0,0,,212,152,,0,0,0,0
1602450878535,6,1010123456042,74,,1,2,2,1,1,,27.1656,157,183361,0.338528,63,0,13.6667,,0,0,0,0,0,0,0,0,0,,195,126,,0,0,0,0
1602450878785,6,1010123456042,74,,1,2,2,1,1,,22.9227,207,183800,0.36624,83,0,11.8333,,0,0,0,0,0,0,0,0,0,,246,168,,0,0,0,0
1602450879035,6,1010123456042,74,,1,2,2,1,1,,21.0189,106,184376,0.181568,46,0,7.5,,9.9375,16,0,0.1,7,28.5714,0,8.66097,31,,214,122,,0,0,0,4.5625
1602450879285,6,1010123456042,74,,1,2,2,1,1,,27.0676,207,184150,0.427808,81,0,13.4286,,0,0,0,0,0,0,0,0,0,,250,164,,0,0,0,0
1602450879535,6,1010123456042,74,,1,2,2,1,1,,27.7984,124,182771,0.267488,47,0,14,,0,0,0,0,0,0,0,0,0,,163,98,,0,0,0,0
1602450879785,6,1010123456042,74,,1,2,2,1,1,,27.5825,206,184398,0.477984,85,0,13.8,,0,0,0,0,0,0,0,0,0,,234,166,,0,0,0,0
1602450880035,6,1010123456042,74,,1,2,2,1,1,,27.2198,182,183878,0.400096,75,0,13.75,,9.17391,23,0,0.1,9,44.4444,0,9.69316,31,,244,148,,0,0,0,5.69565
1602450880285,6,1010123456042,74,,1,2,2,1,1,,27.5641,195,183266,0.439776,79,0,13.8333,,0,0,0,0,0,0,0,0,0,,232,160,,0,0,0,0
1602450880535,7,1010123456042,74,,1,2,2,1,1,,27.8503,187,184090,0.455136,79,0,14,,0,0,0,0,0,0,0,0,0,,250,154,,0,0,0,0
1602450880785,7,1010123456042,74,,1,2,2,1,1,,27.8704,162,184126,0.364,63,0,14,,0,0,0,0,0,0,0,0,0,,234,130,,0,0,0,0
1602450881034,7,1010123456042,74,,1,2,2,1,1,,27.8286,140,182739,0.317912,55,0,14.1667,,2.82353,51,0,0.1,21,19.0476,0,7.37211,31,,226,114,,0,0,0,2.41176
1602450881284,7,1010123456042,74,,1,2,2,1,1,,27.8783,115,182887,0.290892,50,0,14.2857,,0,0,0,0,0,0,0,0,0,,236,96,,0,0,0,0
1602450881535,6,1010123456042,74,,1,2,2,1,1,,27.9128,195,182851,0.467328,80,0,14,,0,0,0,0,0,0,0,0,0,,241,160,,0,0,0,0
1602450881784,6,1010123456042,74,,1,2,2,1,1,,27.7268,183,183111,0.417446,73,0,13.8333,,0,0,0,0,0,0,0,0,0,,236,146,,0,0,0,0
1602450882034,6,1010123456042,74,,1,2,2,1,1,,27.7317,164,183314,0.365108,64,0,14.1667,,6.42373,59,0,0.1,23,17.3913,0,10.7266,31,,212,130,,0,0,0,3.49153
1602450882284,6,1010123456042,74,,1,2,2,1,1,,27.6274,212,183506,0.485076,86,0,14,,0,0,0,0,0,0,0,0,0,,219,166,,0,0,0,0
1602450882535,6,1010123456042,74,,1,2,2,1,1,,27.8835,206,183111,0.478272,82,0,14,,0,0,0,0,0,0,0,0,0,,234,166,,0,0,0,0
1602450882785,6,1010123456042,74,,1,2,2,1,1,,27.6214,206,184122,0.440128,78,0,13.8,,0,0,0,0,0,0,0,0,0,,226,156,,0,0,0,0
1602450883034,6,1010123456042,74,,1,2,2,1,1,,27.8606,208,183630,0.475695,82,0,14,,13.25,8,0,0.1,3,0,0,14.1806,31,,233,168,,0,0,0,1.375
1602450883285,6,1010123456042,74,,1,2,2,1,1,,27.7756,205,183957,0.46144,80,0,13.8571,,0,0,0,0,0,0,0,0,0,,242,160,,0,0,0,0
1602450883535,6,1010123456042,74,,1,2,2,1,1,,27.8547,179,183245,0.41136,71,0,14,,0,0,0,0,0,0,0,0,0,,230,138,,0,0,0,0
1602450883784,6,1010123456042,74,,1,2,2,1,1,,27.9024,164,183529,0.363116,62,0,14,,0,0,0,0,0,0,0,0,0,,226,126,,0,0,0,0
1602450884034,7,1010123456042,74,,1,2,2,1,1,,27.8882,170,183122,0.398779,68,0,14,,5.10714,28,0,0.1,11,0,0,8.80889,31,,199,134,,0,0,0,1.60714
1602450884284,6,1010123456042,74,,1,2,2,1,1,,27.3165,139,183184,0.334297,57,0,13.1429,,0,0,0,0,0,0,0,0,0,,234,116,,0,0,0,0
1602450884535,7,1010123456042,74,,1,2,2,1,1,,24.9538,130,184403,0.249536,54,0,13.3333,,0,0,0,0,0,0,0,0,0,,206,104,,0,0,0,0
1602450884785,6,1010123456042,74,,1,2,2,1,1,,27.5878,148,183749,0.335744,60,0,14.4,,0,0,0,0,0,0,0,0,0,,188,128,,0,0,0,0
1602450885035,6,1010123456042,74,,1,2,2,1,1,,27.7719,228,182612,0.495328,87,0,14.1667,,3,32,0,0.1,13,0,0,11.8081,31,,241,178,,0,0,0,1
1602450885285,6,1010123456042,74,,1,2,2,1,1,,27.6154,156,183275,0.38016,68,0,14,,0,0,0,0,0,0,0,0,0,,197,128,,0,0,0,0
1602450885535,6,1010123456042,74,,1,2,2,1,1,,27.8535,198,184099,0.443296,77,0,14.1667,,0,0,0,0,0,0,0,0,0,,234,154,,0,0,0,0
1602450885785,6,1010123456042,74,,1,2,2,1,1,,27.9151,212,183523,0.479168,82,0,14,,0,0,0,0,0,0,0,0,0,,250,168,,0,0,0,0
1602450886035,6,1010123456042,74,,1,2,2,1,1,,27.9126,183,183259,0.437728,75,0,14,,12.6,20,0,0.1,7,42.8571,0,12.7982,31,,210,148,,0,0,0,5.2
1602450886285,6,1010123456042,74,,1,2,2,1,1,,27.9045,178,184075,0.391264,67,0,14,,0,0,0,0,0,0,0,0,0,,200,136,,0,0,0,0
1602450886535,6,1010123456042,74,,1,2,2,1,1,,27.8325,203,184329,0.469664,81,0,14,,0,0,0,0,0,0,0,0,0,,235,160,,0,0,0,0
1602450886785,6,1010123456042,74,,1,2,2,1,1,,27.7486,183,182738,0.42064,73,0,13.8333,,0,0,0,0,0,0,0,0,0,,221,150,,0,0,0,0
1602450887035,6,1010123456042,74,,1,2,2,1,1,,27.91,189,182682,0.427968,74,0,14,,13.8,20,0,0.1,8,75,0,8.04301,31,,224,148,,0,0,0,8.4
1602450887285,6,1010123456042,74,,1,2,2,1,1,,27.9302,172,183289,0.39808,68,0,14,,0,0,0,0,0,0,0,0,0,,227,136,,0,0,0,0
1602450887535,6,1010123456042,74,,1,2,2,1,1,,27.9293,198,183917,0.456384,78,0,14,,0,0,0,0,0,0,0,0,0,,235,154,,0,0,0,0
1602450887785,6,1010123456042,74,,1,2,2,1,1,,27.9188,197,184033,0.485088,83,0,14,,0,0,0,0,0,0,0,0,0,,211,160,,0,0,0,0
1602450888034,6,1010123456042,74,,1,2,2,1,1,,27.4807,181,183313,0.402924,73,0,13.6,,5.3617,47,0,0.1,19,10.5263,0,10.6897,31,,213,146,,0,0,0,2.02128
1602450888285,6,1010123456042,74,,1,2,2,1,1,,27.8816,152,184193,0.336192,58,0,14.1429,,0,0,0,0,0,0,0,0,0,,202,120,,0,0,0,0
1602450888534,6,1010123456042,74,,1,2,2,1,1,,27.7945,146,183869,0.340241,58,0,13.8,,0,0,0,0,0,0,0,0,0,,185,118,,0,0,0,0
1602450888784,7,1010123456042,74,,1,2,2,1,1,,27.6959,194,183517,0.435309,77,0,14,,0,0,0,0,0,0,0,0,0,,246,154,,0,0,0,0
1602450889034,7,1010123456042,74,,1,2,2,1,1,,27.7243,185,183493,0.407261,72,0,13.8,,13.7353,68,0,0.123663,29,68.9655,0,7.99817,31,,250,150,,0,0,0,7.66176
1602450889285,7,1010123456042,74,,1,2,2,1,1,,27.8323,161,183709,0.394496,68,0,14,,0,0,0,0,0,0,0,0,0,,191,128,,0,0,0,0
1602450889535,7,1010123456042,74,,1,2,2,1,1,,27.2938,160,183497,0.338528,63,0,13.4,,0,0,0,0,0,0,0,0,0,,209,126,,0,0,0,0
1602450889784,6,1010123456042,74,,1,2,2,1,1,,27.2205,127,184053,0.265317,50,0,13.5,,0,0,0,0,0,0,0,0,0,,204,100,,0,0,0,0
1602450890034,6,1010123456042,74,,1,2,2,1,1,,27.7727,132,183593,0.299181,52,0,10,,10.4118,51,0,0.1,21,52.381,0,9.37676,31,,227,156,,0,0,0,5.94118
1602450890285,6,1010123456042,74,,1,2,2,1,1,,27.8763,186,184485,0.4528,78,0,14,,0,0,0,0,0,0,0,0,0,,217,152,,0,0,0,0
1602450890535,6,1010123456042,74,,1,2,2,1,1,,27.4592,196,182658,0.413024,75,0,13.5,,0,0,0,0,0,0,0,0,0,,242,160,,0,0,0,0
1602450890785,6,1010123456042,74,,1,2,2,1,1,,26.976,167,183702,0.361088,68,0,13.2,,0,0,0,0,0,0,0,0,0,,208,130,,0,0,0,0
1602450891034,6,1010123456042,74,,1,2,2,1,1,,27.0977,174,183518,0.38702,74,0,13.5,,0.647059,51,0,0.1,21,0,0,6.67494,31,,234,146,,0,0,0,1.11765
1602450891285,6,1010123456042,74,,1,2,2,1,1,,27.3819,199,183469,0.427744,79,0,13.25,,0,0,0,0,0,0,0,0,0,,236,158,,0,0,0,0
1602450891535,6,1010123456042,74,,1,2,2,1,1,,27.484,188,183413,0.431456,79,0,13.25,,0,0,0,0,0,0,0,0,0,,235,156,,0,0,0,0
1602450891784,6,1010123456042,74,,1,2,2,1,1,,27.224,183,183297,0.371631,71,0,13.3333,,0,0,0,0,0,0,0,0,0,,234,146,,0,0,0,0
1602450892035,6,1010123456042,74,,1,2,2,1,1,,26.8462,221,184217,0.439808,88,0,13,,5.42857,35,0,0.1,14,28.5714,0,8.32859,31,,250,178,,0,0,0,4.14286
1602450892285,7,1010123456042,74,,1,2,2,1,1,,27.0602,166,183952,0.35472,69,0,11.7143,,0,0,0,0,0,0,0,0,0,,220,136,,0,0,0,0
1602450892535,8,1010123456042,74,,1,2,2,1,1,,22.0875,160,183014,0.249088,60,0,13.4,,0,0,0,0,0,0,0,0,0,,238,130,,0,0,0,0
1602450892785,7,1010123456042,74,,1,2,2,1,1,,27.4562,160,183885,0.358816,65,0,13.75,,0,0,0,0,0,0,0,0,0,,250,126,,0,0,0,0
1602450893035,6,1010123456042,74,,1,2,2,1,1,,27.0656,183,183661,0.380736,74,0,13.1667,,11.5167,60,0,0.1,23,60.8696,0,7.86973,31,,250,150,,0,0,0,6.81667
1602450893285,6,1010123456042,74,,1,2,2,1,1,,22.0102,196,184091,0.322112,78,0,11.7143,,0,0,0,0,0,0,0,0,0,,226,154,,0,0,0,0
1602450893535,6,1010123456042,74,,1,2,2,1,1,,27.2157,153,182960,0.312672,59,0,13.25,,0,0,0,0,0,0,0,0,0,,179,122,,0,0,0,0
1602450893785,6,1010123456042,74,,1,2,2,1,1,,26.8848,191,184103,0.403296,79,0,13.1667,,0,0,0,0,0,0,0,0,0,,233,152,,0,0,0,0
1602450894035,6,1010123456042,74,,1,2,2,1,1,,26.8301,206,183200,0.40336,81,0,13,,7.09091,11,0,0.1,4,0,0,9.97296,31,,242,166,,0,0,0,1.54545
1602450894285,6,1010123456042,74,,1,2,2,1,1,,26.8214,224,182976,0.423712,85,0,13,,0,0,0,0,0,0,0,0,0,,250,172,,0,0,0,0
1602450894535,6,1010123456042,74,,1,2,2,1,1,,26.6256,203,183935,0.404288,82,0,13,,0,0,0,0,0,0,0,0,0,,226,160,,0,0,0,0
1602450894785,7,1010123456042,74,,1,2,2,1,1,,25.9803,152,183742,0.300896,63,0,12.5,,0,0,0,0,0,0,0,0,0,,196,122,,0,0,0,0
1602450895034,8,1010123456042,74,,1,2,2,1,1,,26.069,174,183654,0.330956,69,0,12.6,,3.03704,54,0,0.1,22,18.1818,0,6.37563,31,,229,140,,0,0,0,2.87037
1602450895285,6,1010123456042,74,,1,2,2,1,1,,26.8939,179,183782,0.369472,74,0,13,,0,0,0,0,0,0,0,0,0,,235,150,,0,0,0,0
1602450895534,6,1010123456042,74,,1,2,2,1,1,,26.9321,221,184022,0.467309,93,0,13,,0,0,0,0,0,0,0,0,0,,242,186,,0,0,0,0
1602450895785,6,1010123456042,74,,1,2,2,1,1,,25.5179,168,183184,0.309312,66,0,12.4,,0,0,0,0,0,0,0,0,0,,235,134,,0,0,0,0
1602450896035,6,1010123456042,74,,1,2,2,1,1,,25.2692,208,183341,0.377312,83,0,12.4,,5.57895,19,0,0.1,8,0,0,11.4097,31,,227,164,,0,0,0,1.10526
1602450896285,6,1010123456042,74,,1,2,2,1,1,,25.8261,207,182825,0.384416,81,0,12.5,,0,0,0,0,0,0,0,0,0,,242,168,,0,0,0,0
1602450896535,6,1010123456042,74,,1,2,2,1,1,,24.908,174,183266,0.3352,75,0,10.5,,0,0,0,0,0,0,0,0,0,,227,172,,0,0,0,0
1602450896785,6,1010123456042,74,,1,2,2,1,1,,23.25,188,184145,0.304384,76,0,11.4,,0,0,0,0,0,0,0,0,0,,234,152,,0,0,0,0
1602450897034,6,1010123456042,74,,1,2,2,1,1,,22.6023,176,184331,0.279357,73,0,11.4,,5.85,60,0,0.1,25,32,0,8.59065,31,,211,146,,0,0,0,4.05
1602450897284,6,1010123456042,74,,1,2,2,1,1,,21.5672,134,183689,0.20861,56,0,9.42857,,0,0,0,0,0,0,0,0,0,,222,132,,0,0,0,0
1602450897535,6,1010123456042,74,,1,2,2,1,1,,22.779,181,184060,0.270912,70,0,11.3333,,0,0,0,0,0,0,0,0,0,,208,142,,0,0,0,0
1602450897785,6,1010123456042,74,,1,2,2,1,1,,24.3987,158,184368,0.272992,63,0,12,,0,0,0,0,0,0,0,0,0,,226,126,,0,0,0,0
1602450898035,6,1010123456042,74,,1,2,2,1,1,,24.3333,210,183178,0.380032,88,0,11.8333,,4.02273,44,0,0.1,16,25,0,6.5061,31,,242,172,,0,0,0,3.79545
1602450898285,6,1010123456042,74,,1,2,2,1,1,,25.3207,184,184097,0.3448,75,0,12.1667,,0,0,0,0,0,0,0,0,0,,233,152,,0,0,0,0
1602450898535,6,1010123456042,74,,1,2,2,1,1,,24.3787,169,184048,0.282656,65,0,11.8333,,0,0,0,0,0,0,0,0,0,,220,132,,0,0,0,0
1602450898785,6,1010123456042,74,,1,2,2,1,1,,26.2169,189,183132,0.355392,74,0,13,,0,0,0,0,0,0,0,0,0,,235,150,,0,0,0,0
1602450899034,6,1010123456042,74,,1,2,2,1,1,,26.1932,207,183893,0.407068,82,0,13,,10.9219,64,0,0.1,27,62.963,0,7.90123,31,,237,162,,0,0,0,6.70312
1602450899285,6,1010123456042,74,,1,2,2,1,1,,25.9637,193,184001,0.385696,81,0,12.6667,,0,0,0,0,0,0,0,0,0,,233,158,,0,0,0,0
1602450899535,6,1010123456042,74,,1,2,2,1,1,,26.3667,210,182956,0.408448,84,0,12.8333,,0,0,0,0,0,0,0,0,0,,245,170,,0,0,0,0
1602450899785,6,1010123456042,74,,1,2,2,1,1,,26.9448,163,183277,0.305696,61,0,13,,0,0,0,0,0,0,0,0,0,,233,130,,0,0,0,0
1602450900035,6,1010123456042,74,,1,2,2,1,1,,23.893,187,183346,0.336064,76,0,11.3333,,11.1818,22,0,0.1,9,77.7778,0,3.01013,31,,239,150,,0,0,0,9
1602450900284,6,1010123456042,74,,1,2,2,1,1,,26.7538,199,182947,0.393349,79,0,13,,0,0,0,0,0,0,0,0,0,,227,158,,0,0,0,0
1602450900535,6,1010123456042,74,,1,2,2,1,1,,26.8398,206,183474,0.418176,84,0,13,,0,0,0,0,0,0,0,0,0,,234,162,,0,0,0,0
1602450900784,6,1010123456042,74,,1,2,2,1,1,,26.7353,170,183601,0.308369,62,0,13,,0,0,0,0,0,0,0,0,0,,217,132,,0,0,0,0
1602450901035,6,1010123456042,74,,1,2,2,1,1,,25.5538,186,184393,0.378784,81,0,9.8,,4.21053,57,0,0.1,23,26.087,0,6.95429,31,,233,172,,0,0,0,3.21053
1602450901285,6,1010123456042,74,,1,2,2,1,1,,25.4294,177,182642,0.33264,71,0,10.7143,,0,0,0,0,0,0,0,0,0,,244,174,,0,0,0,0
1602450901534,6,1010123456042,74,,1,2,2,1,1,,24.4595,148,183281,0.263775,60,0,10.6667,,0,0,0,0,0,0,0,0,0,,198,122,,0,0,0,0
1602450901784,6,1010123456042,74,,1,2,2,1,1,,23.4521,188,183743,0.31939,77,0,11.6667,,0,0,0,0,0,0,0,0,0,,250,156,,0,0,0,0
1602450902035,6,1010123456042,74,,1,2,2,1,1,,23.079,190,183137,0.296576,76,0,11.4,,6.18033,61,0,0.1,25,36,0,7.06455,31,,243,154,,0,0,0,4.42623
1602450902285,6,1010123456042,74,,1,2,2,1,1,,24.1538,169,183126,0.303328,71,0,11.8333,,0,0,0,0,0,0,0,0,0,,234,134,,0,0,0,0
1602450902535,6,1010123456042,74,,1,2,2,1,1,,23.2287,188,183844,0.300128,75,0,11.4,,0,0,0,0,0,0,0,0,0,,235,154,,0,0,0,0
1602450902785,6,1010123456042,74,,1,2,2,1,1,,24.095,200,183736,0.334912,78,0,11.6,,0,0,0,0,0,0,0,0,0,,228,158,,0,0,0,0
1602450903034,6,1010123456042,74,,1,2,2,1,1,,19.5444,180,183721,0.244241,75,0,9.33333,,0.962963,54,0,0.1,22,0,0,4.67496,31,,239,148,,0,0,0,1.07407
1602450903285,6,1010123456042,74,,1,2,2,1,1,,23.8112,143,183616,0.243424,59,0,10.1667,,0,0,0,0,0,0,0,0,0,,227,170,,0,0,0,0
1602450903535,6,1010123456042,74,,1,2,2,1,1,,24.0733,150,182988,0.255488,60,0,8.5,,0,0,0,0,0,0,0,0,0,,241,176,,0,0,0,0
1602450903785,6,1010123456042,74,,1,2,2,1,1,,22.3777,188,184661,0.280288,75,0,11.3333,,0,0,0,0,0,0,0,0,0,,242,148,,0,0,0,0
1602450904035,6,1010123456042,74,,1,2,2,1,1,,23.5652,207,183243,0.330656,81,0,11.6667,,13.4545,11,0,0.1,4,0,0,17.4111,31,,242,162,,0,0,0,3.18182
1602450904285,6,1010123456042,74,,1,2,2,1,1,,22.8306,183,183119,0.291552,75,0,11.3333,,0,0,0,0,0,0,0,0,0,,235,150,,0,0,0,0
1602450904535,6,1010123456042,74,,1,2,2,1,1,,23.6019,206,182807,0.327808,80,0,11.6667,,0,0,0,0,0,0,0,0,0,,234,168,,0,0,0,0
1602450904785,6,1010123456042,74,,1,2,2,1,1,,23.7371,213,183784,0.360832,88,0,11.6667,,0,0,0,0,0,0,0,0,0,,234,168,,0,0,0,0
1602450905035,6,1010123456042,74,,1,2,2,1,1,,22.9613,181,183668,0.29024,74,0,11.3333,,13.2727,11,0,0.1,5,20,0,15.2929,31,,226,148,,0,0,0,2.81818
1602450905285,6,1010123456042,74,,1,2,2,1,1,,23.551,98,184464,0.170816,42,0,8.33333,,0,0,0,0,0,0,0,0,0,,221,152,,0,0,0,0
1602450905535,6,1010123456042,74,,1,2,2,1,1,,21.9399,183,184026,0.252096,70,0,11,,0,0,0,0,0,0,0,0,0,,218,140,,0,0,0,0
1602450905785,6,1010123456042,74,,1,2,2,1,1,,21.8342,193,184111,0.27872,78,0,11,,0,0,0,0,0,0,0,0,0,,234,158,,0,0,0,0
1602450906035,6,1010123456042,74,,1,2,2,1,1,,21.8951,143,183791,0.20432,57,0,9.2,,9.69231,13,0,0.1,6,33.3333,0,10.9257,31,,235,150,,0,0,0,4
1602450906285,6,1010123456042,74,,1,2,2,1,1,,21.7931,145,183309,0.199168,56,0,9.5,,0,0,0,0,0,0,0,0,0,,242,142,,0,0,0,0
1602450906535,6,1010123456042,74,,1,2,2,1,1,,23.8889,216,184077,0.35072,84,0,11.3333,,0,0,0,0,0,0,0,0,0,,242,170,,0,0,0,0
1602450906785,6,1010123456042,74,,1,2,2,1,1,,22.7658,158,183923,0.253504,66,0,9,,0,0,0,0,0,0,0,0,0,,242,148,,0,0,0,0
1602450907035,6,1010123456042,74,,1,2,2,1,1,,22.2647,136,183664,0.191488,52,0,9.66667,,10.9811,53,0,0.142496,20,40,0,8.98425,31,,207,128,,0,0,0,4.75472
1602450907284,6,1010123456042,74,,1,2,2,1,1,,22.4256,195,183486,0.299438,80,0,11.1667,,0,0,0,0,0,0,0,0,0,,243,156,,0,0,0,0
1602450907534,6,1010123456042,74,,1,2,2,1,1,,23.5225,178,182973,0.284498,67,0,10.3333,,0,0,0,0,0,0,0,0,0,,241,166,,0,0,0,0
1602450907785,6,1010123456042,74,,1,2,2,1,1,,23.0622,209,182879,0.335904,85,0,11.4,,0,0,0,0,0,0,0,0,0,,234,170,,0,0,0,0
1602450908035,6,1010123456042,74,,1,2,2,1,1,,21.8927,177,183787,0.254688,71,0,11,,4.4,35,0,0.1,15,26.6667,0,6.2818,31,,217,142,,0,0,0,3.51429
1602450908284,6,1010123456042,74,,1,2,2,1,1,,21.8357,207,183537,0.309398,86,0,11,,0,0,0,0,0,0,0,0,0,,235,164,,0,0,0,0
1602450908534,6,1010123456042,74,,1,2,2,1,1,,21.8072,166,183591,0.240161,67,0,8,,0,0,0,0,0,0,0,0,0,,243,138,,0,0,0,0
1602450908785,6,1010123456042,74,,1,2,2,1,1,,21.8462,117,184143,0.161184,45,0,8.8,,0,0,0,0,0,0,0,0,0,,236,164,,0,0,0,0
1602450909035,6,1010123456042,74,,1,2,2,1,1,,22.1617,167,184101,0.23152,63,0,9.66667,,3.19118,68,0,0.1,27,18.5185,0,6.34187,31,,235,146,,0,0,0,2.75
1602450909285,6,1010123456042,74,,1,2,2,1,1,,21.8953,191,184465,0.284128,79,0,11,,0,0,0,0,0,0,0,0,0,,235,152,,0,0,0,0
1602450909534,6,1010123456042,74,,1,2,2,1,1,,20.3442,154,184290,0.193478,59,0,8.66667,,0,0,0,0,0,0,0,0,0,,242,154,,0,0,0,0
1602450909785,6,1010123456042,74,,1,2,2,1,1,,22.1195,159,184473,0.238752,65,0,11.1667,,0,0,0,0,0,0,0,0,0,,230,126,,0,0,0,0
1602450910035,6,1010123456042,74,,1,2,2,1,1,,21.7749,191,183695,0.267104,75,0,8.8,,11.662,71,0,0.105024,28,64.2857,0,6.0572,31,,243,170,,0,0,0,7.14085
1602450910285,6,1010123456042,74,,1,2,2,1,1,,21.9257,148,184238,0.219552,61,0,11.2,,0,0,0,0,0,0,0,0,0,,234,144,,0,0,0,0
1602450910534,6,1010123456042,74,,1,2,2,1,1,,22.1566,198,184192,0.273285,74,0,11,,0,0,0,0,0,0,0,0,0,,226,156,,0,0,0,0
1602450910784,6,1010123456042,74,,1,2,2,1,1,,21.9056,180,183451,0.27049,75,0,11,,0,0,0,0,0,0,0,0,0,,221,146,,0,0,0,0
1602450911035,6,1010123456042,74,,1,2,2,1,1,,19.9333,225,183447,0.293696,91,0,9.5,,9.0625,48,0,0.1,19,47.3684,0,7.84801,31,,235,178,,0,0,0,5.85417
1602450911285,6,1010123456042,74,,1,2,2,1,1,,21.9384,146,184309,0.20896,58,0,7.4,,0,0,0,0,0,0,0,0,0,,217,150,,0,0,0,0
1602450911535,6,1010123456042,74,,1,2,2,1,1,,22.7311,119,184489,0.184064,48,0,9.66667,,0,0,0,0,0,0,0,0,0,,206,120,,0,0,0,0
1602450911785,6,1010123456042,74,,1,2,2,1,1,,23.3426,108,183604,0.16464,41,0,11.5,,0,0,0,0,0,0,0,0,0,,226,148,,0,0,0,0
1602450912035,6,1010123456042,74,,1,2,2,1,1,,17.9632,163,183646,0.186784,65,0,9.2,,5.25532,47,0,0.1,18,38.8889,0,6.60809,31,,205,132,,0,0,0,4.91489
1602450912285,6,1010123456042,74,,1,2,2,1,1,,22.4545,198,183182,0.297056,79,0,11.1667,,0,0,0,0,0,0,0,0,0,,242,160,,0,0,0,0
1602450912535,6,1010123456042,74,,1,2,2,1,1,,23.1027,224,184301,0.34368,88,0,11.75,,0,0,0,0,0,0,0,0,0,,236,174,,0,0,0,0
1602450912784,6,1010123456042,74,,1,2,2,1,1,,22.223,148,183473,0.232032,62,0,8,,0,0,0,0,0,0,0,0,0,,197,128,,0,0,0,0
1602450913035,6,1010123456042,74,,1,2,2,1,1,,14.4125,160,183523,0.144384,63,0,6.16667,,8.1,10,0,0.1,4,0,0,15.1072,31,,243,176,,0,0,0,1.2
1602450913285,6,1010123456042,74,,1,2,2,1,1,,21.1915,141,183343,0.179328,54,0,8.28571,,0,0,0,0,0,0,0,0,0,,242,168,,0,0,0,0
1602450913534,6,1010123456042,74,,1,2,2,1,1,,24.75,32,183038,0.0618795,14,0,7,,0,0,0,0,0,0,0,0,0,,225,144,,0,0,0,0
1602450913785,6,1010123456042,74,,1,2,2,1,1,,24.75,16,183532,0.044608,10,0,1.25,,0,0,0,0,0,0,0,0,0,,243,158,,0,0,0,0
1602450914035,6,1010123456042,74,,1,2,2,1,1,,24.7333,30,183362,0.05312,12,0,3.8,,5.5814,43,0,0.1,16,43.75,0,2.31654,31,,245,150,,0,0,0,6.86047
1602450914285,6,1010123456042,74,,1,2,2,1,1,,0,0,183362,0,0,0,2,,0,0,0,0,0,0,0,0,0,,235,172,,0,0,0,0
1602450914534,6,1010123456042,74,,1,2,2,1,1,,23.7909,110,183693,0.175229,42,0,11.75,,0,0,0,0,0,0,0,0,0,,238,158,,0,0,0,0
1602450914785,6,1010123456042,74,,1,2,2,1,1,,23.2872,188,183466,0.297024,74,0,9.83333,,0,0,0,0,0,0,0,0,0,,250,164,,0,0,0,0
1602450915035,6,1010123456042,74,,1,2,2,1,1,,13.6296,27,184295,0.015424,8,0,4,,0,0,0,0,0,0,0,0,0,,233,140,,0,0,0,0
1602450915284,6,1010123456042,74,,1,2,2,1,1,,22.8293,164,183658,0.26506,68,0,10.3333,,2.71698,53,0,0.1,23,34.7826,0,4.25256,31,,231,136,,0,0,0,5.09434
1602450915535,6,1010123456042,74,,1,2,2,1,1,,14.0909,55,183425,0.056832,24,0,4.5,,0,0,0,0,0,0,0,0,0,,234,162,,0,0,0,0
1602450915785,6,1010123456042,74,,1,2,2,1,1,,0,0,183425,0,0,0,0.1,,0,0,0,0,0,0,0,0,0,,205,140,,0,0,0,0
1602450916035,6,1010123456042,74,,1,2,2,1,1,,24.8333,24,183512,0.035584,8,0,7,,0,0,0,0,0,0,0,0,0,,223,142,,0,0,0,0
1602450916285,6,1010123456042,74,,1,2,2,1,1,,24.1569,153,184240,0.26992,63,0,6.75,,11.9851,67,0,0.1,27,70.3704,0,4.58705,31,,243,164,,0,0,0,7.47761
1602450916535,6,1010123456042,74,,1,2,2,1,1,,15.4176,91,183123,0.081696,34,0,7.5,,0,0,0,0,0,0,0,0,0,,242,186,,0,0,0,0
1602450916785,6,1010123456042,74,,1,2,2,1,1,,18.2087,115,183339,0.141312,46,0,5.66667,,0,0,0,0,0,0,0,0,0,,220,144,,0,0,0,0
1602450917034,6,1010123456042,74,,1,2,2,1,1,,24.9633,109,182962,0.189751,42,0,7,,0,8,0,0,4,100,0,0,0,,238,146,,0,0,0,0
1602450917284,6,1010123456042,74,,1,2,2,1,1,,24.3434,166,184135,0.291052,67,0,11.8,,0,0,0,0,0,0,0,0,0,,247,136,,0,0,0,0
1602450917535,6,1010123456042,74,,1,2,2,1,1,,23.3776,196,183382,0.316352,78,0,11.25,,2.25714,35,0,0.1,15,33.3333,0,8.64188,31,,243,154,,0,0,0,3.8
1602450917785,6,1010123456042,74,,1,2,2,1,1,,21.5155,161,183806,0.220896,63,0,0.1,,0,0,0,0,0,0,0,0,0,,202,132,,0,0,0,0
1602450918035,6,1010123456042,74,,1,2,2,1,1,,23.2209,172,183956,0.293824,74,0,8.66667,,0,8,0,0,4,100,0,0,0,,234,170,,0,0,0,0
1602450918285,6,1010123456042,74,,1,2,2,1,1,,22.419,105,183368,0.1456,38,0,9.4,,7.06579,76,0,0.1,29,65.5172,0,4.86852,31,,225,150,,0,0,0,6.92105
1602450918535,6,1010123456042,74,,1,2,2,1,1,,21.9312,160,183433,0.238688,67,0,9,,0,0,0,0,0,0,0,0,0,,220,156,,0,0,0,0
1602450918785,6,1010123456042,74,,1,2,2,1,1,,22.8937,207,183880,0.320192,82,0,11.5,,0,0,0,0,0,0,0,0,0,,240,164,,0,0,0,0
1602450919035,6,1010123456042,74,,1,2,2,1,1,,21.8049,164,183887,0.24176,67,0,7.75,,4.80556,36,0,0.1,14,35.7143,0,4.83925,31,,250,156,,0,0,0,4.83333
1602450919285,6,1010123456042,74,,1,2,2,1,1,,26.25,24,183847,0.055936,12,0,3.4,,0,0,0,0,0,0,0,0,0,,239,170,,0,0,0,0
1602450919535,6,1010123456042,74,,1,2,2,1,1,,21.7936,126,183987,0.181856,51,0,11,,0,0,0,0,0,0,0,0,0,,243,156,,0,0,0,0
1602450919785,6,1010123456042,74,,1,2,2,1,1,,22.6923,52,183107,0.067904,18,0,4.66667,,0,0,0,0,0,0,0,0,0,,244,176,,0,0,0,0
1602450920035,6,1010123456042,74,,1,2,2,1,1,,22.2131,61,183317,0.100768,27,0,5.4,,6.95238,21,0,0.1,8,50,0,5.60157,31,,234,162,,0,0,0,6.2381
1602450920284,6,1010123456042,74,,1,2,2,1,1,,21.7188,32,183372,0.0459116,13,0,3.8,,0,0,0,0,0,0,0,0,0,,250,154,,0,0,0,0
1602450920534,6,1010123456042,74,,1,2,2,1,1,,15.3617,94,183749,0.0815422,36,0,7.6,,0,0,0,0,0,0,0,0,0,,238,148,,0,0,0,0
1602450920784,6,1010123456042,74,,1,2,2,1,1,,23.8924,158,184219,0.273414,66,0,9.8,,0,0,0,0,0,0,0,0,0,,224,162,,0,0,0,0
1602450921035,6,1010123456042,74,,1,2,2,1,1,,21.4082,98,184464,0.134624,39,0,5.4,,4.80645,93,0,0.1,36,38.8889,0,6.66892,31,,229,168,,0,0,0,4.86022
1602450921285,6,1010123456042,74,,1,2,2,1,1,,14.0625,144,183644,0.116832,54,0,8.25,,0,8,0,0.1,4,75,0,0,31,,244,154,,0,0,0,0
1602450921535,6,1010123456042,74,,1,2,2,1,1,,21.9385,179,183326,0.25376,70,0,11,,0,0,0,0,0,0,0,0,0,,243,142,,0,0,0,0
1602450921785,6,1010123456042,74,,1,2,2,1,1,,22.4821,168,184158,0.251616,67,0,9.6,,0,0,0,0,0,0,0,0,0,,244,162,,0,0,0,0
1602450922034,6,1010123456042,74,,1,2,2,1,1,,23.7703,74,183381,0.12302,29,0,4.5,,5.61905,21,31,0.1,8,50,0,8.31361,31,,244,156,,0,0,0,5.28571
1602450922285,6,1010123456042,74,,1,2,2,1,1,,22.6161,112,183808,0.17504,46,0,8.57143,,3.04167,24,0,0.1,9,33.3333,0,4.49602,31,,224,154,,0,0,0,4.625
1602450922534,6,1010123456042,74,,1,2,2,1,1,,21.3839,112,184381,0.179823,45,0,6.2,,0,0,0,0,0,0,0,0,0,,250,154,,0,0,0,0
1602450922785,6,1010123456042,74,,1,2,2,1,1,,1,18,184360,0.002016,9,0,2,,0,0,0,0,0,0,0,0,0,,217,152,,0,0,0,0
1602450923035,6,1010123456042,74,,1,2,2,1,1,,24.6609,115,183813,0.208096,47,0,10,,6.76596,47,0,0.1,19,63.1579,0,6.4315,31,,201,126,,0,0,0,6.55319
1602450923285,6,1010123456042,74,,1,2,2,1,1,,18.8929,140,183921,0.173856,51,0,10,,0,0,0,0,0,0,0,0,0,,184,110,,0,0,0,0
1602450923535,6,1010123456042,74,,1,2,2,1,1,,23.1243,185,183688,0.297984,76,0,11.6667,,0,0,0,0,0,0,0,0,0,,225,150,,0,0,0,0
1602450923785,6,1010123456042,74,,1,2,2,1,1,,21.74,200,183708,0.286464,80,0,11,,0,0,0,0,0,0,0,0,0,,230,160,,0,0,0,0
1602450924035,6,1010123456042,74,,1,2,2,1,1,,15.7431,109,184634,0.12112,46,0,6.6,,12.0526,19,0,0.1,7,42.8571,0,9.27892,31,,239,136,,0,0,0,5.42105
1602450924285,6,1010123456042,74,,1,2,2,1,1,,22.75,132,184348,0.19968,52,0,7.42857,,0,0,0,0,0,0,0,0,0,,230,166,,0,0,0,0
1602450924535,6,1010123456042,74,,1,2,2,1,1,,22.0156,128,184403,0.1768,49,0,9.4,,0,0,0,0,0,0,0,0,0,,220,156,,0,0,0,0
1602450924785,6,1010123456042,74,,1,2,2,1,1,,23.4867,113,184483,0.1992,49,0,7.8,,0,0,0,0,0,0,0,0,0,,219,128,,0,0,0,0
1602450925035,6,1010123456042,74,,1,2,2,1,1,,0,0,184483,0,0,0,0.1,,0,0,0,0,0,0,0,0,0,,232,156,,0,0,0,0
1602450925285,6,1010123456042,74,,1,2,2,1,1,,24.0345,29,184502,0.044096,10,0,4.83333,,9.8,25,0,0.1,10,70,0,4.30723,31,,242,176,,0,0,0,7.24
1602450925535,6,1010123456042,74,,1,2,2,1,1,,14.9583,72,184183,0.062528,30,0,3.33333,,0,0,0,0,0,0,0,0,0,,243,156,,0,0,0,0
1602450925785,6,1010123456042,74,,1,2,2,1,1,,23.8598,164,184314,0.27616,66,0,10.1667,,0,0,0,0,0,0,0,0,0,,249,166,,0,0,0,0
1602450926035,6,1010123456042,74,,1,2,2,1,1,,18.8667,210,183970,0.248128,82,0,9.8,,7.09524,42,0,0.1,16,68.75,0,4.08399,31,,243,166,,0,0,0,7.21429
1602450926285,6,1010123456042,74,,1,2,2,1,1,,20.4632,136,183970,0.1912,57,0,8.8,,0,0,0,0,0,0,0,0,0,,234,160,,0,0,0,0
1602450926535,6,1010123456042,74,,1,2,2,1,1,,22.825,40,183519,0.064928,17,0,5.33333,,0,0,0,0,0,0,0,0,0,,210,142,,0,0,0,0
1602450926785,6,1010123456042,74,,1,2,2,1,1,,22.0968,186,184052,0.271936,74,0,8.75,,0,0,0,0,0,0,0,0,0,,241,164,,0,0,0,0
1602450927034,6,1010123456042,74,,1,2,2,1,1,,23.1264,87,184188,0.128,32,0,11.5,,6.45455,44,0,0.1,18,38.8889,0,6.68954,31,,234,148,,0,0,0,4.75
1602450927285,6,1010123456042,74,,1,2,2,1,1,,21.2467,227,183599,0.304928,89,0,11,,0,0,0,0,0,0,0,0,0,,232,180,,0,0,0,0
1602450927534,6,1010123456042,74,,1,2,2,1,1,,21.2276,123,184298,0.178763,52,0,8,,0,0,0,0,0,0,0,0,0,,213,138,,0,0,0,0
1602450927784,6,1010123456042,74,,1,2,2,1,1,,20.4472,123,183329,0.175068,48,0,8.5,,0,0,0,0,0,0,0,0,0,,212,124,,0,0,0,0
1602450928034,6,1010123456042,74,,1,2,2,1,1,,21.3981,103,183352,0.130602,39,0,6.5,,7.93333,30,0,0.1,12,50,0,5.24246,31,,243,150,,0,0,0,5.8
1602450928284,6,1010123456042,74,,1,2,2,1,1,,24.9294,85,184335,0.1671,37,0,10,,0,0,0,0,0,0,0,0,0,,242,144,,0,0,0,0
1602450928534,6,1010123456042,74,,1,2,2,1,1,,24.3095,126,183816,0.212594,49,0,5,,0,0,0,0,0,0,0,0,0,,235,150,,0,0,0,0
1602450928785,6,1010123456042,74,,1,2,2,1,1,,22,11,183380,0.007232,2,0,12,,0,0,0,0,0,0,0,0,0,,218,160,,0,0,0,0
1602450929034,6,1010123456042,74,,1,2,2,1,1,,19.5942,138,183713,0.174843,55,0,9.5,,6.94286,35,0,0.1,13,69.2308,0,6.01138,31,,233,114,,0,0,0,7.48571
1602450929285,6,1010123456042,74,,1,2,2,1,1,,20.6187,160,183344,0.204192,61,0,7,,0,0,0,0,0,0,0,0,0,,243,168,,0,0,0,0
1602450929535,6,1010123456042,74,,1,2,2,1,1,,22.6,65,184246,0.106912,29,0,6.4,,0,0,0,0,0,0,0,0,0,,217,146,,0,0,0,0
1602450929785,6,1010123456042,74,,1,2,2,1,1,,20.4278,187,183676,0.275392,79,0,9.33333,,0,0,0,0,0,0,0,0,0,,221,154,,0,0,0,0
1602450930035,6,1010123456042,74,,1,2,2,1,1,,23.8012,161,184025,0.273664,65,0,9.5,,7.35,20,0,0.1,8,50,0,6.27922,31,,242,156,,0,0,0,5.6
1602450930285,6,1010123456042,74,,1,2,2,1,1,,24.4068,59,183887,0.088704,20,0,7.8,,0,0,0,0,0,0,0,0,0,,227,156,,0,0,0,0
1602450930535,6,1010123456042,74,,1,2,2,1,1,,22,31,184011,0.05424,15,0,2,,0,0,0,0,0,0,0,0,0,,220,140,,0,0,0,0
1602450930785,6,1010123456042,74,,1,2,2,1,1,,0,0,184011,0,0,0,2,,0,0,0,0,0,0,0,0,0,,231,144,,0,0,0,0
1602450931035,6,1010123456042,74,,1,2,2,1,1,,23.7692,104,183044,0.16768,40,0,8.33333,,7.05,20,0,0.1,8,37.5,0,6.89551,31,,215,156,,0,0,0,4.75
1602450931285,6,1010123456042,74,,1,2,2,1,1,,20.4237,118,183942,0.150688,45,0,6.6,,7,53,0,0.1,20,70,0,3.60379,0,,242,140,,0,0,0,7.62264
1602450931535,6,1010123456042,74,,1,2,2,1,1,,22.1035,203,183727,0.306144,83,0,8.75,,0,0,0,0,0,0,0,0,0,,234,196,,0,0,0,0
1602450931785,6,1010123456042,74,,1,2,2,1,1,,22.8131,107,184199,0.177984,46,0,8.33333,,0,0,0,0,0,0,0,0,0,,219,154,,0,0,0,0
1602450932035,6,1010123456042,74,,1,2,2,1,1,,21.4036,166,184261,0.224992,65,0,10.5,,6.11111,27,0,0.1,10,40,0,6.72829,31,,220,144,,0,0,0,4.66667
1602450932284,6,1010123456042,74,,1,2,2,1,1,,21.5568,176,184227,0.250763,71,0,9.33333,,0,0,0,0,0,0,0,0,0,,226,152,,0,0,0,0
1602450932535,6,1010123456042,74,,1,2,2,1,1,,10.25,52,183311,0.017536,17,0,5,,0,0,0,0,0,0,0,0,0,,237,154,,0,0,0,0
1602450932784,6,1010123456042,74,,1,2,2,1,1,,23.3505,194,183957,0.326843,81,0,9.8,,0,0,0,0,0,0,0,0,0,,232,176,,0,0,0,0
1602450933035,6,1010123456042,74,,1,2,2,1,1,,25,36,183349,0.06768,15,0,4.5,,6.23256,43,0,0.1,17,47.0588,0,5.15587,31,,235,154,,0,0,0,5.34884
1602450933284,6,1010123456042,74,,1,2,2,1,1,,0,0,183349,0,0,0,2,,0,0,0,0,0,0,0,0,0,,225,138,,0,0,0,0
1602450933534,6,1010123456042,74,,1,2,2,1,1,,0,0,183349,0,0,0,2,,0,0,0,0,0,0,0,0,0,,235,172,,0,0,0,0
1602450933785,6,1010123456042,74,,1,2,2,1,1,,24.5758,33,184490,0.05712,13,0,5.33333,,0,0,0,0,0,0,0,0,0,,250,172,,0,0,0,0
1602450934034,6,1010123456042,74,,1,2,2,1,1,,22.9,110,183396,0.161446,41,0,11.3333,,4.43478,46,0,0.1,18,38.8889,0,4.12953,31,,243,178,,0,0,0,5.13043
1602450934285,6,1010123456042,74,,1,2,2,1,1,,21.836,189,183901,0.286464,80,0,7.83333,,0,0,0,0,0,0,0,0,0,,235,176,,0,0,0,0
1602450934534,6,1010123456042,74,,1,2,2,1,1,,0,0,183901,0,0,0,1.33333,,0,0,0,0,0,0,0,0,0,,242,182,,0,0,0,0
1602450934785,6,1010123456042,74,,1,2,2,1,1,,0,0,183901,0,0,0,0.1,,0,0,0,0,0,0,0,0,0,,220,128,,0,0,0,0
1602450935035,6,1010123456042,74,,1,2,2,1,1,,24.4286,63,183488,0.092448,21,0,6.5,,6.40909,22,0,0.1,10,30,0,10.3638,31,,232,158,,0,0,0,3.63636
1602450935284,6,1010123456042,74,,1,2,2,1,1,,0,4,183341,0.0208514,5,0,2.16667,,0,0,0,0,0,0,0,0,0,,212,128,,0,0,0,0
1602450935534,6,1010123456042,74,,1,2,2,1,1,,20.7485,167,183286,0.219855,63,0,8.5,,0,0,0,0,0,0,0,0,0,,221,156,,0,0,0,0
1602450935784,6,1010123456042,74,,1,2,2,1,1,,17.9333,195,183586,0.252369,84,0,8.83333,,0,0,0,0,0,0,0,0,0,,243,158,,0,0,0,0
1602450936035,6,1010123456042,74,,1,2,2,1,1,,23.037,189,184131,0.307136,76,0,11.6667,,8.17647,17,0,0.1,8,50,0,8.19191,31,,209,154,,0,0,0,5.23529
1602450936284,6,1010123456042,74,,1,2,2,1,1,,21.8872,195,183956,0.299277,83,0,11,,0,0,0,0,0,0,0,0,0,,250,162,,0,0,0,0
1602450936534,6,1010123456042,74,,1,2,2,1,1,,21.3855,179,183709,0.24347,70,0,10.5,,0,0,0,0,0,0,0,0,0,,242,142,,0,0,0,0
1602450936785,6,1010123456042,74,,1,2,2,1,1,,19.973,185,182447,0.224736,69,0,10,,0,0,0,0,0,0,0,0,0,,224,142,,0,0,0,0
1602450937035,6,1010123456042,74,,1,2,2,1,1,,21.3366,205,183769,0.292544,84,0,10.25,,8.66667,24,0,0.1,9,33.3333,0,10.3743,31,,227,168,,0,0,0,4.375
1602450937285,6,1010123456042,74,,1,2,2,1,1,,20.2623,122,183598,0.148256,47,0,8.83333,,0,0,0,0,0,0,0,0,0,,190,118,,0,0,0,0
1602450937535,6,1010123456042,74,,1,2,2,1,1,,22.8497,173,184130,0.277504,72,0,11.5,,0,0,0,0,0,0,0,0,0,,225,138,,0,0,0,0
1602450937785,6,1010123456042,74,,1,2,2,1,1,,21.8549,193,183210,0.261152,73,0,11,,0,0,0,0,0,0,0,0,0,,218,150,,0,0,0,0
1602450938035,6,1010123456042,74,,1,2,2,1,1,,21.8605,172,183038,0.243072,68,0,11,,1.59677,62,0,0.1,25,16,0,3.82657,31,,227,136,,0,0,0,2.29032
1602450938285,6,1010123456042,74,,1,2,2,1,1,,21.8864,176,183962,0.2472,69,0,11,,0,0,0,0,0,0,0,0,0,,201,142,,0,0,0,0
1602450938535,6,1010123456042,74,,1,2,2,1,1,,22.3102,216,182952,0.318912,86,0,11.2,,0,0,0,0,0,0,0,0,0,,250,174,,0,0,0,0
1602450938784,6,1010123456042,74,,1,2,2,1,1,,22.8121,165,183738,0.274217,71,0,9,,0,0,0,0,0,0,0,0,0,,226,152,,0,0,0,0
1602450939035,6,1010123456042,74,,1,2,2,1,1,,27.7333,75,184290,0.170432,30,0,7,,7.1087,46,0,0.1,18,50,0,5.30357,31,,223,178,,0,0,0,6.15217
1602450939285,6,1010123456042,74,,1,2,2,1,1,,21.113,115,184001,0.15248,45,0,8,,0,0,0,0,0,0,0,0,0,,233,148,,0,0,0,0
1602450939535,6,1010123456042,74,,1,2,2,1,1,,23.8769,65,183491,0.111808,26,0,8.8,,0,0,0,0,0,0,0,0,0,,190,102,,0,0,0,0
1602450939785,6,1010123456042,74,,1,2,2,1,1,,21.8596,57,183981,0.071808,20,0,6,,0,0,0,0,0,0,0,0,0,,173,116,,0,0,0,0
1602450940034,6,1010123456042,74,,1,2,2,1,1,,19.7767,215,184349,0.275438,87,0,10.4,,6.36667,30,0,0.1,13,61.5385,0,4.34421,31,,242,172,,0,0,0,7.56667
1602450940285,6,1010123456042,74,,1,2,2,1,1,,23.224,125,184294,0.199104,50,0,6.75,,0,0,0,0,0,0,0,0,0,,250,150,,0,0,0,0
1602450940534,6,1010123456042,74,,1,2,2,1,1,,21.8571,21,183321,0.0215261,6,0,3.8,,0,0,0,0,0,0,0,0,0,,243,164,,0,0,0,0
1602450940785,6,1010123456042,74,,1,2,2,1,1,,21.7667,60,183609,0.089376,25,0,6.5,,0,0,0,0,0,0,0,0,0,,211,138,,0,0,0,0
1602450941034,6,1010123456042,74,,1,2,2,1,1,,21.4,135,183604,0.187566,54,0,9.33333,,15,12,0,0,4,100,0,1.38405,0,,244,132,,0,0,0,10
1602450941285,6,1010123456042,74,,1,2,2,1,1,,24.48,25,183718,0.05456,13,0,3.5,,9,24,0,0.1,10,40,0,8.04872,31,,234,128,,0,0,0,4.91667
1602450941534,6,1010123456042,74,,1,2,2,1,1,,17.4167,84,183910,0.0808675,31,0,9.33333,,0,0,0,0,0,0,0,0,0,,226,162,,0,0,0,0
1602450941784,6,1010123456042,74,,1,2,2,1,1,,20.4785,186,183894,0.238426,73,0,10.6,,0,0,0,0,0,0,0,0,0,,227,148,,0,0,0,0
1602450942034,6,1010123456042,74,,1,2,2,1,1,,15.6296,162,183798,0.149944,67,0,9.75,,8.1579,19,0,0.1,7,57.1429,0,4.23733,31,,222,132,,0,0,0,7.63158
1602450942285,6,1010123456042,74,,1,2,2,1,1,,24.1635,104,184102,0.187136,44,0,6.66667,,0,0,0,0,0,0,0,0,0,,224,156,,0,0,0,0
1602450942534,6,1010123456042,74,,1,2,2,1,1,,20.285,214,183964,0.285076,85,0,10.5,,0,0,0,0,0,0,0,0,0,,236,174,,0,0,0,0
1602450942784,6,1010123456042,74,,1,2,2,1,1,,22,6,183746,0.0181526,5,0,2,,0,0,0,0,0,0,0,0,0,,233,130,,0,0,0,0
1602450943035,6,1010123456042,74,,1,2,2,1,1,,0,0,183746,0,0,0,2,,0,0,0,0,0,0,0,0,0,,238,164,,0,0,0,0
1602450943285,6,1010123456042,74,,1,2,2,1,1,,24.3448,29,183603,0.0432,10,0,6.5,,0,0,0,0,0,0,0,0,0,,243,154,,0,0,0,0
1602450943535,6,1010123456042,74,,1,2,2,1,1,,19.0484,124,184604,0.167264,52,0,5.83333,,5.5618,89,0,0.1,35,54.2857,0,4.15244,31,,240,160,,0,0,0,6.40449
1602450943785,6,1010123456042,74,,1,2,2,1,1,,6,17,184478,0.002816,4,0,5,,0,0,0,0,0,0,0,0,0,,225,150,,0,0,0,0
1602450944035,6,1010123456042,74,,1,2,2,1,1,,20.4265,136,183190,0.177152,56,0,9.2,,6.97727,88,0,0.1,36,66.6667,0,3.99442,31,,234,162,,0,0,0,7.20455
1602450944285,6,1010123456042,74,,1,2,2,1,1,,16.5714,140,184515,0.155104,58,0,8.42857,,0,0,0,0,0,0,0,0,0,,218,132,,0,0,0,0
1602450944535,6,1010123456042,74,,1,2,2,1,1,,22.6923,169,184054,0.2424,63,0,9,,0,0,0,0,0,0,0,0,0,,225,154,,0,0,0,0
1602450944785,6,1010123456042,74,,1,2,2,1,1,,20.0683,161,183711,0.217088,67,0,7.33333,,0,0,0,0,0,0,0,0,0,,243,178,,0,0,0,0
1602450945035,6,1010123456042,74,,1,2,2,1,1,,22.5485,206,184113,0.300736,78,0,11.8,,4.61194,67,0,0.1,27,40.7407,0,5.59046,31,,250,178,,0,0,0,5.53731
1602450945284,6,1010123456042,74,,1,2,2,1,1,,23.5405,37,183573,0.0838233,21,0,4.83333,,0,0,0,0,0,0,0,0,0,,233,140,,0,0,0,0
1602450945535,6,1010123456042,74,,1,2,2,1,1,,0,0,183573,0,0,0,2,,0,0,0,0,0,0,0,0,0,,213,132,,0,0,0,0
1602450945785,6,1010123456042,74,,1,2,2,1,1,,0,0,183573,0,0,0,1.5,,0,0,0,0,0,0,0,0,0,,171,124,,0,0,0,0
1602450946034,6,1010123456042,74,,1,2,2,1,1,,24.0482,83,183670,0.126265,30,0,6.5,,3.38462,52,0,0.1,21,42.8571,0,4.75192,31,,232,146,,0,0,0,5.30769
1602450946285,6,1010123456042,74,,1,2,2,1,1,,15.5154,130,183516,0.163328,57,0,7.4,,0,0,0,0,0,0,0,0,0,,213,130,,0,0,0,0
1602450946534,6,1010123456042,74,,1,2,2,1,1,,24.5909,22,183751,0.0398715,9,0,5.33333,,0,0,0,0,0,0,0,0,0,,195,124,,0,0,0,0
1602450946784,6,1010123456042,74,,1,2,2,1,1,,6,20,183607,0.00565462,8,0,3.5,,0,0,0,0,0,0,0,0,0,,229,152,,0,0,0,0
1602450947034,6,1010123456042,74,,1,2,2,1,1,,0,0,183607,0,0,0,0.1,,0,0,0,0,0,0,0,0,0,,246,204,,0,0,0,0
1602450947285,6,1010123456042,74,,1,2,2,1,1,,22.767,103,184571,0.152544,39,0,7.5,,0,8,0,0,4,100,0,0,0,,242,174,,0,0,0,0
1602450947534,6,1010123456042,74,,1,2,2,1,1,,19,30,183575,0.0391325,14,0,2,,3.39286,56,0,0.1,21,42.8571,0,5.56645,31,,232,160,,0,0,0,5.69643
1602450947784,6,1010123456042,74,,1,2,2,1,1,,22.2657,143,184379,0.211823,57,0,9.4,,7.3,10,0,0.1,4,50,0,7.39597,0,,234,164,,0,0,0,4.6
1602450948035,6,1010123456042,74,,1,2,2,1,1,,0,0,184379,0,0,0,0.1,,0,0,0,0,0,0,0,0,0,,250,154,,0,0,0,0
1602450948285,6,1010123456042,74,,1,2,2,1,1,,10,8,184280,0,0,0,3,,0,0,0,0,0,0,0,0,0,,190,130,,0,0,0,0
1602450948535,6,1010123456042,74,,1,2,2,1,1,,20.6519,181,183993,0.244352,73,0,11.5,,6.97826,46,0,0.1,20,45,0,8.64938,31,,209,144,,0,0,0,4.52174
1602450948784,6,1010123456042,74,,1,2,2,1,1,,21.4673,199,184229,0.28347,81,0,10.5,,0,0,0,0,0,0,0,0,0,,250,160,,0,0,0,0
1602450949034,6,1010123456042,74,,1,2,2,1,1,,17.7134,164,184378,0.186474,66,0,9,,7,55,0,0.1,21,76.1905,0,3.57156,31,,212,138,,0,0,0,8.09091
1602450949285,6,1010123456042,74,,1,2,2,1,1,,23.0074,135,183914,0.195936,51,0,9.6,,0,0,0,0,0,0,0,0,0,,220,146,,0,0,0,0
1602450949535,6,1010123456042,74,,1,2,2,1,1,,22.5253,217,184063,0.323488,85,0,11.5,,0,0,0,0,0,0,0,0,0,,236,174,,0,0,0,0
1602450949785,6,1010123456042,74,,1,2,2,1,1,,21.8374,203,183054,0.278208,78,0,11,,0,0,0,0,0,0,0,0,0,,240,152,,0,0,0,0
1602450950035,6,1010123456042,74,,1,2,2,1,1,,18.9703,101,184347,0.158784,44,0,7,,7.12821,39,0,0.1,16,75,0,3.49247,31,,250,158,,0,0,0,7.74359
1602450950285,6,1010123456042,74,,1,2,2,1,1,,21.9056,180,183501,0.259168,68,0,9.71429,,0,0,0,0,0,0,0,0,0,,239,162,,0,0,0,0
1602450950535,6,1010123456042,74,,1,2,2,1,1,,24.4934,152,183823,0.27648,64,0,11.75,,0,0,0,0,0,0,0,0,0,,244,126,,0,0,0,0
1602450950785,6,1010123456042,74,,1,2,2,1,1,,25.4815,54,183469,0.091392,20,0,5.6,,0,0,0,0,0,0,0,0,0,,242,148,,0,0,0,0
1602450951035,6,1010123456042,74,,1,2,2,1,1,,23.9098,133,183725,0.234208,55,0,8,,4.2875,80,0,0.1,33,63.6364,0,4.37362,31,,245,158,,0,0,0,6.7375
1602450951285,6,1010123456042,74,,1,2,2,1,1,,25.0638,47,184119,0.096288,21,0,2,,0,0,0,0,0,0,0,0,0,,235,148,,0,0,0,0
1602450951535,6,1010123456042,74,,1,2,2,1,1,,26.1511,139,183315,0.256544,53,0,12,,0,0,0,0,0,0,0,0,0,,245,152,,0,0,0,0
1602450951784,6,1010123456042,74,,1,2,2,1,1,,21.7578,128,183709,0.179727,50,0,9.2,,0,0,0,0,0,0,0,0,0,,191,142,,0,0,0,0
1602450952035,6,1010123456042,74,,1,2,2,1,1,,17.1803,61,184599,0.071712,25,0,4,,3.07273,110,0,0.1,46,65.2174,0,3.95824,31,,250,152,,0,0,0,6.80909
1602450952285,6,1010123456042,74,,1,2,2,1,1,,23.3394,165,183540,0.26736,67,0,11.8,,0,0,0,0,0,0,0,0,0,,217,140,,0,0,0,0
1602450952534,6,1010123456042,74,,1,2,2,1,1,,26.8714,70,183604,0.14551,29,0,3.4,,0,0,0,0,0,0,0,0,0,,215,136,,0,0,0,0
1602450952785,6,1010123456042,74,,1,2,2,1,1,,18.5714,35,183517,0.048384,13,0,6,,0,0,0,0,0,0,0,0,0,,210,120,,0,0,0,0
1602450953034,6,1010123456042,74,,1,2,2,1,1,,10,12,183385,0.00713253,6,0,1,,0,0,0,0,0,0,0,0,0,,229,146,,0,0,0,0
1602450953285,6,1010123456042,74,,1,2,2,1,1,,0,0,183385,0,0,0,2,,0,0,0,0,0,0,0,0,0,,246,160,,0,0,0,0
1602450953534,6,1010123456042,74,,1,2,2,1,1,,0,0,183385,0,0,0,2,,0,0,0,0,0,0,0,0,0,,230,140,,0,0,0,0
1602450953785,6,1010123456042,74,,1,2,2,1,1,,4,15,183319,0.00192,4,0,4,,0,0,0,0,0,0,0,0,0,,219,156,,0,0,0,0
1602450954034,6,1010123456042,74,,1,2,2,1,1,,4,43,184553,0.00963855,20,0,2.5,,9,12,0,0,4,100,0,1.0492,0,,222,118,,0,0,0,10
1602450954285,6,1010123456042,74,,1,2,2,1,1,,23.6389,108,183816,0.163072,40,0,7,,5.30303,99,0,0.1,41,48.7805,0,3.93052,31,,235,132,,0,0,0,6.32323
1602450954534,6,1010123456042,74,,1,2,2,1,1,,22,34,183831,0.0508273,14,0,2,,0,0,0,0,0,0,0,0,0,,245,154,,0,0,0,0
1602450954785,6,1010123456042,74,,1,2,2,1,1,,20,32,184147,0.037248,12,0,3.33333,,0,0,0,0,0,0,0,0,0,,234,156,,0,0,0,0
1602450955035,6,1010123456042,74,,1,2,2,1,1,,0,0,184147,0,0,0,0.1,,0,0,0,0,0,0,0,0,0,,224,146,,0,0,0,0
1602450955285,6,1010123456042,74,,1,2,2,1,1,,19.9487,39,184101,0.043136,14,0,4.2,,0,0,0,0,0,0,0,0,0,,246,158,,0,0,0,0
1602450955535,6,1010123456042,74,,1,2,2,1,1,,19.5885,192,184303,0.235744,79,0,10,,6.83517,91,0,0.1344,37,32.4324,0,6.65921,31,,242,156,,0,0,0,4.20879
1602450955785,6,1010123456042,74,,1,2,2,1,1,,22.716,162,184032,0.24016,63,0,8.6,,0,0,0,0,0,0,0,0,0,,242,170,,0,0,0,0
1602450956035,6,1010123456042,74,,1,2,2,1,1,,18.547,117,184330,0.137696,47,0,5.6,,4.20548,73,0,0.1,30,50,0,4.33813,31,,233,134,,0,0,0,5.87671
1602450956284,6,1010123456042,74,,1,2,2,1,1,,24.3768,138,183813,0.237108,52,0,8,,0,0,0,0,0,0,0,0,0,,250,158,,0,0,0,0
1602450956535,6,1010123456042,74,,1,2,2,1,1,,21.6209,153,183765,0.256864,63,0,7,,0,0,0,0,0,0,0,0,0,,242,186,,0,0,0,0
1602450956785,6,1010123456042,74,,1,2,2,1,1,,14.5938,128,183424,0.115168,52,0,5,,0,0,0,0,0,0,0,0,0,,242,176,,0,0,0,0
1602450957035,6,1010123456042,74,,1,2,2,1,1,,0,0,183424,0,0,0,0.1,,0,0,0,0,0,0,0,0,0,,246,176,,0,0,0,0
1602450957285,6,1010123456042,74,,1,2,2,1,1,,17.5827,139,183315,0.148256,57,0,7,,4.61225,49,0,0.1,21,38.0952,0,5.66897,31,,218,146,,0,0,0,5.28571
1602450957535,6,1010123456042,74,,1,2,2,1,1,,0,0,183315,0,0,0,1,,0,0,0,0,0,0,0,0,0,,250,158,,0,0,0,0
1602450957785,6,1010123456042,74,,1,2,2,1,1,,21.2205,195,183047,0.28912,79,0,10.5,,0,0,0,0,0,0,0,0,0,,243,190,,0,0,0,0
1602450958035,6,1010123456042,74,,1,2,2,1,1,,21.7158,95,183366,0.131776,36,0,8.33333,,8.3871,31,0,0.1,12,83.3333,0,2.60844,31,,236,154,,0,0,0,8.64516
1602450958285,6,1010123456042,74,,1,2,2,1,1,,19.8312,77,183488,0.097792,32,0,4.8,,0,0,0,0,0,0,0,0,0,,227,156,,0,0,0,0
1602450958535,6,1010123456042,74,,1,2,2,1,1,,7.51389,72,184122,0.026368,28,0,3.33333,,0,0,0,0,0,0,0,0,0,,217,128,,0,0,0,0
1602450958785,6,1010123456042,74,,1,2,2,1,1,,18.5875,160,183691,0.208736,65,0,7.8,,0,0,0,0,0,0,0,0,0,,227,138,,0,0,0,0
1602450959035,6,1010123456042,74,,1,2,2,1,1,,0,0,183691,0,0,0,1,,0,0,0,0,0,0,0,0,0,,246,184,,0,0,0,0
1602450959285,6,1010123456042,74,,1,2,2,1,1,,0,0,183691,0,0,0,0.5,,0,0,0,0,0,0,0,0,0,,221,148,,0,0,0,0
1602450959535,6,1010123456042,74,,1,2,2,1,1,,0,0,183691,0,0,0,1,,0,0,0,0,0,0,0,0,0,,245,158,,0,0,0,0
1602450959785,6,1010123456042,74,,1,2,2,1,1,,21.2436,156,183841,0.222816,61,0,10.6667,,0,8,0,0,4,100,0,0,0,,246,156,,0,0,0,0
1602450960034,6,1010123456042,74,,1,2,2,1,1,,18.5909,154,183754,0.205141,63,0,6.5,,6.11688,77,0,0.1,31,67.7419,0,4.30888,31,,240,180,,0,0,0,7.01299
1602450960284,6,1010123456042,74,,1,2,2,1,1,,25.0128,78,183626,0.146602,31,0,5,,0,0,0,0,0,0,0,0,0,,241,170,,0,0,0,0
1602450960535,6,1010123456042,74,,1,2,2,1,1,,27.8065,31,184234,0.074272,13,0,3.5,,0,0,0,0,0,0,0,0,0,,238,144,,0,0,0,0
1602450960785,6,1010123456042,74,,1,2,2,1,1,,0,0,184234,0,0,0,0.5,,0,0,0,0,0,0,0,0,0,,231,130,,0,0,0,0
1602450961034,6,1010123456042,74,,1,2,2,1,1,,0,0,184234,0,0,0,0.1,,0,0,0,0,0,0,0,0,0,,246,180,,0,0,0,0
1602450961285,6,1010123456042,74,,1,2,2,1,1,,26.4545,55,183601,0.115264,22,0,5.6,,7.21277,47,0,0.1,20,60,0,5.06022,31,,236,146,,0,0,0,6.97872
1602450961535,6,1010123456042,74,,1,2,2,1,1,,26.4729,129,184076,0.243808,47,0,7.8,,0,0,0,0,0,0,0,0,0,,246,174,,0,0,0,0
1602450961785,6,1010123456042,74,,1,2,2,1,1,,27.9348,92,184660,0.240032,41,0,0.1,,0,0,0,0,0,0,0,0,0,,250,164,,0,0,0,0
1602450962035,6,1010123456042,74,,1,2,2,1,1,,21.2609,23,183735,0.024544,7,0,11,,0,0,0,0,0,0,0,0,0,,238,164,,0,0,0,0
1602450962284,6,1010123456042,74,,1,2,2,1,1,,19.3093,97,184417,0.127486,42,0,6.14286,,5.65385,78,0,0.1,29,44.8276,0,5.53707,31,,186,116,,0,0,0,5.61538
1602450962534,6,1010123456042,74,,1,2,2,1,1,,19.0085,118,184240,0.126329,44,0,8.83333,,0,0,0,0,0,0,0,0,0,,228,150,,0,0,0,0
1602450962785,6,1010123456042,74,,1,2,2,1,1,,25.9801,201,183339,0.424992,81,0,10,,0,0,0,0,0,0,0,0,0,,242,158,,0,0,0,0
1602450963035,6,1010123456042,74,,1,2,2,1,1,,18.0583,223,184572,0.244672,88,0,9.16667,,4.25287,87,0,0.1,34,35.2941,0,3.76955,31,,244,180,,0,0,0,4.44828
1602450963285,6,1010123456042,74,,1,2,2,1,1,,21.6225,151,183690,0.228,63,0,7,,0,0,0,0,0,0,0,0,0,,240,142,,0,0,0,0
1602450963535,6,1010123456042,74,,1,2,2,1,1,,11.325,40,184103,0.024864,15,0,3.8,,0,0,0,0,0,0,0,0,0,,245,166,,0,0,0,0
1602450963785,6,1010123456042,74,,1,2,2,1,1,,27.0662,136,184469,0.281824,55,0,7.5,,0,0,0,0,0,0,0,0,0,,243,154,,0,0,0,0
1602450964035,6,1010123456042,74,,1,2,2,1,1,,16.0366,82,184271,0.096576,32,0,10,,3.42857,28,0,0.1,12,0,0,8.40404,31,,152,76,,0,0,0,1.07143
1602450964285,6,1010123456042,74,,1,2,2,1,1,,23.7898,157,183479,0.255456,59,0,12,,0,0,0,0,0,0,0,0,0,,174,122,,0,0,0,0
1602450964535,6,1010123456042,74,,1,2,2,1,1,,19.8376,117,183355,0.161024,50,0,4.25,,0,0,0,0,0,0,0,0,0,,207,146,,0,0,0,0
1602450964785,6,1010123456042,74,,1,2,2,1,1,,24.1429,84,184103,0.152864,33,0,5.25,,0,0,0,0,0,0,0,0,0,,232,132,,0,0,0,0
1602450965035,6,1010123456042,74,,1,2,2,1,1,,22.1774,186,184504,0.27264,72,0,11,,7,12,0,0,4,100,0,1.09745,0,,240,146,,0,0,0,10
1602450965284,6,1010123456042,74,,1,2,2,1,1,,24.0123,163,184283,0.289992,66,0,9.66667,,0.942308,52,0,0.1,20,20,0,4.10895,31,,238,144,,0,0,0,3.55769
1602450965534,6,1010123456042,74,,1,2,2,1,1,,24.6684,193,184241,0.329574,74,0,9.75,,0,0,0,0,0,0,0,0,0,,241,170,,0,0,0,0
1602450965785,6,1010123456042,74,,1,2,2,1,1,,27.7143,63,183929,0.158592,28,0,5,,0,0,0,0,0,0,0,0,0,,247,154,,0,0,0,0
1602450966034,6,1010123456042,74,,1,2,2,1,1,,21.5111,45,183319,0.0791004,20,0,2.75,,3.36735,49,0,0.1,20,50,0,3.32139,31,,245,156,,0,0,0,5.67347
1602450966285,6,1010123456042,74,,1,2,2,1,1,,0,0,183319,0,0,0,0.1,,0,0,0,0,0,0,0,0,0,,143,86,,0,0,0,0
1602450966534,6,1010123456042,74,,1,2,2,1,1,,22,44,184221,0.0653494,18,0,3,,0,0,0,0,0,0,0,0,0,,187,140,,0,0,0,0
1602450966785,6,1010123456042,74,,1,2,2,1,1,,13.7692,13,183942,0.009568,5,0,4.5,,0,0,0,0,0,0,0,0,0,,161,102,,0,0,0,0
1602450967035,6,1010123456042,74,,1,2,2,1,1,,25.459,61,183261,0.116992,24,0,9,,4.75362,69,0,0.1,28,60.7143,0,5.3876,31,,225,154,,0,0,0,6.21739
1602450967284,6,1010123456042,74,,1,2,2,1,1,,24.1263,95,183981,0.166233,38,0,6,,0,0,0,0,0,0,0,0,0,,225,140,,0,0,0,0
1602450967535,6,1010123456042,74,,1,2,2,1,1,,21.5946,37,183826,0.052704,15,0,3,,0,0,0,0,0,0,0,0,0,,90,52,,0,0,0,0
1602450967785,6,1010123456042,74,,1,2,2,1,1,,0,0,183826,0,0,0,1,,0,0,0,0,0,0,0,0,0,,208,114,,0,0,0,0
1602450968034,6,1010123456042,74,,1,2,2,1,1,,18,41,183926,0.0448514,16,0,6,,8.2,15,0,0.1,5,0,0,11.9206,31,,183,106,,0,0,0,1
1602450968284,6,1010123456042,74,,1,2,2,1,1,,20.8148,27,184069,0.0430201,11,0,6.6,,0,0,0,0,0,0,0,0,0,,125,80,,0,0,0,0
1602450968535,6,1010123456042,74,,1,2,2,1,1,,27.931,58,184281,0.134368,23,0,4.83333,,0,0,0,0,0,0,0,0,0,,201,120,,0,0,0,0
1602450968785,6,1010123456042,74,,1,2,2,1,1,,4,19,184191,0.00336,7,0,1.4,,0,0,0,0,0,0,0,0,0,,226,138,,0,0,0,0
1602450969035,6,1010123456042,74,,1,2,2,1,1,,11.2,25,183702,0.017344,10,0,2.4,,0,0,0,0,0,0,0,0,0,,156,130,,0,0,0,0
1602450969285,6,1010123456042,74,,1,2,2,1,1,,20.0323,124,184358,0.16672,50,0,7.66667,,5.23529,17,0,0.1,7,0,0,7.22325,31,,201,134,,0,0,0,1.76471
1602450969535,6,1010123456042,74,,1,2,2,1,1,,20.9818,110,184338,0.146112,44,0,7.33333,,0,0,0,0,0,0,0,0,0,,250,204,,0,0,0,0
1602450969784,6,1010123456042,74,,1,2,2,1,1,,0,0,184338,0,0,0,1,,0,0,0,0,0,0,0,0,0,,246,140,,0,0,0,0
1602450970035,6,1010123456042,74,,1,2,2,1,1,,25.9226,155,184659,0.320256,64,0,9.25,,7.33333,21,0,0.1,8,37.5,0,9.47062,31,,239,160,,0,0,0,4.57143
1602450970285,6,1010123456042,74,,1,2,2,1,1,,0,0,184659,0,0,0,0.1,,0,0,0,0,0,0,0,0,0,,246,162,,0,0,0,0
1602450970535,6,1010123456042,74,,1,2,2,1,1,,26.2817,71,183145,0.133792,25,0,7.8,,0,0,0,0,0,0,0,0,0,,244,152,,0,0,0,0
1602450970785,6,1010123456042,74,,1,2,2,1,1,,15.0612,49,183355,0.052096,22,0,2.66667,,0,0,0,0,0,0,0,0,0,,241,168,,0,0,0,0
1602450971035,6,1010123456042,74,,1,2,2,1,1,,0,0,183355,0,0,0,0.1,,0,0,0,0,0,0,0,0,0,,241,144,,0,0,0,0
1602450971285,6,1010123456042,74,,1,2,2,1,1,,11.9333,30,184320,0.016352,11,0,1.6,,2.78571,42,0,0.1,16,6.25,0,5.65391,31,,236,174,,0,0,0,2
1602450971535,6,1010123456042,74,,1,2,2,1,1,,22,71,184132,0.097632,27,0,4.8,,0,0,0,0,0,0,0,0,0,,242,146,,0,0,0,0
1602450971785,6,1010123456042,74,,1,2,2,1,1,,22,51,183275,0.079552,22,0,1,,0,0,0,0,0,0,0,0,0,,241,150,,0,0,0,0
1602450972035,6,1010123456042,74,,1,2,2,1,1,,21.95,40,184294,0.061216,17,0,2.66667,,4.48936,47,0,0.1,18,27.7778,0,4.07745,31,,235,170,,0,0,0,4.55319
1602450972284,6,1010123456042,74,,1,2,2,1,1,,0,0,184294,0,0,0,0.333333,,0,0,0,0,0,0,0,0,0,,242,152,,0,0,0,0
1602450972535,6,1010123456042,74,,1,2,2,1,1,,0,0,184294,0,0,0,0.1,,0,0,0,0,0,0,0,0,0,,215,156,,0,0,0,0
1602450972785,6,1010123456042,74,,1,2,2,1,1,,24.1739,138,184245,0.23824,53,0,11.75,,0,0,0,0,0,0,0,0,0,,188,126,,0,0,0,0
1602450973034,6,1010123456042,74,,1,2,2,1,1,,0,0,184245,0,0,0,0.75,,0,0,0,0,0,0,0,0,0,,144,94,,0,0,0,0
1602450973285,6,1010123456042,74,,1,2,2,1,1,,0,0,184245,0,0,0,0.1,,0,0,0,0,0,0,0,0,0,,225,144,,0,0,0,0
1602450973534,6,1010123456042,74,,1,2,2,1,1,,18.75,28,183230,0.0296867,10,0,5.25,,0,0,0,0,0,0,0,0,0,,173,134,,0,0,0,0
1602450973785,6,1010123456042,74,,1,2,2,1,1,,25,15,183845,0.031584,7,0,0.1,,5.93182,44,0,0.1,18,27.7778,0,6.44297,31,,237,160,,0,0,0,3.52273
1602450974035,6,1010123456042,74,,1,2,2,1,1,,0,0,183845,0,0,0,0.333333,,0,0,0,0,0,0,0,0,0,,246,146,,0,0,0,0
1602450974285,6,1010123456042,74,,1,2,2,1,1,,27.9412,34,184397,0.076064,13,0,7,,6.91892,37,0,0.1,14,78.5714,0,2.85796,31,,246,178,,0,0,0,8.2973
1602450974535,6,1010123456042,74,,1,2,2,1,1,,0,0,184397,0,0,0,0.1,,0,0,0,0,0,0,0,0,0,,246,172,,0,0,0,0
1602450974784,6,1010123456042,74,,1,2,2,1,1,,0,0,184397,0,0,0,1,,0,0,0,0,0,0,0,0,0,,231,138,,0,0,0,0
1602450975035,6,1010123456042,74,,1,2,2,1,1,,26.9412,68,184141,0.150304,29,0,5.16667,,2.03333,60,0,0.1,24,29.1667,0,5.10894,31,,242,176,,0,0,0,4.35
1602450975285,6,1010123456042,74,,1,2,2,1,1,,0,0,184141,0,0,0,1,,0,0,0,0,0,0,0,0,0,,240,166,,0,0,0,0
1602450975535,6,1010123456042,74,,1,2,2,1,1,,24.202,203,182978,0.34688,80,0,12.75,,0,0,0,0,0,0,0,0,0,,251,200,,0,0,0,0
1602450975785,6,1010123456042,74,,1,2,2,1,1,,26.6201,179,183459,0.371136,74,0,10,,0,0,0,0,0,0,0,0,0,,246,174,,0,0,0,0
1602450976035,6,1010123456042,74,,1,2,2,1,1,,27,9,184437,0.029888,6,0,0.4,,3.23256,43,0,0.1,17,41.1765,0,3.90528,31,,246,166,,0,0,0,5.39535
1602450976284,6,1010123456042,74,,1,2,2,1,1,,27.8837,43,184297,0.099245,17,0,7.5,,0,0,0,0,0,0,0,0,0,,217,126,,0,0,0,0
1602450976535,6,1010123456042,74,,1,2,2,1,1,,27.4909,55,183337,0.126048,23,0,4.83333,,0,0,0,0,0,0,0,0,0,,241,126,,0,0,0,0
1602450976785,6,1010123456042,74,,1,2,2,1,1,,0,0,183337,0,0,0,0.1,,0,0,0,0,0,0,0,0,0,,236,188,,0,0,0,0
1602450977035,6,1010123456042,74,,1,2,2,1,1,,0,0,183337,0,0,0,1,,0,0,0,0,0,0,0,0,0,,217,172,,0,0,0,0
1602450977285,6,1010123456042,74,,1,2,2,1,1,,26.3293,82,184105,0.164,33,0,5.8,,4.30612,49,0,0.1,19,52.6316,0,3.86935,31,,224,140,,0,0,0,5.97959
1602450977535,6,1010123456042,74,,1,2,2,1,1,,25.7547,106,183790,0.199872,42,0,8.2,,0,0,0,0,0,0,0,0,0,,245,160,,0,0,0,0
1602450977785,6,1010123456042,74,,1,2,2,1,1,,0,0,183790,0,0,0,0.25,,0,0,0,0,0,0,0,0,0,,238,164,,0,0,0,0
1602450978035,6,1010123456042,74,,1,2,2,1,1,,27.6933,75,184190,0.175456,31,0,6,,1.51429,70,0,0.1,27,22.2222,0,3.48458,31,,241,192,,0,0,0,3.98571
1602450978285,6,1010123456042,74,,1,2,2,1,1,,27.8182,33,184590,0.081088,14,0,4,,0,0,0,0,0,0,0,0,0,,236,154,,0,0,0,0
1602450978534,6,1010123456042,74,,1,2,2,1,1,,27.8667,45,184270,0.099245,17,0,4.66667,,0,0,0,0,0,0,0,0,0,,245,154,,0,0,0,0
1602450978785,6,1010123456042,74,,1,2,2,1,1,,20.7778,135,183871,0.209888,55,0,6.8,,0,0,0,0,0,0,0,0,0,,233,166,,0,0,0,0
1602450979034,6,1010123456042,74,,1,2,2,1,1,,0,0,183871,0,0,0,1.5,,0,0,0,0,0,0,0,0,0,,230,156,,0,0,0,0
1602450979285,6,1010123456042,74,,1,2,2,1,1,,7.625,56,183310,0.020768,22,0,2.25,,0,0,0,0,0,0,0,0,0,,244,172,,0,0,0,0
1602450979534,6,1010123456042,74,,1,2,2,1,1,,0,0,183310,0,0,0,0.1,,0,0,0,0,0,0,0,0,0,,242,152,,0,0,0,0
1602450979784,6,1010123456042,74,,1,2,2,1,1,,24.16,75,183396,0.139663,31,0,5.6,,4.79412,68,0,0.1,27,51.8519,0,4.88482,31,,234,172,,0,0,0,5.76471
1602450980034,6,1010123456042,74,,1,2,2,1,1,,0,0,183396,0,0,0,1,,0,0,0,0,0,0,0,0,0,,234,150,,0,0,0,0
1602450980285,6,1010123456042,74,,1,2,2,1,1,,20.6781,146,184590,0.191584,55,0,8,,3.13043,69,0,0.1,26,61.5385,0,3.98973,31,,238,158,,0,0,0,6.6087
1602450980534,6,1010123456042,74,,1,2,2,1,1,,19.2857,161,184261,0.199197,65,0,7,,0,0,0,0,0,0,0,0,0,,232,158,,0,0,0,0
1602450980784,6,1010123456042,74,,1,2,2,1,1,,21.5115,174,184063,0.256289,73,0,6,,0,0,0,0,0,0,0,0,0,,246,180,,0,0,0,0
1602450981035,6,1010123456042,74,,1,2,2,1,1,,23.1135,141,183589,0.252704,57,0,8,,15,12,0,0,4,100,0,3.24128,0,,234,152,,0,0,0,10
1602450981284,6,1010123456042,74,,1,2,2,1,1,,0,0,183589,0,0,0,0.5,,1.6,5,0,0.1,2,0,0,9.89869,31,,246,186,,0,0,0,1
1602450981534,6,1010123456042,74,,1,2,2,1,1,,0,0,183589,0,0,0,0.666667,,0,0,0,0,0,0,0,0,0,,242,166,,0,0,0,0
1602450981785,6,1010123456042,74,,1,2,2,1,1,,0,0,183589,0,0,0,0.1,,0,0,0,0,0,0,0,0,0,,246,174,,0,0,0,0
1602450982035,6,1010123456042,74,,1,2,2,1,1,,0,0,183589,0,0,0,0.666667,,0,0,0,0,0,0,0,0,0,,243,158,,0,0,0,0
1602450982284,6,1010123456042,74,,1,2,2,1,1,,16.9836,183,183481,0.197044,71,0,6.5,,2.02778,72,0,0.1,30,43.3333,0,4.34032,31,,238,178,,0,0,0,4.94444
1602450982535,6,1010123456042,74,,1,2,2,1,1,,23.3333,222,184188,0.337568,81,0,12.6,,0,0,0,0,0,0,0,0,0,,246,182,,0,0,0,0
1602450982785,6,1010123456042,74,,1,2,2,1,1,,24.7632,152,184443,0.293696,66,0,8.5,,0,0,0,0,0,0,0,0,0,,245,166,,0,0,0,0
1602450983035,6,1010123456042,74,,1,2,2,1,1,,24.4314,153,184149,0.290816,62,0,10,,4.88462,52,0,0.1,19,63.1579,0,2.91256,31,,246,158,,0,0,0,7.34615
1602450983285,6,1010123456042,74,,1,2,2,1,1,,22.6307,176,184408,0.268096,68,0,9.6,,0,0,0,0,0,0,0,0,0,,230,170,,0,0,0,0
1602450983535,6,1010123456042,74,,1,2,2,1,1,,22.7143,119,184467,0.180864,48,0,15,,0,0,0,0,0,0,0,0,0,,172,96,,0,0,0,0
1602450983785,6,1010123456042,74,,1,2,2,1,1,,27.034,147,184641,0.34208,62,0,6.75,,0,0,0,0,0,0,0,0,0,,250,160,,0,0,0,0
1602450984035,6,1010123456042,74,,1,2,2,1,1,,27.8125,64,184577,0.14352,25,0,10.6667,,0.470588,85,0,0.1,34,47.0588,0,2.29555,31,,222,142,,0,0,0,6.07059
1602450984284,6,1010123456042,74,,1,2,2,1,1,,23.9231,52,183240,0.0919197,21,0,9,,0,0,0,0,0,0,0,0,0,,147,108,,0,0,0,0
1602450984535,6,1010123456042,74,,1,2,2,1,1,,0,0,183240,0,0,0,0.1,,0,0,0,0,0,0,0,0,0,,145,92,,0,0,0,0
1602450984785,6,1010123456042,74,,1,2,2,1,1,,27.7671,73,183944,0.165408,29,0,7.83333,,0,0,0,0,0,0,0,0,0,,167,102,,0,0,0,0
1602450985034,6,1010123456042,74,,1,2,2,1,1,,19.1441,111,183685,0.151454,44,0,11,,0.942857,70,0,0.1,30,53.3333,0,2.02041,31,,158,92,,0,0,0,6.87143
1602450985284,6,1010123456042,74,,1,2,2,1,1,,11.8667,195,183207,0.111325,75,0,0.1,,0,0,0,0,0,0,0,0,0,,218,162,,0,0,0,0
1602450985535,6,1010123456042,74,,1,2,2,1,1,,16.5426,129,183310,0.138656,54,0,12,,0,0,0,0,0,0,0,0,0,,149,106,,0,0,0,0
1602450985785,6,1010123456042,74,,1,2,2,1,1,,27.5446,112,184209,0.257632,47,0,0.1,,0,0,0,0,0,0,0,0,0,,139,94,,0,0,0,0
1602450986035,6,1010123456042,74,,1,2,2,1,1,,20.7652,115,183870,0.154464,43,0,10.3333,,1.38298,94,0,0.1,38,71.0526,0,1.95973,31,,128,90,,0,0,0,7.67021
1602450986284,6,1010123456042,74,,1,2,2,1,1,,23.2857,210,183725,0.326683,84,0,12,,0,0,0,0,0,0,0,0,0,,250,168,,0,0,0,0
1602450986535,6,1010123456042,74,,1,2,2,1,1,,16.3571,56,184659,0.08272,26,0,5.25,,0,0,0,0,0,0,0,0,0,,195,128,,0,0,0,0
1602450986784,6,1010123456042,74,,1,2,2,1,1,,27.7345,113,184055,0.256675,45,0,1,,0,0,0,0,0,0,0,0,0,,189,130,,0,0,0,0
1602450987035,6,1010123456042,74,,1,2,2,1,1,,0,0,184055,0,0,0,0.1,,0,0,0,0,0,0,0,0,0,,140,96,,0,0,0,0
1602450987285,6,1010123456042,74,,1,2,2,1,1,,28,5,183695,0.01184,2,0,3.6,,0,0,0,0,0,0,0,0,0,,225,132,,0,0,0,0
1602450987535,6,1010123456042,74,,1,2,2,1,1,,0,0,183695,0,0,0,0.1,,0,0,0,0,0,0,0,0,0,,135,88,,0,0,0,0
1602450987785,6,1010123456042,74,,1,2,2,1,1,,0,0,183695,0,0,0,0.1,,0,0,0,0,0,0,0,0,0,,129,86,,0,0,0,0
1602450988035,6,1010123456042,74,,1,2,2,1,1,,20.8592,71,183080,0.097664,24,0,11,,1.13684,95,0,0.1,38,63.1579,0,2.67583,31,,128,76,,0,0,0,6.89474
1602450988285,6,1010123456042,74,,1,2,2,1,1,,4.64865,37,184112,0.032512,18,0,0.6,,1.95,80,0,0.1,32,75,0,2.08533,31,,250,186,,0,0,0,7.8625
1602450988535,6,1010123456042,74,,1,2,2,1,1,,0,0,184112,0,0,0,1.5,,0,0,0,0,0,0,0,0,0,,177,112,,0,0,0,0
1602450988785,6,1010123456042,74,,1,2,2,1,1,,0,0,184112,0,0,0,0.1,,0,0,0,0,0,0,0,0,0,,199,138,,0,0,0,0
1602450989035,6,1010123456042,74,,1,2,2,1,1,,17.6906,139,183140,0.16128,54,0,7.8,,0.386364,88,0,0.1,36,44.4444,0,2.79351,31,,250,190,,0,0,0,5.32955
1602450989284,6,1010123456042,74,,1,2,2,1,1,,24.8889,162,183677,0.328386,66,0,11.8333,,0.1,13,0,0,5,100,0,0.198766,0,,225,130,,0,0,0,10
1602450989535,6,1010123456042,74,,1,2,2,1,1,,18.5414,157,183653,0.19392,68,0,8.25,,0,0,0,0,0,0,0,0,0,,222,142,,0,0,0,0
1602450989785,6,1010123456042,74,,1,2,2,1,1,,0,0,183653,0,0,0,1,,0,0,0,0,0,0,0,0,0,,192,152,,0,0,0,0
1602450990035,6,1010123456042,74,,1,2,2,1,1,,0,0,183653,0,0,0,1,,0,0,0,0,0,0,0,0,0,,133,104,,0,0,0,0
1602450990285,6,1010123456042,74,,1,2,2,1,1,,0,0,183653,0,0,0,0.1,,0,0,0,0,0,0,0,0,0,,228,166,,0,0,0,0
1602450990535,6,1010123456042,74,,1,2,2,1,1,,0,0,183653,0,0,0,0.5,,0,0,0,0,0,0,0,0,0,,162,86,,0,0,0,0
1602450990785,6,1010123456042,74,,1,2,2,1,1,,0,0,183653,0,0,0,0.1,,0,0,0,0,0,0,0,0,0,,236,150,,0,0,0,0
1602450991035,6,1010123456042,74,,1,2,2,1,1,,27.8077,26,183341,0.057408,10,0,14,,0,0,0,0,0,0,0,0,0,,228,134,,0,0,0,0
1602450991285,6,1010123456042,74,,1,2,2,1,1,,18.1121,116,183567,0.132672,46,0,3,,0.288235,170,0,0.1,66,63.6364,0,2.16532,31,,246,172,,0,0,0,6.66471
1602450991535,6,1010123456042,74,,1,2,2,1,1,,27.087,23,183601,0.049728,10,0,4,,0,0,0,0,0,0,0,0,0,,234,166,,0,0,0,0
1602450991784,6,1010123456042,74,,1,2,2,1,1,,0,0,183601,0,0,0,0.1,,0,0,0,0,0,0,0,0,0,,223,170,,0,0,0,0
1602450992034,6,1010123456042,74,,1,2,2,1,1,,15.402,102,183557,0.0985703,40,0,5.33333,,0.149533,107,0,0.1,44,68.1818,0,2.05784,31,,250,162,,0,0,0,6.97196
1602450992285,6,1010123456042,74,,1,2,2,1,1,,0,0,183557,0,0,0,0.1,,0,0,0,0,0,0,0,0,0,,232,140,,0,0,0,0
1602450992534,6,1010123456042,74,,1,2,2,1,1,,3.69072,194,183703,0.0295582,72,0,7,,0,0,0,0,0,0,0,0,0,,250,182,,0,0,0,0
1602450992785,6,1010123456042,74,,1,2,2,1,1,,23.1494,154,184629,0.275488,69,0,9.4,,0,0,0,0,0,0,0,0,0,,238,148,,0,0,0,0
1602450993035,6,1010123456042,74,,1,2,2,1,1,,28,14,183549,0.02368,4,0,14,,0,0,0,0,0,0,0,0,0,,236,168,,0,0,0,0
1602450993284,6,1010123456042,74,,1,2,2,1,1,,27.6465,232,183609,0.525783,93,0,14,,1.14286,98,0,0.1,40,67.5,0,2.01542,31,,250,184,,0,0,0,7.4898
1602450993534,6,1010123456042,74,,1,2,2,1,1,,23.3506,174,183265,0.30188,72,0,11,,0,0,0,0,0,0,0,0,0,,239,142,,0,0,0,0
1602450993784,6,1010123456042,74,,1,2,2,1,1,,21.7828,198,183373,0.268691,75,0,11,,0,0,0,0,0,0,0,0,0,,237,158,,0,0,0,0
1602450994034,6,1010123456042,74,,1,2,2,1,1,,0,2,183264,0.0176386,5,0,0.1,,0,0,0,0,0,0,0,0,0,,250,140,,0,0,0,0
1602450994284,6,1010123456042,74,,1,2,2,1,1,,0,0,183264,0,0,0,0.1,,0,0,0,0,0,0,0,0,0,,243,182,,0,0,0,0
1602450994535,6,1010123456042,74,,1,2,2,1,1,,0,0,183264,0,0,0,0.1,,0,0,0,0,0,0,0,0,0,,238,158,,0,0,0,0
1602450994784,6,1010123456042,74,,1,2,2,1,1,,0,0,183264,0,0,0,0.1,,0,0,0,0,0,0,0,0,0,,246,148,,0,0,0,0
1602450995034,6,1010123456042,74,,1,2,2,1,1,,0,0,183264,0,0,0,1,,0,0,0,0,0,0,0,0,0,,247,156,,0,0,0,0
1602450995285,6,1010123456042,74,,1,2,2,1,1,,0,0,183264,0,0,0,0.1,,0,0,0,0,0,0,0,0,0,,241,144,,0,0,0,0
1602450995535,6,1010123456042,74,,1,2,2,1,1,,0,0,183264,0,0,0,0.1,,0,0,0,0,0,0,0,0,0,,243,192,,0,0,0,0
1602450995785,6,1010123456042,74,,1,2,2,1,1,,0,0,183264,0,0,0,0.1,,0,0,0,0,0,0,0,0,0,,234,154,,0,0,0,0
1602450996035,6,1010123456042,74,,1,2,2,1,1,,0,0,183264,0,0,0,0.1,,0,0,0,0,0,0,0,0,0,,242,152,,0,0,0,0
1602450996285,6,1010123456042,74,,1,2,2,1,1,,0,0,183264,0,0,0,0.1,,0,0,0,0,0,0,0,0,0,,227,174,,0,0,0,0
1602450996535,6,1010123456042,74,,1,2,2,1,1,,0,0,183264,0,0,0,0.1,,0,0,0,0,0,0,0,0,0,,250,176,,0,0,0,0
1602450996785,6,1010123456042,74,,1,2,2,1,1,,0,0,183264,0,0,0,1.5,,0,0,0,0,0,0,0,0,0,,210,130,,0,0,0,0
1602450997035,6,1010123456042,74,,1,2,2,1,1,,15.6049,81,183602,0.074464,31,0,7,,0.373626,91,16055,0.1,37,75.6757,0,1.73256,31,,239,162,,0,0,0,8.02198
1602450997285,6,1010123456042,74,,1,2,2,1,1,,19.907,43,182960,0.06304,16,0,5,,0.657143,140,0,0.1,57,80.7018,0,1.3964,31,,231,148,,0,0,0,8.37143
1602450997535,6,1010123456042,74,,1,2,2,1,1,,22.7564,234,183383,0.379648,96,0,11.5,,0.386667,150,0,0.1,61,63.9344,0,2.24624,31,,243,188,,0,0,0,6.88
1602450997785,6,1010123456042,74,,1,2,2,1,1,,21.0174,115,184397,0.143168,44,0,9,,0,0,0,0,0,0,0,0,0,,245,140,,0,0,0,0
1602450998034,6,1010123456042,74,,1,2,2,1,1,,27.1429,119,183965,0.268402,50,0,4.66667,,0.285714,112,0,0.1,47,63.8298,0,2.50315,31,,243,180,,0,0,0,6.46429
1602450998284,6,1010123456042,74,,1,2,2,1,1,,27.515,200,184454,0.447422,78,0,12.5,,0,0,0,0,0,0,0,0,0,,233,168,,0,0,0,0
1602450998535,6,1010123456042,74,,1,2,2,1,1,,21.6174,149,183870,0.219552,61,0,8.33333,,0,0,0,0,0,0,0,0,0,,237,150,,0,0,0,0
1602450998785,6,1010123456042,74,,1,2,2,1,1,,27.7483,147,183694,0.324896,57,0,14,,0,0,0,0,0,0,0,0,0,,209,132,,0,0,0,0
1602450999035,6,1010123456042,74,,1,2,2,1,1,,27.662,71,184482,0.173664,31,0,2,,0.403226,124,0,0.1,48,62.5,0,2.293,31,,232,148,,0,0,0,6.78226
1602450999285,6,1010123456042,74,,1,2,2,1,1,,24.1059,170,184060,0.291744,65,0,9,,0,0,0,0,0,0,0,0,0,,244,156,,0,0,0,0
1602450999535,6,1010123456042,74,,1,2,2,1,1,,21.2961,152,183502,0.2056,59,0,11.5,,0,0,0,0,0,0,0,0,0,,227,122,,0,0,0,0
1602450999784,6,1010123456042,74,,1,2,2,1,1,,24.6136,44,183890,0.0700723,17,0,4.25,,0,0,0,0,0,0,0,0,0,,246,154,,0,0,0,0
1602451000035,6,1010123456042,74,,1,2,2,1,1,,22.195,200,183489,0.305664,80,0,11,,0,8,0,0,4,100,0,0,0,,236,160,,0,0,0,0
1602451000285,6,1010123456042,74,,1,2,2,1,1,,26.1079,139,183344,0.296736,59,0,13,,0.395349,86,0,0.1,35,48.5714,0,3.12303,31,,210,112,,0,0,0,5.76744
1602451000535,6,1010123456042,74,,1,2,2,1,1,,27.6136,44,184596,0.106208,19,0,0.5,,0,0,0,0,0,0,0,0,0,,235,146,,0,0,0,0
1602451000785,6,1010123456042,74,,1,2,2,1,1,,0,0,184596,0,0,0,1,,0,0,0,0,0,0,0,0,0,,237,150,,0,0,0,0
1602451001034,6,1010123456042,74,,1,2,2,1,1,,14.4535,86,183840,0.064257,30,0,3,,0,0,0,0,0,0,0,0,0,,233,142,,0,0,0,0
1602451001284,6,1010123456042,74,,1,2,2,1,1,,16.2449,98,183679,0.0977028,41,0,5.42857,,1.46988,83,0,0.1,34,44.1176,0,3.60312,31,,229,138,,0,0,0,5.54217
1602451001534,6,1010123456042,74,,1,2,2,1,1,,23.2079,101,184403,0.18159,44,0,4.33333,,0,0,0,0,0,0,0,0,0,,241,174,,0,0,0,0
1602451001785,6,1010123456042,74,,1,2,2,1,1,,26.25,24,182938,0.033632,7,0,4.33333,,0,0,0,0,0,0,0,0,0,,247,162,,0,0,0,0
1602451002035,6,1010123456042,74,,1,2,2,1,1,,26.7111,45,183259,0.098944,20,0,2.83333,,2.2069,87,0,0.1,35,68.5714,0,2.15811,31,,234,146,,0,0,0,7.66667
1602451002285,6,1010123456042,74,,1,2,2,1,1,,0,0,183259,0,0,0,2,,0,0,0,0,0,0,0,0,0,,234,164,,0,0,0,0
1602451002535,6,1010123456042,74,,1,2,2,1,1,,1,80,184593,0.006944,31,0,3,,0,0,0,0,0,0,0,0,0,,235,164,,0,0,0,0
1602451002785,6,1010123456042,74,,1,2,2,1,1,,5.89764,127,183111,0.039552,48,0,5.25,,0,0,0,0,0,0,0,0,0,,239,198,,0,0,0,0
1602451003035,6,1010123456042,74,,1,2,2,1,1,,10.6989,93,184187,0.076992,41,0,3.83333,,1.84884,86,0,0.1,32,50,0,3.0488,31,,244,154,,0,0,0,6.01163
1602451003285,6,1010123456042,74,,1,2,2,1,1,,1,68,184106,0.006048,27,0,2.25,,0,0,0,0,0,0,0,0,0,,240,178,,0,0,0,0
1602451003535,6,1010123456042,74,,1,2,2,1,1,,12.0179,112,181251,0.08752,43,0,9.75,,0,0,0,0,0,0,0,0,0,,250,150,,0,0,0,0
1602451003784,6,1010123456042,74,,1,2,2,1,1,,15.2324,185,175340,0.207711,77,0,9.2,,0,0,0,0,0,0,0,0,0,,250,152,,0,0,0,0
1602451004035,6,1010123456042,74,,1,2,2,1,1,,8.69613,181,172483,0.10256,69,0,5.2,,2.40541,74,0,0.1,29,58.6207,0,2.75581,31,,250,180,,0,0,0,6.5
1602451004284,6,1010123456042,74,,1,2,2,1,1,,16.1316,228,165869,0.224932,93,0,7.85714,,0,0,0,0,0,0,0,0,0,,250,186,,0,0,0,0
1602451004534,6,1010123456042,74,,1,2,2,1,1,,26.9604,101,159807,0.181076,36,0,7.5,,0,0,0,0,0,0,0,0,0,,249,168,,0,0,0,0
1602451004785,6,1010123456042,74,,1,2,2,1,1,,17.1075,214,152479,0.25728,88,0,8.6,,0,0,0,0,0,0,0,0,0,,250,174,,0,0,0,0
1602451005034,6,1010123456042,74,,1,2,2,1,1,,19.8957,211,144750,0.258892,84,0,10,,1.67059,85,0,0.1,35,65.7143,0,2.8571,31,,250,168,,0,0,0,6.92941
1602451005285,6,1010123456042,74,,1,2,2,1,1,,16.7172,389,132869,0.38496,150,0,8.25,,0,0,0,0,0,0,0,0,0,,361,312,,0,0,0,0
1602451005535,6,1010123456042,74,,1,2,2,1,1,,19.9552,625,109767,0.7712,250,0,10,,0,0,0,0,0,0,0,0,0,,498,498,,0,0,0,0
1602451005785,6,1010123456042,74,,1,2,2,1,1,,19.9456,625,86694,0.77088,250,0,10,,0,0,0,0,0,0,0,0,0,,500,500,,0,0,0,0
1602451006034,6,1010123456042,74,,1,2,2,1,1,,19.8776,621,63768,0.768643,250,0,10,,1.59091,44,0,0.1,18,0,0,6.24609,31,,500,500,,0,0,0,1
1602451006285,6,1010123456042,74,,1,2,2,1,1,,19.9456,625,40696,0.77088,250,0,10,,0,0,0,0,0,0,0,0,0,,500,500,,0,0,0,0
1602451006534,6,1010123456042,74,,1,2,2,1,1,,20.2692,624,16971,0.794667,250,0,10.2,,0,0,0,0,0,0,0,0,0,,500,500,,0,0,0,0
1602451006785,6,1010123456042,74,,1,2,2,1,1,,19.9196,460,0,0.591232,192,0,10.2,,0,0,0,0,0,0,0,0,0,,368,368,,0,0,0,0
1602451007035,6,1010123456042,74,,1,2,2,1,1,,0,0,0,0,0,0,0.1,,0,0,0,0,0,0,0,0,0,,0,0,,0,0,0,0
1602451007332,5,1010123456042,74,,1,2,2,1,1,,0,0,0,0,0,0,6,,0,0,0,0,0,0,0,0,0,,0,0,,0,0,0,0
1602451007534,5,1010123456042,74,,1,2,2,1,1,,0,0,0,0,0,0,3.5,,0,0,0,0,0,0,0,0,0,,0,0,,0,0,0,0
1602451007785,5,1010123456042,74,,1,2,2,1,1,,0,0,0,0,0,0,7,,0,0,0,0,0,0,0,0,0,,0,0,,0,0,0,0
1602451008035,5,1010123456042,74,,1,2,2,1,1,,0,0,0,0,0,0,0.1,,0,0,0,0,0,0,0,0,0,,0,0,,0,0,0,0
1602451008285,5,1010123456042,74,,1,2,2,1,1,,0,0,0,0,0,0,4,,0,0,0,0,0,0,0,0,0,,0,0,,0,0,0,0
1602451008534,5,1010123456042,74,,1,2,2,1,1,,0,0,0,0,0,0,5,,0,0,0,0,0,0,0,0,0,,0,0,,0,0,0,0
1602451008785,5,1010123456042,74,,1,2,2,1,1,,0,0,0,0,0,0,5,,0,0,0,0,0,0,0,0,0,,0,0,,0,0,0,0
1602451009035,5,1010123456042,74,,1,2,2,1,1,,0,0,0,0,0,0,3,,0,0,0,0,0,0,0,0,0,,0,0,,0,0,0,0
1602451009285,5,1010123456042,74,,1,2,2,1,1,,0,0,0,0,0,0,5,,0,0,0,0,0,0,0,0,0,,0,0,,0,0,0,0
1602451009535,5,1010123456042,74,,1,2,2,1,1,,0,0,0,0,0,0,3.5,,0,0,0,0,0,0,0,0,0,,0,0,,0,0,0,0
1602451009785,5,1010123456042,74,,1,2,2,1,1,,0,0,0,0,0,0,4.75,,0,0,0,0,0,0,0,0,0,,0,0,,0,0,0,0
1602451010035,5,1010123456042,74,,1,2,2,1,1,,0,0,0,0,0,0,0.1,,0,0,0,0,0,0,0,0,0,,0,0,,0,0,0,0
1602451010285,5,1010123456042,74,,1,2,2,1,1,,0,0,0,0,0,0,5.5,,0,0,0,0,0,0,0,0,0,,0,0,,0,0,0,0
1602451010535,5,1010123456042,74,,1,2,2,1,1,,0,0,0,0,0,0,1,,0,0,0,0,0,0,0,0,0,,0,0,,0,0,0,0
1602451010785,5,1010123456042,74,,1,2,2,1,1,,0,0,0,0,0,0,14,,0,0,0,0,0,0,0,0,0,,0,0,,0,0,0,0
1602451011035,5,1010123456042,74,,1,2,2,1,1,,0,0,0,0,0,0,9,,0,0,0,0,0,0,0,0,0,,0,0,,0,0,0,0
1602451011285,5,1010123456042,74,,1,2,2,1,1,,0,0,0,0,0,0,5.33333,,0,0,0,0,0,0,0,0,0,,0,0,,0,0,0,0
1602451011535,5,1010123456042,74,,1,2,2,1,1,,0,0,0,0,0,0,12.5,,0,0,0,0,0,0,0,0,0,,0,0,,0,0,0,0
1602451011785,5,1010123456042,74,,1,2,2,1,1,,0,0,0,0,0,0,9.66667,,0,0,0,0,0,0,0,0,0,,0,0,,0,0,0,0
1602451012035,5,1010123456042,74,,1,2,2,1,1,,0,0,0,0,0,0,6.5,,0,0,0,0,0,0,0,0,0,,0,0,,0,0,0,0
1602451012285,5,1010123456042,74,,1,2,2,1,1,,0,0,0,0,0,0,10.6667,,0,0,0,0,0,0,0,0,0,,0,0,,0,0,0,0
1602451012534,5,1010123456042,74,,1,2,2,1,1,,0,0,0,0,0,0,9.5,,0,0,0,0,0,0,0,0,0,,0,0,,0,0,0,0
1602451012785,5,1010123456042,74,,1,2,2,1,1,,0,0,0,0,0,0,10.6667,,0,0,0,0,0,0,0,0,0,,0,0,,0,0,0,0
1602451013035,5,1010123456042,74,,1,2,2,1,1,,0,0,0,0,0,0,7.33333,,0,0,0,0,0,0,0,0,0,,0,0,,0,0,0,0
1602451013285,5,1010123456042,74,,1,2,2,1,1,,0,0,0,0,0,0,0.1,,0,0,0,0,0,0,0,0,0,,0,0,,0,0,0,0
1602451013535,5,1010123456042,74,,1,2,2,1,1,,0,0,0,0,0,0,11.5,,0,0,0,0,0,0,0,0,0,,0,0,,0,0,0,0
1602451013785,5,1010123456042,74,,1,2,2,1,1,,0,0,0,0,0,0,4.5,,0,0,0,0,0,0,0,0,0,,0,0,,0,0,0,0
1602451014035,5,1010123456042,74,,1,2,2,1,1,,0,0,0,0,0,0,5,,0,0,0,0,0,0,0,0,0,,0,0,,0,0,0,0
1602451014285,5,1010123456042,74,,1,2,2,1,1,,0,0,0,0,0,0,8.75,,0,0,0,0,0,0,0,0,0,,0,0,,0,0,0,0
1602451014535,5,1010123456042,74,,1,2,2,1,1,,0,0,0,0,0,0,0.1,,0,0,0,0,0,0,0,0,0,,0,0,,0,0,0,0
1602451014785,5,1010123456042,74,,1,2,2,1,1,,0,0,0,0,0,0,13,,0,0,0,0,0,0,0,0,0,,0,0,,0,0,0,0
1602451015034,5,1010123456042,74,,1,2,2,1,1,,0,0,0,0,0,0,0.1,,0,0,0,0,0,0,0,0,0,,0,0,,0,0,0,0
1602451015284,5,1010123456042,74,,1,2,2,1,1,,0,0,0,0,0,0,11,,0,0,0,0,0,0,0,0,0,,0,0,,0,0,0,0
1602451015535,5,1010123456042,74,,1,2,2,1,1,,0,0,0,0,0,0,3.5,,0,0,0,0,0,0,0,0,0,,0,0,,0,0,0,0
1602451015785,5,1010123456042,74,,1,2,2,1,1,,0,0,0,0,0,0,9.4,,0,0,0,0,0,0,0,0,0,,0,0,,0,0,0,0
1602451016035,5,1010123456042,74,,1,2,2,1,1,,0,0,0,0,0,0,0.1,,0,0,0,0,0,0,0,0,0,,0,0,,0,0,0,0
1602451016285,5,1010123456042,74,,1,2,2,1,1,,0,0,0,0,0,0,7.5,,0,0,0,0,0,0,0,0,0,,0,0,,0,0,0,0
1602451016535,5,1010123456042,74,,1,2,2,1,1,,0,0,0,0,0,0,0.1,,0,0,0,0,0,0,0,0,0,,0,0,,0,0,0,0
1602451016785,5,1010123456042,74,,1,2,2,1,1,,0,0,0,0,0,0,0.1,,0,0,0,0,0,0,0,0,0,,0,0,,0,0,0,0
1602451017035,5,1010123456042,74,,1,2,2,1,1,,0,0,0,0,0,0,0.1,,0,0,0,0,0,0,0,0,0,,0,0,,0,0,0,0
1602451017285,5,1010123456042,74,,1,2,2,1,1,,0,0,0,0,0,0,10.75,,0,0,0,0,0,0,0,0,0,,0,0,,0,0,0,0
1602451017534,5,1010123456042,74,,1,2,2,1,1,,0,0,0,0,0,0,6.25,,0,0,0,0,0,0,0,0,0,,0,0,,0,0,0,0
1602451017784,5,1010123456042,74,,1,2,2,1,1,,0,0,0,0,0,0,0.1,,0,0,0,0,0,0,0,0,0,,0,0,,0,0,0,0
1602451018035,5,1010123456042,74,,1,2,2,1,1,,0,0,0,0,0,0,12,,0,0,0,0,0,0,0,0,0,,0,0,,0,0,0,0
1602451018285,5,1010123456042,74,,1,2,2,1,1,,0,0,0,0,0,0,9.33333,,0,0,0,0,0,0,0,0,0,,0,0,,0,0,0,0
1602451018534,5,1010123456042,74,,1,2,2,1,1,,0,0,0,0,0,0,10,,0,0,0,0,0,0,0,0,0,,0,0,,0,0,0,0
1602451018785,5,1010123456042,74,,1,2,2,1,1,,0,0,0,0,0,0,6.5,,0,0,0,0,0,0,0,0,0,,0,0,,0,0,0,0
1602451019034,5,1010123456042,74,,1,2,2,1,1,,0,0,0,0,0,0,0.1,,0,0,0,0,0,0,0,0,0,,0,0,,0,0,0,0
1602451019285,5,1010123456042,74,,1,2,2,1,1,,0,0,0,0,0,0,3,,0,0,0,0,0,0,0,0,0,,0,0,,0,0,0,0
1602451019534,5,1010123456042,74,,1,2,2,1,1,,0,0,0,0,0,0,10.5,,0,0,0,0,0,0,0,0,0,,0,0,,0,0,0,0
1602451019785,5,1010123456042,74,,1,2,2,1,1,,0,0,0,0,0,0,6.25,,0,0,0,0,0,0,0,0,0,,0,0,,0,0,0,0
1602451020034,5,1010123456042,74,,1,2,2,1,1,,0,0,0,0,0,0,3,,0,0,0,0,0,0,0,0,0,,0,0,,0,0,0,0
1602451020285,5,1010123456042,74,,1,2,2,1,1,,0,0,0,0,0,0,9.33333,,0,0,0,0,0,0,0,0,0,,0,0,,0,0,0,0
1602451020534,5,1010123456042,74,,1,2,2,1,1,,0,0,0,0,0,0,7.33333,,0,0,0,0,0,0,0,0,0,,0,0,,0,0,0,0
1602451020785,5,1010123456042,74,,1,2,2,1,1,,0,0,0,0,0,0,6.5,,0,0,0,0,0,0,0,0,0,,0,0,,0,0,0,0
1602451021034,5,1010123456042,74,,1,2,2,1,1,,0,0,0,0,0,0,12.5,,0,0,0,0,0,0,0,0,0,,0,0,,0,0,0,0
1602451021284,5,1010123456042,74,,1,2,2,1,1,,0,0,0,0,0,0,9.66667,,0,0,0,0,0,0,0,0,0,,0,0,,0,0,0,0
1602451021534,5,1010123456042,74,,1,2,2,1,1,,0,0,0,0,0,0,10,,0,0,0,0,0,0,0,0,0,,0,0,,0,0,0,0
1602451021785,5,1010123456042,74,,1,2,2,1,1,,0,0,0,0,0,0,1.33333,,0,0,0,0,0,0,0,0,0,,0,0,,0,0,0,0
1602451022034,5,1010123456042,74,,1,2,2,1,1,,0,0,0,0,0,0,7.66667,,0,0,0,0,0,0,0,0,0,,0,0,,0,0,0,0
1602451022285,5,1010123456042,74,,1,2,2,1,1,,0,0,0,0,0,0,6,,0,0,0,0,0,0,0,0,0,,0,0,,0,0,0,0
1602451022535,5,1010123456042,74,,1,2,2,1,1,,0,0,0,0,0,0,14,,0,0,0,0,0,0,0,0,0,,0,0,,0,0,0,0
1602451022785,5,1010123456042,74,,1,2,2,1,1,,0,0,0,0,0,0,12,,0,0,0,0,0,0,0,0,0,,0,0,,0,0,0,0
1602451023035,5,1010123456042,74,,1,2,2,1,1,,0,0,0,0,0,0,10.5,,0,0,0,0,0,0,0,0,0,,0,0,,0,0,0,0
1602451023285,5,1010123456042,74,,1,2,2,1,1,,0,0,0,0,0,0,4,,0,0,0,0,0,0,0,0,0,,0,0,,0,0,0,0
1602451023535,5,1010123456042,74,,1,2,2,1,1,,0,0,0,0,0,0,4,,0,0,0,0,0,0,0,0,0,,0,0,,0,0,0,0
1602451023785,5,1010123456042,74,,1,2,2,1,1,,0,0,0,0,0,0,7.5,,0,0,0,0,0,0,0,0,0,,0,0,,0,0,0,0
1602451024034,5,1010123456042,74,,1,2,2,1,1,,0,0,0,0,0,0,8.25,,0,0,0,0,0,0,0,0,0,,0,0,,0,0,0,0
1602451024284,5,1010123456042,74,,1,2,2,1,1,,0,0,0,0,0,0,8.75,,0,0,0,0,0,0,0,0,0,,0,0,,0,0,0,0
1602451024535,5,1010123456042,74,,1,2,2,1,1,,0,0,0,0,0,0,2,,0,0,0,0,0,0,0,0,0,,0,0,,0,0,0,0
1602451024785,5,1010123456042,74,,1,2,2,1,1,,0,0,0,0,0,0,5.5,,0,0,0,0,0,0,0,0,0,,0,0,,0,0,0,0
1602451025034,5,1010123456042,74,,1,2,2,1,1,,0,0,0,0,0,0,14,,0,0,0,0,0,0,0,0,0,,0,0,,0,0,0,0
1602451025285,5,1010123456042,74,,1,2,2,1,1,,0,0,0,0,0,0,9,,0,0,0,0,0,0,0,0,0,,0,0,,0,0,0,0
1602451025535,5,1010123456042,74,,1,2,2,1,1,,0,0,0,0,0,0,7,,0,0,0,0,0,0,0,0,0,,0,0,,0,0,0,0
1602451025785,5,1010123456042,74,,1,2,2,1,1,,0,0,0,0,0,0,0.1,,0,0,0,0,0,0,0,0,0,,0,0,,0,0,0,0
1602451026035,5,1010123456042,74,,1,2,2,1,1,,0,0,0,0,0,0,7.8,,0,0,0,0,0,0,0,0,0,,0,0,,0,0,0,0
1602451026285,5,1010123456042,74,,1,2,2,1,1,,0,0,0,0,0,0,10,,0,0,0,0,0,0,0,0,0,,0,0,,0,0,0,0
1602451026534,5,1010123456042,74,,1,2,2,1,1,,0,0,0,0,0,0,0.1,,0,0,0,0,0,0,0,0,0,,0,0,,0,0,0,0
1602451026785,5,1010123456042,74,,1,2,2,1,1,,0,0,0,0,0,0,5,,0,0,0,0,0,0,0,0,0,,0,0,,0,0,0,0
1602451027035,5,1010123456042,74,,1,2,2,1,1,,0,0,0,0,0,0,1,,0,0,0,0,0,0,0,0,0,,0,0,,0,0,0,0
1602451027284,5,1010123456042,74,,1,2,2,1,1,,0,0,0,0,0,0,3,,0,0,0,0,0,0,0,0,0,,0,0,,0,0,0,0
1602451027535,5,1010123456042,74,,1,2,2,1,1,,0,0,0,0,0,0,3,,0,0,0,0,0,0,0,0,0,,0,0,,0,0,0,0
1602451027785,5,1010123456042,74,,1,2,2,1,1,,0,0,0,0,0,0,10,,0,0,0,0,0,0,0,0,0,,0,0,,0,0,0,0
1602451028034,5,1010123456042,74,,1,2,2,1,1,,0,0,0,0,0,0,13,,0,0,0,0,0,0,0,0,0,,0,0,,0,0,0,0
1602451028285,5,1010123456042,74,,1,2,2,1,1,,0,0,0,0,0,0,0.1,,0,0,0,0,0,0,0,0,0,,0,0,,0,0,0,0
1602451028535,5,1010123456042,74,,1,2,2,1,1,,0,0,0,0,0,0,10,,0,0,0,0,0,0,0,0,0,,0,0,,0,0,0,0
1602451028785,5,1010123456042,74,,1,2,2,1,1,,0,0,0,0,0,0,4.5,,0,0,0,0,0,0,0,0,0,,0,0,,0,0,0,0
1602451029035,5,1010123456042,74,,1,2,2,1,1,,0,0,0,0,0,0,9,,0,0,0,0,0,0,0,0,0,,0,0,,0,0,0,0
1602451029285,5,1010123456042,74,,1,2,2,1,1,,0,0,0,0,0,0,5,,0,0,0,0,0,0,0,0,0,,0,0,,0,0,0,0
1602451029535,5,1010123456042,74,,1,2,2,1,1,,0,0,0,0,0,0,9,,0,0,0,0,0,0,0,0,0,,0,0,,0,0,0,0
1602451029785,5,1010123456042,74,,1,2,2,1,1,,0,0,0,0,0,0,10.3333,,0,0,0,0,0,0,0,0,0,,0,0,,0,0,0,0
1602451030035,5,1010123456042,74,,1,2,2,1,1,,0,0,0,0,0,0,9,,0,0,0,0,0,0,0,0,0,,0,0,,0,0,0,0
1602451030284,5,1010123456042,74,,1,2,2,1,1,,0,0,0,0,0,0,6.75,,0,0,0,0,0,0,0,0,0,,0,0,,0,0,0,0
