Timestamp,num_ues,IMSI,RNTI,,slicing_enabled,slice_id,slice_prb,power_multiplier,scheduling_policy,,dl_mcs,dl_n_samples,dl_buffer [bytes],tx_brate downlink [Mbps],tx_pkts downlink,tx_errors downlink (%),dl_cqi,,ul_mcs,ul_n_samples,ul_buffer [bytes],rx_brate uplink [Mbps],rx_pkts uplink,rx_errors uplink (%),ul_rssi,ul_sinr,phr,,sum_requested_prbs,sum_granted_prbs,,dl_pmi,dl_ri,ul_n,ul_turbo_iters
1602697152623,9,1010123456022,81,,1,2,4,1,2,,3.26316,19,0,0.00638683,8,0,9.2,,9.8,30,0,0.1,11,36.3636,0,12.0195,31,,5,32,,0,0,0,4.83333
1602697152873,9,1010123456022,81,,1,2,4,1,2,,2.8125,32,0,0.0135582,13,0,7.5,,2.21951,41,0,0.1,16,0,0,9.03958,31,,0,56,,0,0,0,1
1602697153123,9,1010123456022,81,,1,2,4,1,2,,17.5,16,0,0.032996,7,0,9.66667,,12.5833,36,0,0.116627,13,23.0769,0,13.58,31,,0,28,,0,0,0,3.36111
1602697153373,9,1010123456022,81,,1,2,4,1,2,,18.0833,12,0,0.0155181,3,0,9,,0,0,0,0,0,0,0,0,0,,0,16,,0,0,0,0
1602697153623,9,1010123456022,81,,1,2,4,1,2,,0,0,0,0.00533333,2,0,8.6,,0,0,0,0,0,0,0,0,0,,0,0,,0,0,0,0
1602697153873,9,1010123456022,81,,1,2,4,1,2,,18,16,0,0.030912,6,0,8,,0,1,0,0.1,1,0,0,0,31,,0,28,,0,0,0,0
1602697154123,9,1010123456022,81,,1,2,4,1,2,,18,3,0,0.00517269,1,0,7.33333,,3.25,8,0,0.1,3,0,0,9.01232,31,,0,4,,0,0,0,1.5
1602697154373,9,1010123456022,81,,1,2,4,1,2,,18.1,10,0,0.0156787,4,0,11.25,,2,17,0,0.1,7,0,0,7.11597,0,,0,12,,0,0,0,1
1602697154623,9,1010123456022,81,,1,2,4,1,2,,9.29032,31,0,0.016704,12,0,10.3333,,0,0,0,0,0,0,0,0,0,,50,46,,0,0,0,0
1602697154874,9,1010123456022,81,,1,2,4,1,2,,7.8,20,0,0.011104,8,0,9.33333,,8.57143,7,0,0.1,3,66.6667,0,10.7218,31,,24,24,,0,0,0,6.14286
1602697155123,9,1010123456022,81,,1,2,4,1,2,,1,42,0,0.00735743,17,0,9.4,,0,4,0,0,2,100,0,0,0,,54,54,,0,0,0,0
1602697155373,9,1010123456022,81,,1,2,4,1,2,,0,0,0,0,0,0,13,,0,0,0,0,0,0,0,0,0,,0,0,,0,0,0,0
1602697155623,9,1010123456022,81,,1,2,4,1,2,,1.39344,61,0,0.013408,25,0,9.4,,0,0,0,0,0,0,0,0,0,,132,130,,0,0,0,0
1602697155873,9,1010123456022,81,,1,2,4,1,2,,17.7,10,0,0.0107309,4,0,9,,10.5,16,0,0.1,6,66.6667,0,7.09009,31,,8,8,,0,0,0,7.75
1602697156123,9,1010123456022,81,,1,2,4,1,2,,0.666667,72,0,0.013856,29,0,7.83333,,0,0,0,0,0,0,0,0,0,,136,136,,0,0,0,0
1602697156373,9,1010123456022,81,,1,2,4,1,2,,9.11539,26,0,0.0167068,11,0,5.8,,0,0,0,0,0,0,0,0,0,,50,46,,0,0,0,0
1602697156623,9,1010123456022,81,,1,2,4,1,2,,18.2,15,0,0.016,6,0,9.66667,,0,0,0,0,0,0,0,0,0,,12,12,,0,0,0,0
1602697156873,9,1010123456022,81,,1,2,4,1,2,,17.6364,11,0,0.0158072,5,0,11.75,,0,4,0,0.1,2,0,0,0,31,,66,66,,0,0,0,0
1602697157123,9,1010123456022,81,,1,2,4,1,2,,17.4074,27,0,0.0265703,10,0,11.25,,12,10,0,0.1,4,75,0,6.21426,0,,26,24,,0,0,0,9.8
1602697157373,9,1010123456022,81,,1,2,4,1,2,,16.5,12,158,0.016,6,0,6,,0,0,0,0,0,0,0,0,0,,56,52,,0,0,0,0
1602697157623,9,1010123456022,81,,1,2,4,1,2,,14.875,24,0,0.0215261,10,0,10.6,,0,0,0,0,0,0,0,0,0,,26,22,,0,0,0,0
1602697157873,9,1010123456022,81,,1,2,4,1,2,,6.23077,26,0,0.011584,11,0,7.75,,2,5,0,0.1,2,0,0,6.14766,31,,46,44,,0,0,0,1
1602697158123,9,1010123456022,81,,1,2,4,1,2,,5.33333,42,0,0.01232,17,0,7.66667,,7.30769,26,0,0.1,11,36.3636,0,11.2801,0,,40,38,,0,0,0,3.76923
1602697158373,9,1010123456022,81,,1,2,4,1,2,,18.0769,13,0,0.015776,5,0,11.6667,,0,0,0,0,0,0,0,0,0,,18,12,,0,0,0,0
1602697158623,9,1010123456022,81,,1,2,4,1,2,,18.3,10,0,0.0107309,4,0,11,,0,0,0,0,0,0,0,0,0,,8,8,,0,0,0,0
1602697158873,9,1010123456022,81,,1,2,4,1,2,,17.6,10,0,0.010688,4,0,8.5,,2,3,0,0.1,1,0,0,6.10691,31,,8,8,,0,0,0,1
1602697159123,9,1010123456022,81,,1,2,4,1,2,,7.63415,41,0,0.022528,17,0,5.75,,1.38095,21,0,0.1,8,0,0,11.3948,31,,58,54,,0,0,0,1
1602697159373,9,1010123456022,81,,1,2,4,1,2,,15.2308,13,0,0.01584,6,0,9.25,,0.1,3,0,0.1,1,0,0,18.9901,31,,20,14,,0,0,0,1
1602697159623,9,1010123456022,81,,1,2,4,1,2,,15.1429,21,115,0.021472,9,0,10.4,,0,0,0,0,0,0,0,0,0,,28,26,,0,0,0,0
1602697159873,9,1010123456022,81,,1,2,4,1,2,,14.7586,29,0,0.0272129,13,0,11.2,,0,2,0,0,1,100,0,0,0,,28,26,,0,0,0,0
1602697160123,9,1010123456022,81,,1,2,4,1,2,,8.09259,54,0,0.022944,21,0,9.5,,4.47368,19,0,0.1,8,12.5,0,6.10463,31,,46,42,,0,0,0,2.42105
1602697160373,9,1010123456022,81,,1,2,4,1,2,,6.84848,33,0,0.017253,14,0,9.75,,0,0,0,0,0,0,0,0,0,,60,60,,0,0,0,0
1602697160623,9,1010123456022,81,,1,2,4,1,2,,0,0,0,0,0,0,4.25,,0,0,0,0,0,0,0,0,0,,0,0,,0,0,0,0
1602697160873,9,1010123456022,81,,1,2,4,1,2,,16.6111,18,0,0.0213012,7,0,10.1667,,2.88,25,0,0.1,10,0,0,5.52952,31,,32,32,,0,0,0,1.56
1602697161123,9,1010123456022,81,,1,2,4,1,2,,18.1333,15,0,0.016,6,0,11,,0,0,0,0,0,0,0,0,0,,12,12,,0,0,0,0
1602697161373,9,1010123456022,81,,1,2,4,1,2,,10.4211,38,0,0.0274378,16,0,9.5,,0,0,0,0,0,0,0,0,0,,162,158,,0,0,0,0
1602697161623,9,1010123456022,81,,1,2,4,1,2,,18.5556,18,0,0.0211727,7,0,11.6667,,0,0,0,0,0,0,0,0,0,,19,22,,0,0,0,0
1602697161873,9,1010123456022,81,,1,2,4,1,2,,12.9375,32,0,0.0272129,13,0,9,,0,2,0,0.1,1,0,0,0,31,,38,32,,0,0,0,0
1602697162123,9,1010123456022,81,,1,2,4,1,2,,18,15,0,0.016,6,0,11,,4.21053,19,0,0.1,8,0,0,6.87796,31,,12,12,,0,0,0,1.10526
1602697162373,9,1010123456022,81,,1,2,4,1,2,,0,0,0,0,0,0,11.8,,0,0,0,0,0,0,0,0,0,,0,0,,0,0,0,0
1602697162623,9,1010123456022,81,,1,2,4,1,2,,18.2,5,0,0.00533333,2,0,11,,0,0,0,0,0,0,0,0,0,,4,4,,0,0,0,0
1602697162873,9,1010123456022,81,,1,2,4,1,2,,0,0,0,0,0,0,10.75,,0,2,0,0.1,1,0,0,0,31,,0,0,,0,0,0,0
1602697163123,9,1010123456022,81,,1,2,4,1,2,,2.45946,37,67,0.00816064,10,0,7.8,,0,8,0,0,4,100,0,0,0,,136,136,,0,0,0,0
1602697163373,9,1010123456022,81,,1,2,4,1,2,,6.51282,39,0,0.0213012,21,0,8.6,,0,0,0,0,0,0,0,0,0,,66,66,,0,0,0,0
1602697163623,9,1010123456022,81,,1,2,4,1,2,,7.61765,34,0,0.0172851,14,0,7.83333,,0,0,0,0,0,0,0,0,0,,44,44,,0,0,0,0
1602697163874,9,1010123456022,81,,1,2,4,1,2,,11.2222,18,0,0.01168,7,0,11.6,,1.375,16,0,0.1,6,0,0,10.6764,31,,64,64,,0,0,0,1
1602697164123,9,1010123456022,81,,1,2,4,1,2,,17.5,10,0,0.0106667,4,0,9,,0,0,0,0,0,0,0,0,0,,8,8,,0,0,0,0
1602697164373,9,1010123456022,81,,1,2,4,1,2,,2.59184,49,0,0.012755,20,0,8.8,,0,0,0,0,0,0,0,0,0,,102,100,,0,0,0,0
1602697164623,9,1010123456022,81,,1,2,4,1,2,,18.3333,15,0,0.0161285,6,0,10.2,,0,0,0,0,0,0,0,0,0,,16,16,,0,0,0,0
1602697164873,9,1010123456022,81,,1,2,4,1,2,,0,0,0,0,0,0,9.25,,0.1,3,0,0.1,1,0,0,16.1533,31,,0,0,,0,0,0,1
1602697165123,9,1010123456022,81,,1,2,4,1,2,,18.3,10,0,0.010688,4,0,8.75,,10.2857,7,0,0.1,3,0,0,13.8858,31,,40,36,,0,0,0,1.85714
1602697165373,9,1010123456022,81,,1,2,4,1,2,,17.8667,15,0,0.016,6,0,9.16667,,0,0,0,0,0,0,0,0,0,,12,12,,0,0,0,0
1602697165623,9,1010123456022,81,,1,2,4,1,2,,18.7222,18,0,0.02192,7,0,8.8,,0,0,0,0,0,0,0,0,0,,16,14,,0,0,0,0
1602697165873,9,1010123456022,81,,1,2,4,1,2,,14.4,5,0,0.00528,2,0,10.6667,,0,8,0,0,4,100,0,0,0,,8,6,,0,0,0,0
1602697166123,9,1010123456022,81,,1,2,4,1,2,,7.98214,56,0,0.028192,22,0,9.16667,,3.73333,30,0,0.1,13,15.3846,0,6.43823,31,,66,60,,0,0,0,2.6
1602697166373,9,1010123456022,81,,1,2,4,1,2,,5.85366,41,0,0.017216,16,0,9.83333,,0,0,0,0,0,0,0,0,0,,144,142,,0,0,0,0
1602697166623,9,1010123456022,81,,1,2,4,1,2,,4.58696,46,0,0.0125622,19,0,9.2,,0,0,0,0,0,0,0,0,0,,66,66,,0,0,0,0
1602697166873,9,1010123456022,81,,1,2,4,1,2,,6.95238,21,0,0.011488,9,0,11,,0,2,0,0.1,1,0,0,0,31,,30,30,,0,0,0,0
1602697167123,9,1010123456022,81,,1,2,4,1,2,,19.9167,12,0,0.016544,5,0,12,,0,8,0,0,4,100,0,0,0,,10,10,,0,0,0,0
1602697167373,9,1010123456022,81,,1,2,4,1,2,,16.9,10,0,0.010624,4,0,11,,0,0,0,0,0,0,0,0,0,,10,8,,0,0,0,0
1602697167623,9,1010123456022,81,,1,2,4,1,2,,17.5,6,0,0.005312,2,0,11.5,,0,0,0,0,0,0,0,0,0,,6,4,,0,0,0,0
1602697167873,9,1010123456022,81,,1,2,4,1,2,,2.5082,61,4,0.0156145,18,0,8.33333,,0.1,3,0,0.1,1,0,0,17.7731,31,,188,186,,0,0,0,1
1602697168123,9,1010123456022,81,,1,2,4,1,2,,7.43137,51,0,0.0312,28,0,11,,12.8,5,0,0.1,2,0,0,11.2757,31,,84,84,,0,0,0,1.6
1602697168373,9,1010123456022,81,,1,2,4,1,2,,16.6667,15,0,0.0159036,6,0,8,,0,0,0,0,0,0,0,0,0,,68,66,,0,0,0,0
1602697168623,9,1010123456022,81,,1,2,4,1,2,,0.35443,79,0,0.014336,32,0,6.14286,,0,0,0,0,0,0,0,0,0,,212,206,,0,0,0,0
1602697168873,9,1010123456022,81,,1,2,4,1,2,,2.83824,68,0,0.0171245,26,0,10,,2,3,0,0.1,1,0,0,16.6535,31,,134,130,,0,0,0,1
1602697169123,9,1010123456022,81,,1,2,4,1,2,,17.75,16,0,0.01776,7,0,11.25,,13,6,0,0.1,2,0,0,12.8995,31,,14,12,,0,0,0,2.5
1602697169373,9,1010123456022,81,,1,2,4,1,2,,18.4,5,0,0.005376,2,0,8.2,,0,0,0,0,0,0,0,0,0,,4,4,,0,0,0,0
1602697169623,9,1010123456022,81,,1,2,4,1,2,,0,0,0,0,0,0,9,,0,0,0,0,0,0,0,0,0,,0,0,,0,0,0,0
1602697169873,9,1010123456022,81,,1,2,4,1,2,,18.2,15,0,0.016,6,0,10.3333,,4,3,0,0.1,1,0,0,15.462,31,,12,12,,0,0,0,1
1602697170123,9,1010123456022,81,,1,2,4,1,2,,17.4,10,0,0.0107309,4,0,6.66667,,10.8,5,0,0.1,2,0,0,16.6719,31,,104,102,,0,0,0,1
1602697170373,9,1010123456022,81,,1,2,4,1,2,,11.5714,49,0,0.0329639,19,0,7,,0,0,0,0,0,0,0,0,0,,72,68,,0,0,0,0
1602697170623,9,1010123456022,81,,1,2,4,1,2,,17.4,10,0,0.0107309,4,0,8.66667,,0,0,0,0,0,0,0,0,0,,8,8,,0,0,0,0
1602697170873,9,1010123456022,81,,1,2,4,1,2,,16.2,15,0,0.0160321,6,0,9.75,,0,10,0,0.1,5,80,0,0,31,,10,12,,0,0,0,0
1602697171123,9,1010123456022,81,,1,2,4,1,2,,17.1667,24,0,0.02656,10,0,11.3333,,12,11,0,0,4,100,0,3.27228,0,,22,20,,0,0,0,10
1602697171373,9,1010123456022,81,,1,2,4,1,2,,17.6667,21,0,0.0213333,8,0,9,,0,0,0,0,0,0,0,0,0,,20,20,,0,0,0,0
1602697171623,9,1010123456022,81,,1,2,4,1,2,,15,11,0,0.010624,4,0,10.5,,0,0,0,0,0,0,0,0,0,,10,8,,0,0,0,0
1602697171873,9,1010123456022,81,,1,2,4,1,2,,9.9,30,0,0.0168,12,0,7,,0.1,3,0,0.1,1,0,0,15.0079,31,,26,26,,0,0,0,1
1602697172123,9,1010123456022,81,,1,2,4,1,2,,9.66667,15,0,0.0112,6,0,10.4,,4.72727,11,0,0.1,4,0,0,6.4526,31,,16,14,,0,0,0,2.90909
1602697172373,9,1010123456022,81,,1,2,4,1,2,,6.42857,21,0,0.011456,9,0,8.75,,0,0,0,0,0,0,0,0,0,,46,46,,0,0,0,0
1602697172623,9,1010123456022,81,,1,2,4,1,2,,0,0,0,0,0,0,10.75,,0,0,0,0,0,0,0,0,0,,0,0,,0,0,0,0
1602697172873,9,1010123456022,81,,1,2,4,1,2,,18.2,5,0,0.005312,2,0,8,,0,2,0,0.1,1,0,0,0,31,,4,4,,0,0,0,0
1602697173123,9,1010123456022,81,,1,2,4,1,2,,15.7647,17,0,0.016192,7,0,8.16667,,13.2,5,0,0.1,2,0,0,13.3979,31,,14,14,,0,0,0,1.8
1602697173373,9,1010123456022,81,,1,2,4,1,2,,9.9,20,0,0.011136,8,0,6.33333,,0,0,0,0,0,0,0,0,0,,114,110,,0,0,0,0
1602697173623,9,1010123456022,81,,1,2,4,1,2,,8.69231,26,0,0.0165783,11,0,9.25,,0,0,0,0,0,0,0,0,0,,48,44,,0,0,0,0
1602697173873,9,1010123456022,81,,1,2,4,1,2,,0.1,163,0,0.02384,65,0,3.75,,0,2,0,0.1,1,0,0,0,31,,324,324,,0,0,0,0
1602697174123,9,1010123456022,81,,1,2,4,1,2,,7.05882,34,0,0.01696,14,0,8.25,,0.190476,21,0,0.1,9,0,0,3.71259,31,,86,84,,0,0,0,1
1602697174373,9,1010123456022,81,,1,2,4,1,2,,16.8,5,0,0.00533333,2,0,12,,0.1,3,0,0.1,1,0,0,15.4677,31,,4,4,,0,0,0,1
1602697174623,9,1010123456022,81,,1,2,4,1,2,,0.1,56,0,0.008096,23,0,10,,0,0,0,0,0,0,0,0,0,,136,136,,0,0,0,0
1602697174873,9,1010123456022,81,,1,2,4,1,2,,15.8,5,140,0.005312,2,0,9.66667,,13.2,5,0,0.1,2,0,0,17.8082,31,,6,6,,0,0,0,1
1602697175123,9,1010123456022,81,,1,2,4,1,2,,6,15,0,0.005952,6,0,8.2,,6.11111,27,0,0.1,10,40,0,10.9316,0,,14,14,,0,0,0,5
1602697175373,9,1010123456022,81,,1,2,4,1,2,,6.48148,27,109,0.011328,6,0,6.5,,0,0,0,0,0,0,0,0,0,,60,60,,0,0,0,0
1602697175623,9,1010123456022,81,,1,2,4,1,2,,14.08,25,0,0.0271486,15,0,11.6,,0,0,0,0,0,0,0,0,0,,28,28,,0,0,0,0
1602697175873,9,1010123456022,81,,1,2,4,1,2,,8.18519,27,0,0.011502,11,0,6.8,,14,11,0,0,4,100,0,3.45159,0,,28,24,,0,0,0,10
1602697176123,9,1010123456022,81,,1,2,4,1,2,,2.6087,46,0,0.0126908,19,0,4.75,,3.95455,22,0,0.1,9,0,0,12.4755,31,,58,58,,0,0,0,1
1602697176373,9,1010123456022,81,,1,2,4,1,2,,6,8,0,0.00562249,3,0,9,,0,0,0,0,0,0,0,0,0,,34,34,,0,0,0,0
1602697176623,9,1010123456022,81,,1,2,4,1,2,,9.25,28,0,0.0217831,12,0,10,,0,0,0,0,0,0,0,0,0,,116,116,,0,0,0,0
1602697176873,9,1010123456022,81,,1,2,4,1,2,,0,0,0,0,0,0,5.5,,13.2,5,0,0.1,2,0,0,15.6369,31,,0,0,,0,0,0,1
1602697177123,9,1010123456022,81,,1,2,4,1,2,,0.909091,33,158,0.006688,12,0,6,,12.8,5,0,0.1,2,0,0,11.7062,31,,168,168,,0,0,0,1.6
1602697177373,9,1010123456022,81,,1,2,4,1,2,,18.6471,17,0,0.021024,7,0,10.2,,4,3,0,0.1,1,0,0,7.83609,31,,122,122,,0,0,0,1
1602697177623,9,1010123456022,81,,1,2,4,1,2,,18,5,0,0.005312,2,0,10.8,,0,0,0,0,0,0,0,0,0,,4,4,,0,0,0,0
1602697177873,9,1010123456022,81,,1,2,4,1,2,,0,0,0,0,0,0,9,,2,3,0,0.1,1,0,0,16.0401,31,,0,0,,0,0,0,1
1602697178123,9,1010123456022,81,,1,2,4,1,2,,18,5,0,0.005312,2,0,9.8,,14,9,0,0,3,100,0,4.29835,0,,8,8,,0,0,0,10
1602697178373,9,1010123456022,81,,1,2,4,1,2,,6.42222,45,158,0.022528,18,0,9,,9.2,5,0,0.1,2,50,0,6.29753,31,,74,70,,0,0,0,6.4
1602697178623,9,1010123456022,81,,1,2,4,1,2,,18.2,5,0,0.005312,2,0,10.25,,0,0,0,0,0,0,0,0,0,,4,4,,0,0,0,0
1602697178873,9,1010123456022,81,,1,2,4,1,2,,17.7333,15,0,0.016064,6,0,12,,0,2,0,0.1,1,0,0,0,31,,20,20,,0,0,0,0
1602697179123,9,1010123456022,81,,1,2,4,1,2,,20.3077,13,0,0.0159679,5,0,11.5,,2.48276,29,0,0.1,11,9.09091,0,6.00284,31,,16,12,,0,0,0,2.65517
1602697179373,9,1010123456022,81,,1,2,4,1,2,,3.30263,76,0,0.023968,29,0,9.75,,0,0,0,0,0,0,0,0,0,,180,184,,0,0,0,0
1602697179623,9,1010123456022,81,,1,2,4,1,2,,7.86364,22,0,0.0114056,9,0,7,,0,0,0,0,0,0,0,0,0,,24,24,,0,0,0,0
1602697179873,9,1010123456022,81,,1,2,4,1,2,,0,0,0,0,0,0,6.4,,0,2,0,0.1,1,0,0,0,31,,0,0,,0,0,0,0
1602697180123,9,1010123456022,81,,1,2,4,1,2,,5.825,40,0,0.017312,16,0,9,,5,10,0,0.1,4,0,0,6.69289,31,,74,72,,0,0,0,2.5
1602697180373,9,1010123456022,81,,1,2,4,1,2,,18.2,5,0,0.00533333,2,0,9,,0.1,3,0,0.1,1,0,0,15.5902,31,,4,4,,0,0,0,1
1602697180623,9,1010123456022,81,,1,2,4,1,2,,9.75,32,0,0.016832,13,0,7.5,,0,0,0,0,0,0,0,0,0,,30,26,,0,0,0,0
1602697180873,9,1010123456022,81,,1,2,4,1,2,,5.71429,35,0,0.0170281,14,0,7.66667,,0,4,0,0.1,2,0,0,0,31,,72,72,,0,0,0,0
1602697181123,9,1010123456022,81,,1,2,4,1,2,,16.4545,22,0,0.0214297,9,0,11.3333,,0,0,0,0,0,0,0,0,0,,18,18,,0,0,0,0
1602697181373,9,1010123456022,81,,1,2,4,1,2,,1,60,0,0.013408,25,0,7.8,,0,0,0,0,0,0,0,0,0,,124,124,,0,0,0,0
1602697181623,9,1010123456022,81,,1,2,4,1,2,,13.8519,27,0,0.0218474,11,0,12.5,,0,0,0,0,0,0,0,0,0,,26,26,,0,0,0,0
1602697181873,9,1010123456022,81,,1,2,4,1,2,,0,0,0,0,0,0,7.25,,0,0,0,0,0,0,0,0,0,,0,0,,0,0,0,0
1602697182123,9,1010123456022,81,,1,2,4,1,2,,10.6538,26,0,0.0166104,11,0,12.4,,3.66667,18,0,0.1,7,0,0,6.99272,31,,34,32,,0,0,0,2.44444
1602697182373,9,1010123456022,81,,1,2,4,1,2,,17.8889,9,0,0.010624,4,0,11.25,,0.1,3,0,0.1,1,0,0,6.07841,31,,10,8,,0,0,0,1
1602697182623,9,1010123456022,81,,1,2,4,1,2,,0,0,0,0,0,0,8.16667,,0,2,0,0.1,1,0,0,0,31,,0,0,,0,0,0,0
1602697182873,9,1010123456022,81,,1,2,4,1,2,,0,0,0,0,0,0,10,,0,2,0,0.1,1,0,0,0,31,,0,0,,0,0,0,0
1602697183123,9,1010123456022,81,,1,2,4,1,2,,17.1,20,0,0.0214618,8,0,9.25,,12,10,0,0,4,100,0,4.19901,0,,16,16,,0,0,0,10
1602697183373,9,1010123456022,81,,1,2,4,1,2,,16.7143,14,0,0.0107952,4,0,10.75,,0,0,0,0,0,0,0,0,0,,11,12,,0,0,0,0
1602697183623,9,1010123456022,81,,1,2,4,1,2,,11.0588,17,0,0.0163213,9,0,10.6,,0,0,0,0,0,0,0,0,0,,38,30,,0,0,0,0
1602697183873,9,1010123456022,81,,1,2,4,1,2,,13.1765,34,0,0.027168,14,0,10.25,,4.46154,39,0,0.1,14,28.5714,0,6.5245,31,,36,32,,0,0,0,3.76923
1602697184123,9,1010123456022,81,,1,2,4,1,2,,8.22222,27,0,0.01152,11,0,10,,0,2,0,0.1,1,0,0,0,31,,26,24,,0,0,0,0
1602697184373,9,1010123456022,81,,1,2,4,1,2,,5.59615,52,0,0.0232,21,0,8.2,,0,0,0,0,0,0,0,0,0,,134,124,,0,0,0,0
1602697184623,9,1010123456022,81,,1,2,4,1,2,,10.8,15,0,0.011072,6,0,8.42857,,0,0,0,0,0,0,0,0,0,,22,20,,0,0,0,0
1602697184873,9,1010123456022,81,,1,2,4,1,2,,17.7333,15,0,0.016064,6,0,12,,12,3,0,0.1,1,0,0,16.0428,31,,12,12,,0,0,0,1
1602697185123,9,1010123456022,81,,1,2,4,1,2,,3.96364,55,0,0.0180241,22,0,9.5,,12.4,5,0,0.1,2,0,0,12.511,31,,64,64,,0,0,0,1.4
1602697185373,9,1010123456022,81,,1,2,4,1,2,,0,0,0,0,0,0,8.4,,0,0,0,0,0,0,0,0,0,,0,0,,0,0,0,0
1602697185623,9,1010123456022,81,,1,2,4,1,2,,20.375,8,0,0.011232,3,0,13.5,,0,0,0,0,0,0,0,0,0,,6,6,,0,0,0,0
1602697185873,9,1010123456022,81,,1,2,4,1,2,,18.2,5,0,0.005312,2,0,8.33333,,0,2,0,0.1,1,0,0,0,31,,4,4,,0,0,0,0
1602697186123,9,1010123456022,81,,1,2,4,1,2,,0,0,0,0,0,0,9.66667,,0,0,0,0,0,0,0,0,0,,0,0,,0,0,0,0
1602697186373,9,1010123456022,81,,1,2,4,1,2,,17.4167,24,0,0.0266988,10,0,11.75,,13.2,5,0,0.1,2,0,0,13.5548,31,,22,20,,0,0,0,2.4
1602697186623,9,1010123456022,81,,1,2,4,1,2,,17,19,0,0.016,6,0,11.6667,,0,0,0,0,0,0,0,0,0,,26,24,,0,0,0,0
1602697186873,9,1010123456022,81,,1,2,4,1,2,,18.0417,24,0,0.031872,12,0,12,,1.2,5,0,0.1,2,0,0,9.14573,31,,22,22,,0,0,0,1
1602697187123,9,1010123456022,81,,1,2,4,1,2,,0,0,0,0,0,0,9.33333,,0,0,0,0,0,0,0,0,0,,0,0,,0,0,0,0
1602697187373,9,1010123456022,81,,1,2,4,1,2,,8.81081,37,0,0.0222329,15,0,9.25,,13.2,5,0,0.1,2,0,0,13.5635,31,,46,40,,0,0,0,1.8
1602697187623,9,1010123456022,81,,1,2,4,1,2,,1.21935,155,0,0.0337028,63,0,8.75,,0,0,0,0,0,0,0,0,0,,292,290,,0,0,0,0
1602697187873,9,1010123456022,81,,1,2,4,1,2,,17.875,16,0,0.015936,6,0,11,,0,2,0,0.1,1,0,0,0,31,,16,14,,0,0,0,0
1602697188123,9,1010123456022,81,,1,2,4,1,2,,17.1765,17,0,0.0213655,8,0,12.2,,0.3,20,0,0.1,8,0,0,5.49611,31,,32,22,,0,0,0,1
1602697188373,9,1010123456022,81,,1,2,4,1,2,,17.4667,15,0,0.0107309,4,0,11.5,,0,0,0,0,0,0,0,0,0,,12,12,,0,0,0,0
1602697188623,9,1010123456022,81,,1,2,4,1,2,,17.5,10,0,0.016,6,0,8.4,,0,0,0,0,0,0,0,0,0,,12,12,,0,0,0,0
1602697188873,9,1010123456022,81,,1,2,4,1,2,,16.1395,43,0,0.0428916,18,0,11.2,,0.1,6,0,0.1,2,0,0,5.73353,31,,37,40,,0,0,0,1
1602697189123,9,1010123456022,81,,1,2,4,1,2,,4.55814,43,0,0.017568,18,0,8,,1.07692,13,0,0.1,6,0,0,5.69371,0,,90,88,,0,0,0,1
1602697189373,9,1010123456022,81,,1,2,4,1,2,,16.7,10,0,0.0107309,4,0,11.3333,,0,0,0,0,0,0,0,0,0,,8,8,,0,0,0,0
1602697189623,9,1010123456022,81,,1,2,4,1,2,,17.4,10,0,0.0107309,4,0,9.42857,,0,2,0,0.1,1,0,0,0,31,,8,8,,0,0,0,0
1602697189873,9,1010123456022,81,,1,2,4,1,2,,0,0,0,0,0,0,9.66667,,10,12,0,0.1,6,66.6667,0,9.47366,31,,0,0,,0,0,0,6.25
1602697190123,9,1010123456022,81,,1,2,4,1,2,,13.4286,7,0,0.005408,3,0,4.75,,12.5278,36,0,0.170784,14,7.14286,0,15.654,31,,6,6,,0,0,0,1.97222
1602697190373,9,1010123456022,81,,1,2,4,1,2,,0,0,0,0,0,0,9,,0,0,0,0,0,0,0,0,0,,0,0,,0,0,0,0
1602697190623,9,1010123456022,81,,1,2,4,1,2,,9.86842,38,0,0.022208,15,0,10.6,,0,0,0,0,0,0,0,0,0,,36,32,,0,0,0,0
1602697190873,9,1010123456022,81,,1,2,4,1,2,,9.27273,33,0,0.01152,11,0,11.6667,,14,3,0,0.1,1,0,0,15.1899,31,,28,26,,0,0,0,1
1602697191123,9,1010123456022,81,,1,2,4,1,2,,17.2667,15,0,0.021376,8,0,9.25,,0,2,0,0.1,1,0,0,0,0,,14,12,,0,0,0,0
1602697191373,9,1010123456022,81,,1,2,4,1,2,,16.2,10,0,0.010688,4,0,8,,0,0,0,0,0,0,0,0,0,,8,8,,0,0,0,0
1602697191623,9,1010123456022,81,,1,2,4,1,2,,17.6,25,0,0.026624,10,0,12.4,,0,0,0,0,0,0,0,0,0,,22,20,,0,0,0,0
1602697191873,9,1010123456022,81,,1,2,4,1,2,,4.48889,45,0,0.017728,18,0,7.6,,0,6,240,0.1,3,0,0,0,31,,120,120,,0,0,0,0
1602697192123,9,1010123456022,81,,1,2,4,1,2,,4.1746,63,0,0.018464,26,0,7,,0.736842,19,0,0.1,8,0,0,7.26328,0,,66,62,,0,0,0,1
1602697192373,9,1010123456022,81,,1,2,4,1,2,,17.8667,15,0,0.016064,6,0,9,,0,0,0,0,0,0,0,0,0,,12,12,,0,0,0,0
1602697192623,9,1010123456022,81,,1,2,4,1,2,,18.4,10,0,0.010752,4,0,13.25,,0,0,0,0,0,0,0,0,0,,8,8,,0,0,0,0
1602697192873,9,1010123456022,81,,1,2,4,1,2,,8.78125,32,0,0.016832,13,0,10.75,,10.1818,11,0,0.1,5,80,0,4.19138,31,,38,32,,0,0,0,7.54545
1602697193123,9,1010123456022,81,,1,2,4,1,2,,18.2,5,0,0.005312,2,0,12.4,,0.1,24,0,0.1,10,0,0,6.35199,0,,4,4,,0,0,0,1
1602697193373,9,1010123456022,81,,1,2,4,1,2,,18.0714,14,0,0.0161285,6,0,10,,0,0,0,0,0,0,0,0,0,,14,12,,0,0,0,0
1602697193623,9,1010123456022,81,,1,2,4,1,2,,15.3333,18,0,0.016096,7,0,11,,0,0,0,0,0,0,0,0,0,,14,14,,0,0,0,0
1602697193873,9,1010123456022,81,,1,2,4,1,2,,14.9333,30,0,0.026816,12,0,8.5,,0,2,0,0.1,1,0,0,0,31,,32,30,,0,0,0,0
1602697194123,9,1010123456022,81,,1,2,4,1,2,,17.6667,30,0,0.031872,12,0,11.5,,7.4,15,0,0.1,6,33.3333,0,6.2093,31,,24,24,,0,0,0,4.8
1602697194373,9,1010123456022,81,,1,2,4,1,2,,5.59259,54,119,0.018506,18,0,4.8,,2,3,0,0.1,1,0,0,16.0705,31,,104,100,,0,0,0,1
1602697194623,9,1010123456022,81,,1,2,4,1,2,,4.95,20,0,0.00578313,12,0,7.33333,,0,0,0,0,0,0,0,0,0,,18,18,,0,0,0,0
1602697194873,9,1010123456022,81,,1,2,4,1,2,,18.8824,17,0,0.0212691,7,0,8.5,,0,4,0,0.1,2,0,0,0,31,,14,14,,0,0,0,0
1602697195123,9,1010123456022,81,,1,2,4,1,2,,0.1,57,0,0.00812851,23,0,8.8,,12,3,0,0.1,1,0,0,8.59184,0,,104,104,,0,0,0,3
1602697195373,9,1010123456022,81,,1,2,4,1,2,,17.6,5,0,0.005344,2,0,11.75,,0,0,0,0,0,0,0,0,0,,4,4,,0,0,0,0
1602697195623,9,1010123456022,81,,1,2,4,1,2,,18.2,5,0,0.00533333,2,0,11.8,,0,0,0,0,0,0,0,0,0,,4,4,,0,0,0,0
1602697195873,9,1010123456022,81,,1,2,4,1,2,,14.1818,11,0,0.0107631,5,0,9,,4,3,0,0.1,1,0,0,17.9126,31,,14,10,,0,0,0,1
1602697196123,9,1010123456022,81,,1,2,4,1,2,,12.1,40,0,0.0329317,18,0,8.25,,16,12,0,0,4,100,0,6.13596,0,,44,46,,0,0,0,10
1602697196373,9,1010123456022,81,,1,2,4,1,2,,14.6,10,0,0.010656,4,0,12,,0,0,0,0,0,0,0,0,0,,10,8,,0,0,0,0
1602697196623,9,1010123456022,81,,1,2,4,1,2,,0,4,0,0.00533333,2,0,7.2,,0,0,0,0,0,0,0,0,0,,86,82,,0,0,0,0
1602697196873,9,1010123456022,81,,1,2,4,1,2,,0.1,94,53,0.01056,30,0,3.8,,0.1,3,0,0.1,1,0,0,6.02154,31,,380,378,,0,0,0,1
1602697197123,9,1010123456022,81,,1,2,4,1,2,,5.78571,28,0,0.011008,18,0,9.5,,14.8696,46,0,0.116736,20,60,0,10.589,31,,48,48,,0,0,0,5.86957
1602697197373,9,1010123456022,81,,1,2,4,1,2,,12,15,0,0.016384,8,0,8.8,,0,0,0,0,0,0,0,0,0,,70,66,,0,0,0,0
1602697197623,9,1010123456022,81,,1,2,4,1,2,,17,5,0,0.005312,2,0,7.6,,0,0,0,0,0,0,0,0,0,,4,4,,0,0,0,0
1602697197873,9,1010123456022,81,,1,2,4,1,2,,16.8667,15,0,0.016,6,0,9,,10,10,0,0.1,4,25,0,11.1431,31,,12,12,,0,0,0,4
1602697198123,9,1010123456022,81,,1,2,4,1,2,,16.9524,21,0,0.021472,8,0,12.25,,0,0,0,0,0,0,0,0,0,,20,20,,0,0,0,0
1602697198373,9,1010123456022,81,,1,2,4,1,2,,10.3913,23,0,0.016257,9,0,9,,0,0,0,0,0,0,0,0,0,,34,32,,0,0,0,0
1602697198623,9,1010123456022,81,,1,2,4,1,2,,4.46753,77,0,0.024032,29,0,9.4,,0,0,0,0,0,0,0,0,0,,120,120,,0,0,0,0
1602697198873,9,1010123456022,81,,1,2,4,1,2,,18.3077,13,0,0.021312,8,0,12.4,,0.944444,18,0,0.1,7,0,0,5.39424,31,,14,12,,0,0,0,1
1602697199123,9,1010123456022,81,,1,2,4,1,2,,17,10,0,0.010624,4,0,10.25,,0,0,0,0,0,0,0,0,0,,8,8,,0,0,0,0
1602697199373,9,1010123456022,81,,1,2,4,1,2,,8.18519,27,0,0.01152,11,0,7.25,,0,0,0,0,0,0,0,0,0,,36,34,,0,0,0,0
1602697199623,9,1010123456022,81,,1,2,4,1,2,,16.6,10,0,0.0107952,4,0,8.8,,0,0,0,0,0,0,0,0,0,,8,8,,0,0,0,0
1602697199873,9,1010123456022,81,,1,2,4,1,2,,12.6667,12,0,0.0109558,5,0,11.4,,0,0,0,0,0,0,0,0,0,,18,16,,0,0,0,0
1602697200123,9,1010123456022,81,,1,2,4,1,2,,16.4865,37,0,0.037472,15,0,10.75,,0.1,18,0,0.1,8,0,0,5.37102,31,,30,30,,0,0,0,1
1602697200373,9,1010123456022,81,,1,2,4,1,2,,17.6,10,0,0.0107309,4,0,10,,0,0,0,0,0,0,0,0,0,,8,8,,0,0,0,0
1602697200623,9,1010123456022,81,,1,2,4,1,2,,17.5,6,0,0.005312,2,0,10.8333,,0,0,0,0,0,0,0,0,0,,6,4,,0,0,0,0
1602697200873,10,1010123456022,81,,1,2,4,1,2,,18.4,5,0,0.005376,2,0,11.25,,0,4,0,0.1,2,0,0,0,31,,10,8,,0,0,0,0
1602697201123,10,1010123456022,81,,1,2,4,1,2,,13.093,43,0,0.0271486,15,0,11,,0.947368,19,0,0.1,8,0,0,5.1712,31,,40,38,,0,0,0,1
1602697201373,10,1010123456022,81,,1,2,4,1,2,,3.77551,49,67,0.0190843,17,0,8,,0,0,0,0,0,0,0,0,0,,130,126,,0,0,0,0
1602697201623,10,1010123456022,81,,1,2,4,1,2,,10.2,25,0,0.0161606,15,0,8.2,,0,0,0,0,0,0,0,0,0,,71,68,,0,0,0,0
1602697201873,10,1010123456022,81,,1,2,4,1,2,,17.5385,13,206,0.0156145,5,0,11.5,,0,2,0,0.1,1,0,0,0,31,,7,10,,0,0,0,0
1602697202123,10,1010123456022,81,,1,2,4,1,2,,19.4,10,158,0.0157751,5,0,7,,0.545455,22,0,0.1,9,0,0,5.97528,31,,8,10,,0,0,0,1
1602697202373,10,1010123456022,81,,1,2,4,1,2,,1.45161,93,0,0.0201124,37,0,8.33333,,0,0,0,0,0,0,0,0,0,,233,220,,0,0,0,0
1602697202623,10,1010123456022,81,,1,2,4,1,2,,3.19149,47,158,0.0182811,18,0,12.6667,,0,0,0,0,0,0,0,0,0,,121,120,,0,0,0,0
1602697202873,10,1010123456022,81,,1,2,4,1,2,,17.1667,24,0,0.026624,10,0,12.25,,2,5,0,0.1,2,0,0,12.0742,31,,15,18,,0,0,0,1
1602697203123,10,1010123456022,81,,1,2,4,1,2,,0,0,0,0,0,0,9.5,,2.72727,22,0,0.1,9,0,0,7.18087,0,,0,0,,0,0,0,1.09091
1602697203373,10,1010123456022,81,,1,2,4,1,2,,16.2,10,0,0.010688,4,0,11.5,,0,0,0,0,0,0,0,0,0,,4,8,,0,0,0,0
1602697203623,10,1010123456022,81,,1,2,4,1,2,,17.2727,11,0,0.010688,4,0,12.2,,0,0,0,0,0,0,0,0,0,,14,8,,0,0,0,0
1602697203873,10,1010123456022,81,,1,2,4,1,2,,1.09677,62,0,0.013408,25,0,8.2,,0.1,3,0,0.1,1,0,0,5.95769,31,,172,174,,0,0,0,1
1602697204123,10,1010123456022,81,,1,2,4,1,2,,3.05556,36,0,0.012128,15,0,9.5,,0.1,23,0,0.1,9,0,0,4.31766,31,,62,62,,0,0,0,1
1602697204373,10,1010123456022,81,,1,2,4,1,2,,16.95,20,0,0.021248,8,0,8.75,,0,0,0,0,0,0,0,0,0,,14,16,,0,0,0,0
1602697204623,10,1010123456022,81,,1,2,4,1,2,,12.6087,23,0,0.016288,9,0,9.4,,0,0,0,0,0,0,0,0,0,,13,18,,0,0,0,0
1602697204873,10,1010123456022,81,,1,2,4,1,2,,15.8,10,0,0.0106667,4,0,10.5,,0.1,3,25,0.1,1,0,0,2.69928,31,,4,8,,0,0,0,1
1602697205123,10,1010123456022,81,,1,2,4,1,2,,16.8,5,0,0.005312,2,0,10.2,,0.235294,17,0,0.1,7,0,0,5.6558,0,,3,4,,0,0,0,1
1602697205373,10,1010123456022,81,,1,2,4,1,2,,14.8,15,0,0.016032,6,0,10.3333,,0,0,0,0,0,0,0,0,0,,6,12,,0,0,0,0
1602697205623,10,1010123456022,81,,1,2,4,1,2,,18.2,5,0,0.005312,2,0,11.4,,0,0,0,0,0,0,0,0,0,,6,4,,0,0,0,0
1602697205873,10,1010123456022,81,,1,2,4,1,2,,19.5714,14,0,0.016544,5,0,5.5,,0,16,0,0.1,8,0,0,0,31,,6,10,,0,0,0,0
1602697206123,10,1010123456022,81,,1,2,4,1,2,,3.34821,112,0,0.036192,45,0,9,,0,0,0,0,0,0,0,0,0,,309,318,,0,0,0,0
1602697206373,10,1010123456022,81,,1,2,4,1,2,,1.79268,82,0,0.0197912,34,0,6.66667,,0,0,0,0,0,0,0,0,0,,173,176,,0,0,0,0
1602697206623,10,1010123456022,81,,1,2,4,1,2,,8.38636,44,0,0.018784,17,0,9.66667,,0,0,0,0,0,0,0,0,0,,46,46,,0,0,0,0
1602697206873,10,1010123456022,81,,1,2,4,1,2,,16.8571,14,0,0.0200161,7,0,9.75,,0,8,0,0,4,100,0,0,0,,8,12,,0,0,0,0
1602697207123,10,1010123456022,81,,1,2,4,1,2,,7.38235,34,0,0.016864,13,0,7.6,,3.1,10,0,0.1,4,0,0,6.6608,31,,218,208,,0,0,0,1.3
1602697207373,10,1010123456022,81,,1,2,4,1,2,,17.0714,14,0,0.016,6,0,11.75,,0,0,0,0,0,0,0,0,0,,8,12,,0,0,0,0
1602697207623,10,1010123456022,81,,1,2,4,1,2,,0.1,58,158,0.00812851,23,0,8.66667,,0,0,0,0,0,0,0,0,0,,159,160,,0,0,0,0
1602697207873,10,1010123456022,81,,1,2,4,1,2,,8.5641,39,0,0.0170924,16,0,10.75,,0,2,0,0.1,1,0,0,0,31,,256,250,,0,0,0,0
1602697208123,10,1010123456022,81,,1,2,4,1,2,,0,0,0,0,0,0,7.6,,0,0,0,0,0,0,0,0,0,,0,0,,0,0,0,0
1602697208373,10,1010123456022,81,,1,2,4,1,2,,17.9474,19,0,0.0213976,8,0,9.5,,0.761905,21,0,0.1,8,0,0,3.98362,31,,10,16,,0,0,0,1.2381
1602697208623,10,1010123456022,81,,1,2,4,1,2,,11.375,8,0,0.00549398,3,0,10.25,,0,0,0,0,0,0,0,0,0,,10,8,,0,0,0,0
1602697208873,10,1010123456022,81,,1,2,4,1,2,,17.3125,16,0,0.0160321,6,0,8,,0.1,3,0,0.1,1,0,0,13.9507,31,,11,12,,0,0,0,1
1602697209123,10,1010123456022,81,,1,2,4,1,2,,18.4762,21,0,0.0221687,8,0,11,,2.84211,19,0,0.1,7,14.2857,0,4.71289,31,,13,16,,0,0,0,2.89474
1602697209373,10,1010123456022,81,,1,2,4,1,2,,16.8889,9,0,0.0106024,4,0,13,,0,0,0,0,0,0,0,0,0,,6,8,,0,0,0,0
1602697209623,10,1010123456022,81,,1,2,4,1,2,,17.1667,12,0,0.016544,5,0,12.4,,0,0,0,0,0,0,0,0,0,,6,10,,0,0,0,0
1602697209873,10,1010123456022,81,,1,2,4,1,2,,17.0526,19,0,0.0213976,8,0,11.5,,0.1,3,0,0.1,1,0,0,3.48353,31,,15,18,,0,0,0,1
1602697210123,10,1010123456022,81,,1,2,4,1,2,,7.91667,12,0,0.005664,5,0,10,,2.03571,28,0,0.1,11,0,0,6.23407,31,,5,10,,0,0,0,1
1602697210373,10,1010123456022,81,,1,2,4,1,2,,12.8824,17,0,0.0110843,6,0,11,,0,0,0,0,0,0,0,0,0,,16,14,,0,0,0,0
1602697210623,10,1010123456022,81,,1,2,4,1,2,,5.91304,23,0,0.006208,9,0,8.16667,,0,0,0,0,0,0,0,0,0,,22,20,,0,0,0,0
1602697210873,10,1010123456022,81,,1,2,4,1,2,,16.4545,11,0,0.010624,4,0,8.66667,,0,2,0,0.1,1,0,0,0,31,,6,8,,0,0,0,0
1602697211123,10,1010123456022,81,,1,2,4,1,2,,16.1765,17,0,0.01072,5,0,8.5,,8.90909,22,0,0.1,10,50,0,8.19249,31,,22,22,,0,0,0,6.04545
1602697211373,10,1010123456022,81,,1,2,4,1,2,,1.18033,61,0,0.018688,27,0,7.5,,0,0,0,0,0,0,0,0,0,,169,170,,0,0,0,0
1602697211623,10,1010123456022,81,,1,2,4,1,2,,19.25,8,37,0.005312,2,0,12.6667,,0,0,0,0,0,0,0,0,0,,7,6,,0,0,0,0
1602697211873,10,1010123456022,81,,1,2,4,1,2,,16.5714,7,0,0.010688,4,0,8.6,,0.1,3,0,0.1,1,0,0,6.36965,31,,10,14,,0,0,0,1
1602697212123,10,1010123456022,81,,1,2,4,1,2,,6.19608,51,0,0.017952,21,0,10.5,,1.25926,27,0,0.1,11,0,0,10.6456,31,,47,48,,0,0,0,1
1602697212373,10,1010123456022,81,,1,2,4,1,2,,15.4118,34,0,0.032128,14,0,10.5,,0,0,0,0,0,0,0,0,0,,28,30,,0,0,0,0
1602697212623,10,1010123456022,81,,1,2,4,1,2,,3.40299,67,0,0.0237751,26,0,9.6,,0,0,0,0,0,0,0,0,0,,146,144,,0,0,0,0
1602697212873,10,1010123456022,81,,1,2,4,1,2,,19.625,16,0,0.021012,6,0,12.6,,0,2,0,0,1,100,0,0,0,,11,12,,0,0,0,0
1602697213123,10,1010123456022,81,,1,2,4,1,2,,0,4,0,0.00533333,2,0,12.25,,0,6,0,0,3,100,0,0,0,,5,4,,0,0,0,0
1602697213373,10,1010123456022,81,,1,2,4,1,2,,1.72131,61,0,0.013408,25,0,5.75,,0,0,0,0,0,0,0,0,0,,158,156,,0,0,0,0
1602697213623,10,1010123456022,81,,1,2,4,1,2,,0.285714,42,0,0.005632,16,0,6,,0,0,0,0,0,0,0,0,0,,78,80,,0,0,0,0
1602697213873,10,1010123456022,81,,1,2,4,1,2,,6.93333,30,0,0.0122088,11,0,10.75,,0.1,3,0,0.1,1,0,0,6.35926,31,,24,26,,0,0,0,1
1602697214123,10,1010123456022,81,,1,2,4,1,2,,18.3043,23,37,0.016992,8,0,12,,1.23077,13,0,0.1,6,0,0,3.75828,31,,10,18,,0,0,0,1
1602697214373,10,1010123456022,81,,1,2,4,1,2,,15.0769,13,0,0.0213333,8,0,11.5,,0,0,0,0,0,0,0,0,0,,6,10,,0,0,0,0
1602697214623,10,1010123456022,81,,1,2,4,1,2,,17.68,25,0,0.0266667,10,0,10.2,,0,0,0,0,0,0,0,0,0,,14,20,,0,0,0,0
1602697214873,10,1010123456022,81,,1,2,4,1,2,,16.8667,15,0,0.016,6,0,8,,0,0,0,0,0,0,0,0,0,,25,30,,0,0,0,0
1602697215123,10,1010123456022,81,,1,2,4,1,2,,10.1304,23,0,0.0113414,9,0,8.6,,1.89286,28,0,0.1,11,0,0,4.95393,31,,25,26,,0,0,0,1
1602697215373,10,1010123456022,81,,1,2,4,1,2,,15.3529,17,0,0.0138795,6,0,10.75,,0,0,0,0,0,0,0,0,0,,16,14,,0,0,0,0
1602697215623,10,1010123456022,81,,1,2,4,1,2,,18,25,0,0.0291406,11,0,9.25,,0,0,0,0,0,0,0,0,0,,10,20,,0,0,0,0
1602697215873,10,1010123456022,81,,1,2,4,1,2,,16.8,10,0,0.010688,4,0,11.75,,0.1,5,0,0.1,2,0,0,5.32622,31,,4,8,,0,0,0,1
1602697216123,10,1010123456022,81,,1,2,4,1,2,,17,5,158,0.00533333,2,0,4.8,,3.75,16,0,0.1,6,0,0,12.7902,31,,37,32,,0,0,0,1.1875
1602697216373,10,1010123456022,81,,1,2,4,1,2,,9.92857,28,0,0.021824,11,0,12.5,,0,0,0,0,0,0,0,0,0,,51,54,,0,0,0,0
1602697216623,10,1010123456022,81,,1,2,4,1,2,,15.8,5,0,0.005312,2,0,10.2,,0,0,0,0,0,0,0,0,0,,4,4,,0,0,0,0
1602697216873,10,1010123456022,81,,1,2,4,1,2,,1.1,30,0,0.00661847,12,0,9.6,,12,3,0,0,1,100,0,6.36965,0,,89,88,,0,0,0,10
1602697217123,10,1010123456022,81,,1,2,4,1,2,,5.76923,13,0,0.005856,5,0,6,,7.42857,21,0,0.1,8,37.5,0,9.01174,31,,17,16,,0,0,0,4.85714
1602697217373,10,1010123456022,81,,1,2,4,1,2,,16.6,10,0,0.010752,4,0,10.6,,0,0,0,0,0,0,0,0,0,,8,10,,0,0,0,0
1602697217623,10,1010123456022,81,,1,2,4,1,2,,16.2,10,0,0.010688,4,0,10.2,,0,0,0,0,0,0,0,0,0,,4,8,,0,0,0,0
1602697217873,10,1010123456022,81,,1,2,4,1,2,,0,6,0,0.011232,3,0,12.6667,,4.34375,32,0,0.1,14,28.5714,0,4.96801,31,,6,6,,0,0,0,3.53125
1602697218123,10,1010123456022,81,,1,2,4,1,2,,2.62687,67,0,0.018656,27,0,5.66667,,0,0,0,0,0,0,0,0,0,,224,234,,0,0,0,0
1602697218373,10,1010123456022,81,,1,2,4,1,2,,10.3333,9,0,0.0055261,4,0,9.66667,,0,4,0,0.1,2,0,0,0,31,,5,8,,0,0,0,0
1602697218623,10,1010123456022,81,,1,2,4,1,2,,3.57471,87,0,0.0305542,35,0,10,,0,0,0,0,0,0,0,0,0,,207,210,,0,0,0,0
1602697218873,10,1010123456022,81,,1,2,4,1,2,,16.6,10,0,0.010752,4,0,12,,0.8,5,0,0.1,2,0,0,5.84234,31,,8,8,,0,0,0,1
1602697219123,10,1010123456022,81,,1,2,4,1,2,,12,4,0,0.00528,2,0,10,,7.24,25,0,0.1,9,44.4444,0,6.14444,0,,4,6,,0,0,0,5.32
1602697219373,10,1010123456022,81,,1,2,4,1,2,,17.8889,18,0,0.0160964,6,0,13.6667,,0,0,0,0,0,0,0,0,0,,15,16,,0,0,0,0
1602697219623,10,1010123456022,81,,1,2,4,1,2,,0.5,48,32,0.0113092,19,0,6.5,,0,0,0,0,0,0,0,0,0,,243,246,,0,0,0,0
1602697219873,10,1010123456022,81,,1,2,4,1,2,,5,17,0,0.00745382,8,0,11.25,,0,2,0,0.1,1,0,0,0,31,,136,134,,0,0,0,0
1602697220123,10,1010123456022,81,,1,2,4,1,2,,9.25,32,0,0.0169639,13,0,9.25,,0.1,18,0,0.1,8,0,0,5.28399,31,,38,32,,0,0,0,1
1602697220373,10,1010123456022,81,,1,2,4,1,2,,10.65,20,0,0.0162892,8,0,8,,0,0,0,0,0,0,0,0,0,,16,18,,0,0,0,0
1602697220623,10,1010123456022,81,,1,2,4,1,2,,12.4762,21,0,0.016384,9,0,9.5,,0,0,0,0,0,0,0,0,0,,18,22,,0,0,0,0
1602697220873,10,1010123456022,81,,1,2,4,1,2,,12.7857,28,65,0.0148112,9,0,11.6667,,0,0,0,0,0,0,0,0,0,,30,26,,0,0,0,0
1602697221123,10,1010123456022,81,,1,2,4,1,2,,5.74419,43,35,0.0244177,19,0,9.5,,0.1,18,0,0.1,8,0,0,4.37295,31,,86,92,,0,0,0,1
1602697221373,10,1010123456022,81,,1,2,4,1,2,,18.2,5,0,0.00533333,2,0,3.5,,0,0,0,0,0,0,0,0,0,,1,2,,0,0,0,0
1602697221623,10,1010123456022,81,,1,2,4,1,2,,17,10,0,0.0106667,4,0,11.75,,0,0,0,0,0,0,0,0,0,,12,8,,0,0,0,0
1602697221873,10,1010123456022,81,,1,2,4,1,2,,16.6667,15,0,0.0160964,6,0,10.3333,,1.2,5,0,0.1,2,0,0,6.26135,31,,7,12,,0,0,0,1
1602697222123,10,1010123456022,81,,1,2,4,1,2,,13.2857,35,0,0.0271165,14,0,9.66667,,1.83333,6,0,0.1,3,0,0,5.34166,0,,19,30,,0,0,0,1
1602697222373,10,1010123456022,81,,1,2,4,1,2,,14.4,5,0,0.00528,2,0,9.75,,0,0,0,0,0,0,0,0,0,,2,4,,0,0,0,0
1602697222623,10,1010123456022,81,,1,2,4,1,2,,17.5,10,0,0.0106667,4,0,8.5,,0,0,0,0,0,0,0,0,0,,12,10,,0,0,0,0
1602697222873,10,1010123456022,81,,1,2,4,1,2,,15.9,10,0,0.00954217,3,0,11,,0,0,0,0,0,0,0,0,0,,15,12,,0,0,0,0
1602697223123,10,1010123456022,81,,1,2,4,1,2,,4.6,55,0,0.024128,22,0,10.4,,0.705882,17,0,0.1,7,0,0,7.19121,31,,81,84,,0,0,0,1
1602697223373,10,1010123456022,81,,1,2,4,1,2,,15.9,10,0,0.011008,5,0,10,,0,0,0,0,0,0,0,0,0,,10,8,,0,0,0,0
1602697223623,10,1010123456022,81,,1,2,4,1,2,,17.3333,15,0,0.015936,6,0,8.75,,0,0,0,0,0,0,0,0,0,,72,74,,0,0,0,0
1602697223873,10,1010123456022,81,,1,2,4,1,2,,2.72059,68,0,0.018784,27,0,8,,0.1,3,0,0.1,1,0,0,4.50084,31,,253,256,,0,0,0,1
1602697224123,10,1010123456022,81,,1,2,4,1,2,,13.2857,7,0,0.00546185,3,0,7.5,,0.888889,27,0,0.1,11,0,0,6.08575,31,,4,6,,0,0,0,1
1602697224373,10,1010123456022,81,,1,2,4,1,2,,13.375,8,0,0.005472,3,0,5,,0,0,0,0,0,0,0,0,0,,5,6,,0,0,0,0
1602697224623,10,1010123456022,81,,1,2,4,1,2,,2.46296,54,0,0.01312,20,0,5.5,,0,0,0,0,0,0,0,0,0,,217,220,,0,0,0,0
1602697224873,10,1010123456022,81,,1,2,4,1,2,,18.6471,17,0,0.025992,9,0,10.8,,0.769231,26,0,0.1,10,0,0,7.16161,31,,7,14,,0,0,0,1
1602697225123,10,1010123456022,81,,1,2,4,1,2,,16.4,10,0,0.010624,4,0,9.8,,0,0,0,0,0,0,0,0,0,,4,8,,0,0,0,0
1602697225373,10,1010123456022,81,,1,2,4,1,2,,0,0,0,0,0,0,9.75,,0,0,0,0,0,0,0,0,0,,0,0,,0,0,0,0
1602697225623,10,1010123456022,81,,1,2,4,1,2,,15.8,5,0,0.005312,2,0,8.66667,,0,2,0,0.1,1,0,0,0,31,,2,4,,0,0,0,0
1602697225873,10,1010123456022,81,,1,2,4,1,2,,0,0,0,0,0,0,7.5,,0,2,0,0.1,1,0,0,0,31,,0,0,,0,0,0,0
1602697226123,10,1010123456022,81,,1,2,4,1,2,,0.1,57,158,0.008096,23,0,7,,12,6,0,0.1,2,50,0,11.3294,31,,153,150,,0,0,0,6
1602697226373,10,1010123456022,81,,1,2,4,1,2,,0.1,57,0,0.00812851,23,0,8.75,,0,4,0,0.1,2,0,0,0,0,,168,168,,0,0,0,0
1602697226623,10,1010123456022,81,,1,2,4,1,2,,14.3571,14,0,0.00604016,3,0,10.3333,,0,0,0,0,0,0,0,0,0,,10,10,,0,0,0,0
1602697226873,10,1010123456022,81,,1,2,4,1,2,,17,9,0,0.01536,6,0,12.3333,,0,8,0,0,4,100,0,0,0,,5,8,,0,0,0,0
1602697227123,10,1010123456022,81,,1,2,4,1,2,,17.875,8,0,0.0112771,3,0,12.75,,3.6,15,0,0.1,6,0,0,9.27175,31,,5,6,,0,0,0,2.2
1602697227373,10,1010123456022,81,,1,2,4,1,2,,17.4,10,0,0.0107309,4,0,11.6667,,0,0,0,0,0,0,0,0,0,,5,8,,0,0,0,0
1602697227623,10,1010123456022,81,,1,2,4,1,2,,11.1429,14,0,0.0108916,6,0,11,,0,0,0,0,0,0,0,0,0,,17,12,,0,0,0,0
1602697227873,10,1010123456022,81,,1,2,4,1,2,,5.63291,79,0,0.0293333,31,0,7.25,,0,4,0,0.1,2,0,0,0,31,,98,106,,0,0,0,0
1602697228124,10,1010123456022,81,,1,2,4,1,2,,18,5,0,0.005312,2,0,12.75,,0.1,12,0,0.1,5,0,0,6.61772,0,,2,4,,0,0,0,1
1602697228373,10,1010123456022,81,,1,2,4,1,2,,17.3333,12,0,0.0166104,5,0,9.33333,,0,0,0,0,0,0,0,0,0,,11,10,,0,0,0,0
1602697228623,10,1010123456022,81,,1,2,4,1,2,,18.5,16,0,0.0211727,7,0,9.6,,0,0,0,0,0,0,0,0,0,,13,16,,0,0,0,0
1602697228873,10,1010123456022,81,,1,2,4,1,2,,18.3,10,0,0.010688,4,0,12,,2,3,0,0.1,1,0,0,6.43695,31,,7,8,,0,0,0,1
1602697229123,10,1010123456022,81,,1,2,4,1,2,,20.25,12,0,0.015968,5,0,9,,12.7692,26,0,0.1,13,61.5385,0,8.74305,31,,8,10,,0,0,0,6.19231
1602697229373,10,1010123456022,81,,1,2,4,1,2,,4.86047,43,0,0.017376,18,0,10.5,,0,0,0,0,0,0,0,0,0,,158,156,,0,0,0,0
1602697229623,10,1010123456022,81,,1,2,4,1,2,,14.5,6,0,0.005312,2,0,11.4,,0,0,0,0,0,0,0,0,0,,3,4,,0,0,0,0
1602697229873,10,1010123456022,81,,1,2,4,1,2,,16.1935,31,0,0.031968,13,0,9,,0.1,3,0,0.1,1,0,0,17.647,31,,92,98,,0,0,0,1
1602697230123,10,1010123456022,81,,1,2,4,1,2,,0,0,0,0,0,0,9.5,,4.8,25,0,0.1,10,0,0,6.19794,0,,0,0,,0,0,0,1.48
1602697230373,10,1010123456022,81,,1,2,4,1,2,,18.4,5,0,0.005376,2,0,10.75,,0,0,0,0,0,0,0,0,0,,2,4,,0,0,0,0
1602697230623,10,1010123456022,81,,1,2,4,1,2,,3.83333,18,0,0.005888,7,0,7.25,,0,0,0,0,0,0,0,0,0,,30,30,,0,0,0,0
1602697230873,10,1010123456022,81,,1,2,4,1,2,,0,0,0,0,0,0,11,,2,3,0,0.1,1,0,0,15.9754,31,,0,0,,0,0,0,1
1602697231123,10,1010123456022,81,,1,2,4,1,2,,17.8571,21,0,0.021248,8,0,10.25,,6.36364,11,0,0.1,5,20,0,12.5469,31,,9,16,,0,0,0,2.90909
1602697231373,10,1010123456022,81,,1,2,4,1,2,,4,71,0,0.0193092,29,0,6,,0,0,0,0,0,0,0,0,0,,80,78,,0,0,0,0
1602697231623,10,1010123456022,81,,1,2,4,1,2,,16.2,10,0,0.00533333,2,0,12,,0,0,0,0,0,0,0,0,0,,7,8,,0,0,0,0
1602697231873,10,1010123456022,81,,1,2,4,1,2,,9.09756,41,0,0.027744,19,0,9.75,,14.375,48,0,0.1,16,62.5,0,8.88523,31,,44,48,,0,0,0,6.6875
1602697232123,10,1010123456022,81,,1,2,4,1,2,,15.5,10,0,0.010688,4,0,11.6667,,0,0,0,0,0,0,0,0,0,,7,12,,0,0,0,0
1602697232373,10,1010123456022,81,,1,2,4,1,2,,15.0588,17,0,0.016032,7,0,11,,0,0,0,0,0,0,0,0,0,,11,14,,0,0,0,0
1602697232623,10,1010123456022,81,,1,2,4,1,2,,2.71233,73,0,0.0191165,29,0,6.75,,0,0,0,0,0,0,0,0,0,,108,112,,0,0,0,0
1602697232873,10,1010123456022,81,,1,2,4,1,2,,0,4,0,0.00533333,2,0,8,,0,2,0,0.1,1,0,0,0,31,,3,4,,0,0,0,0
1602697233123,10,1010123456022,81,,1,2,4,1,2,,18.4,5,0,0.00539759,2,0,9.8,,14,6,0,0.1,2,50,0,8.96036,31,,2,4,,0,0,0,7
1602697233373,10,1010123456022,81,,1,2,4,1,2,,8.17241,29,0,0.016739,12,0,10.3333,,3.4,5,0,0.1,2,0,0,13.0524,0,,31,32,,0,0,0,1
1602697233623,10,1010123456022,81,,1,2,4,1,2,,5.66327,98,0,0.0354699,39,0,4,,0,0,0,0,0,0,0,0,0,,106,110,,0,0,0,0
1602697233873,10,1010123456022,81,,1,2,4,1,2,,17,10,0,0.0106667,4,0,8.75,,14,3,0,0,1,100,0,6.0667,0,,4,8,,0,0,0,10
1602697234123,10,1010123456022,81,,1,2,4,1,2,,14.4,10,0,0.0106667,4,0,12.25,,6.04,25,0,0.1,9,33.3333,0,6.63976,31,,7,8,,0,0,0,4.24
1602697234373,10,1010123456022,81,,1,2,4,1,2,,12.8,5,0,0.00526908,2,0,12,,0,0,0,0,0,0,0,0,0,,9,8,,0,0,0,0
1602697234623,10,1010123456022,81,,1,2,4,1,2,,15.1429,14,0,0.0107309,4,0,11.25,,0,0,0,0,0,0,0,0,0,,14,12,,0,0,0,0
1602697234873,10,1010123456022,81,,1,2,4,1,2,,14.1538,13,0,0.0161285,6,0,9.66667,,14,12,0,0.1,4,75,0,7.95046,31,,22,24,,0,0,0,9.75
1602697235123,10,1010123456022,81,,1,2,4,1,2,,14.8333,12,0,0.016032,7,0,10,,3.31818,22,0,0.1,10,0,0,5.49073,31,,8,10,,0,0,0,1.22727
1602697235373,10,1010123456022,81,,1,2,4,1,2,,1.63743,171,501,0.036704,65,0,2,,0,0,0,0,0,0,0,0,0,,574,578,,0,0,0,0
1602697235623,10,1010123456022,81,,1,2,4,1,2,,4.65854,41,0,0.024672,21,0,10.4,,0,0,0,0,0,0,0,0,0,,53,52,,0,0,0,0
1602697235873,10,1010123456022,81,,1,2,4,1,2,,2.1125,80,0,0.0195984,34,0,6,,7,6,0,0.1,2,50,0,11.0811,31,,176,178,,0,0,0,5.5
1602697236123,10,1010123456022,81,,1,2,4,1,2,,17.4,15,0,0.016,6,0,8.83333,,14,9,0,0,3,100,0,5.42868,0,,6,12,,0,0,0,10
1602697236373,10,1010123456022,81,,1,2,4,1,2,,0,0,0,0,0,0,9,,0,0,0,0,0,0,0,0,0,,0,0,,0,0,0,0
1602697236623,10,1010123456022,81,,1,2,4,1,2,,2.87766,188,0,0.034816,75,0,5.16667,,0,0,0,0,0,0,0,0,0,,184,188,,0,0,0,0
1602697236873,10,1010123456022,81,,1,2,4,1,2,,17,5,0,0.005312,2,0,10.4,,0,2,0,0.1,1,0,0,0,31,,2,4,,0,0,0,0
1602697237123,10,1010123456022,81,,1,2,4,1,2,,17,9,0,0.010688,4,0,12.5,,0.375,16,0,0.1,6,0,0,8.42544,31,,6,8,,0,0,0,1
1602697237373,10,1010123456022,81,,1,2,4,1,2,,4.26667,30,0,0.011648,12,0,7.8,,0,0,0,0,0,0,0,0,0,,69,72,,0,0,0,0
1602697237623,10,1010123456022,81,,1,2,4,1,2,,16.6071,28,0,0.026848,11,0,9.6,,0,0,0,0,0,0,0,0,0,,22,22,,0,0,0,0
1602697237873,10,1010123456022,81,,1,2,4,1,2,,17,5,0,0.005312,2,0,9.25,,0,8,0,0,4,100,0,0,0,,3,4,,0,0,0,0
1602697238123,10,1010123456022,81,,1,2,4,1,2,,18.4,15,0,0.016128,6,0,10.4,,1.84,25,0,0.1,10,0,0,4.87063,31,,7,12,,0,0,0,1.16
1602697238373,10,1010123456022,81,,1,2,4,1,2,,0,0,0,0,0,0,13.6667,,0,0,0,0,0,0,0,0,0,,0,0,,0,0,0,0
1602697238623,10,1010123456022,81,,1,2,4,1,2,,15.1304,23,0,0.0213976,9,0,11.3333,,0,0,0,0,0,0,0,0,0,,10,18,,0,0,0,0
1602697238873,10,1010123456022,81,,1,2,4,1,2,,17.6,5,0,0.005344,2,0,12.75,,0,0,0,0,0,0,0,0,0,,2,4,,0,0,0,0
1602697239123,10,1010123456022,81,,1,2,4,1,2,,17,6,0,0.005312,2,0,9.75,,0.1,25,0,0.1,10,0,0,5.88552,31,,5,4,,0,0,0,1
1602697239373,10,1010123456022,81,,1,2,4,1,2,,16.1,10,0,0.010656,4,0,12.3333,,0,0,0,0,0,0,0,0,0,,15,8,,0,0,0,0
1602697239623,10,1010123456022,81,,1,2,4,1,2,,17.6,5,0,0.00536546,2,0,9.16667,,0,0,0,0,0,0,0,0,0,,2,4,,0,0,0,0
1602697239873,10,1010123456022,81,,1,2,4,1,2,,10.0345,29,0,0.0168675,12,0,10.2,,0,4,0,0.1,2,50,0,0,31,,25,28,,0,0,0,0
1602697240123,10,1010123456022,81,,1,2,4,1,2,,17.5,14,0,0.016,6,0,8.33333,,0,5,0,0,3,100,0,0,0,,15,16,,0,0,0,0
1602697240373,10,1010123456022,81,,1,2,4,1,2,,18.2,5,0,0.00533333,2,0,10,,0,0,0,0,0,0,0,0,0,,2,4,,0,0,0,0
1602697240623,10,1010123456022,81,,1,2,4,1,2,,17.5,10,0,0.0107952,4,0,6.2,,0,0,0,0,0,0,0,0,0,,4,8,,0,0,0,0
1602697240873,10,1010123456022,81,,1,2,4,1,2,,18.5,22,0,0.0272771,9,0,10,,0.1,5,0,0.1,2,0,0,12.3367,31,,60,60,,0,0,0,1
1602697241123,10,1010123456022,81,,1,2,4,1,2,,0.1,87,74,0.00954217,27,0,4.5,,3.53846,26,0,0.1,11,18.1818,0,4.93191,31,,214,214,,0,0,0,2.73077
1602697241373,10,1010123456022,81,,1,2,4,1,2,,1.86364,66,0,0.018784,35,0,6,,0,0,0,0,0,0,0,0,0,,93,94,,0,0,0,0
1602697241623,10,1010123456022,81,,1,2,4,1,2,,13.4,10,0,0.0107309,4,0,10.5,,0,0,0,0,0,0,0,0,0,,4,8,,0,0,0,0
1602697241873,10,1010123456022,81,,1,2,4,1,2,,17.3333,15,0,0.0160643,6,0,11.75,,0.1,5,0,0.1,2,0,0,7.16274,31,,10,12,,0,0,0,1
1602697242123,10,1010123456022,81,,1,2,4,1,2,,5.88636,44,158,0.0124659,18,0,7,,1.14286,21,0,0.1,8,0,0,4.49512,0,,69,66,,0,0,0,1.14286
1602697242373,10,1010123456022,81,,1,2,4,1,2,,14.7,20,0,0.0213976,8,0,12.3333,,0,0,0,0,0,0,0,0,0,,38,40,,0,0,0,0
1602697242623,10,1010123456022,81,,1,2,4,1,2,,15.8,5,0,0.00533333,2,0,11.8,,0,0,0,0,0,0,0,0,0,,2,4,,0,0,0,0
1602697242873,10,1010123456022,81,,1,2,4,1,2,,17,6,0,0.005312,2,0,9.66667,,0.1,3,0,0.1,1,0,0,15.725,31,,4,4,,0,0,0,1
1602697243123,10,1010123456022,81,,1,2,4,1,2,,15.8,5,0,0.005312,2,0,12,,6.625,8,0,0.1,3,0,0,11.7977,31,,2,4,,0,0,0,1.75
1602697243373,10,1010123456022,81,,1,2,4,1,2,,16.2727,11,0,0.0107309,4,0,8.6,,0,0,0,0,0,0,0,0,0,,10,8,,0,0,0,0
1602697243623,10,1010123456022,81,,1,2,4,1,2,,20.5625,16,0,0.020928,6,0,10.8333,,0,0,0,0,0,0,0,0,0,,13,12,,0,0,0,0
1602697243873,10,1010123456022,81,,1,2,4,1,2,,14.3478,23,0,0.021312,9,0,10.25,,10.9091,11,25,0.1,5,80,0,3.8631,31,,14,18,,0,0,0,7.54545
1602697244123,10,1010123456022,81,,1,2,4,1,2,,18.4,5,0,0.005376,2,0,12.3333,,0.1,24,0,0.1,9,0,0,5.85704,0,,2,4,,0,0,0,1
1602697244373,10,1010123456022,81,,1,2,4,1,2,,3.51515,99,0,0.02592,39,0,7,,0,0,0,0,0,0,0,0,0,,87,90,,0,0,0,0
1602697244623,10,1010123456022,81,,1,2,4,1,2,,4.175,40,0,0.022144,16,0,13,,0,0,0,0,0,0,0,0,0,,87,98,,0,0,0,0
1602697244873,10,1010123456022,81,,1,2,4,1,2,,0,0,0,0,0,0,10.8,,0,2,0,0.1,1,0,0,0,31,,0,0,,0,0,0,0
1602697245123,10,1010123456022,81,,1,2,4,1,2,,3.24,50,0,0.018336,19,0,5.75,,1.53333,15,0,0.1,6,0,0,7.91513,31,,192,192,,0,0,0,1
1602697245373,10,1010123456022,81,,1,2,4,1,2,,9.60606,33,0,0.0169317,13,0,12.2,,0,2,0,0.1,1,0,0,0,31,,28,30,,0,0,0,0
1602697245623,10,1010123456022,81,,1,2,4,1,2,,7.64286,28,0,0.0115663,11,0,10.5,,0,0,0,0,0,0,0,0,0,,22,22,,0,0,0,0
1602697245873,10,1010123456022,81,,1,2,4,1,2,,2.25,32,74,0.00704,7,0,2,,0,0,0,0,0,0,0,0,0,,190,190,,0,0,0,0
1602697246123,10,1010123456022,81,,1,2,4,1,2,,4.15385,39,0,0.0171566,22,0,13,,3.83333,24,0,0.1,9,0,0,14.8893,31,,69,68,,0,0,0,1.25
1602697246373,10,1010123456022,81,,1,2,4,1,2,,17.3333,15,0,0.016,6,0,9.66667,,0,0,0,0,0,0,0,0,0,,8,12,,0,0,0,0
1602697246623,10,1010123456022,81,,1,2,4,1,2,,4.17722,79,0,0.0245783,33,0,9.66667,,0,0,0,0,0,0,0,0,0,,105,112,,0,0,0,0
1602697246873,10,1010123456022,81,,1,2,4,1,2,,12,26,0,0.0127229,6,0,10.75,,6.57692,26,0,0.1,10,40,0,4.91525,31,,12,20,,0,0,0,4.80769
1602697247123,10,1010123456022,81,,1,2,4,1,2,,17.1333,15,0,0.019759,10,0,12,,0,0,0,0,0,0,0,0,0,,8,14,,0,0,0,0
1602697247373,10,1010123456022,81,,1,2,4,1,2,,17.1333,15,0,0.0161285,6,0,10.8,,0,0,0,0,0,0,0,0,0,,16,20,,0,0,0,0
1602697247623,10,1010123456022,81,,1,2,4,1,2,,19.4615,13,0,0.0166104,5,0,12.25,,0,0,0,0,0,0,0,0,0,,8,10,,0,0,0,0
1602697247873,10,1010123456022,81,,1,2,4,1,2,,0,4,0,0.005312,2,0,12.25,,0,2,0,0.1,1,0,0,0,31,,6,4,,0,0,0,0
1602697248123,10,1010123456022,81,,1,2,4,1,2,,18.2,5,0,0.00533333,2,0,13,,1.13333,15,0,0.1,6,0,0,5.22052,31,,3,4,,0,0,0,1
1602697248373,10,1010123456022,81,,1,2,4,1,2,,0,0,0,0,0,0,6,,0,0,0,0,0,0,0,0,0,,0,0,,0,0,0,0
1602697248623,10,1010123456022,81,,1,2,4,1,2,,13,23,0,0.021472,9,0,12.3333,,0,0,0,0,0,0,0,0,0,,19,18,,0,0,0,0
1602697248873,10,1010123456022,81,,1,2,4,1,2,,0,0,0,0,0,0,6.5,,0.1,3,0,0.1,1,0,0,12.6624,31,,0,0,,0,0,0,1
1602697249123,10,1010123456022,81,,1,2,4,1,2,,7.22222,45,0,0.017504,17,0,8.25,,3.4,10,0,0.1,4,0,0,12.8105,31,,41,40,,0,0,0,1.4
1602697249373,10,1010123456022,81,,1,2,4,1,2,,17.9,10,0,0.010656,4,0,13,,14,9,0,0.1,3,66.6667,0,7.45255,31,,9,8,,0,0,0,8
1602697249623,10,1010123456022,81,,1,2,4,1,2,,5.86957,23,0,0.006208,9,0,6.8,,0,0,0,0,0,0,0,0,0,,17,18,,0,0,0,0
1602697249873,10,1010123456022,81,,1,2,4,1,2,,17.7778,18,0,0.021408,8,0,11.6667,,2.8,5,0,0.1,2,0,0,5.97565,31,,18,18,,0,0,0,1
1602697250123,10,1010123456022,81,,1,2,4,1,2,,5.86957,23,315,0.006208,9,0,7,,0.444444,18,0,0.1,7,0,0,7.09086,0,,48,46,,0,0,0,1
1602697250373,10,1010123456022,81,,1,2,4,1,2,,17.1818,22,0,0.0324819,10,0,10.6,,0,0,0,0,0,0,0,0,0,,45,48,,0,0,0,0
1602697250623,10,1010123456022,81,,1,2,4,1,2,,18,16,0,0.016064,6,0,12,,0,0,0,0,0,0,0,0,0,,11,14,,0,0,0,0
1602697250873,10,1010123456022,81,,1,2,4,1,2,,15.5,10,0,0.0107309,4,0,10.25,,0.1,3,0,0.1,1,0,0,15.5696,31,,10,8,,0,0,0,1
1602697251123,10,1010123456022,81,,1,2,4,1,2,,0,3,0,0.005376,2,0,12.5,,6.625,8,0,0.1,3,0,0,13.0537,31,,5,4,,0,0,0,1.375
1602697251373,10,1010123456022,81,,1,2,4,1,2,,4.91892,37,0,0.0173173,15,0,9.4,,0,0,0,0,0,0,0,0,0,,55,60,,0,0,0,0
1602697251623,10,1010123456022,81,,1,2,4,1,2,,5.41176,51,0,0.0205944,19,0,8,,0,0,0,0,0,0,0,0,0,,193,192,,0,0,0,0
1602697251873,10,1010123456022,81,,1,2,4,1,2,,0,0,0,0.002464,1,0,9.66667,,0,8,0,0,4,100,0,0,0,,0,0,,0,0,0,0
1602697252123,10,1010123456022,81,,1,2,4,1,2,,13.25,28,162,0.0162892,9,0,10,,1.5,8,16464,0.1,3,0,0,4.87013,31,,18,24,,0,0,0,1
1602697252373,10,1010123456022,81,,1,2,4,1,2,,15.4,30,0,0.0321928,14,0,11.2,,0,2,0,0.1,1,0,0,0,0,,17,22,,0,0,0,0
1602697252623,10,1010123456022,81,,1,2,4,1,2,,17.6,5,0,0.00536546,2,0,12.1667,,0,0,0,0,0,0,0,0,0,,3,6,,0,0,0,0
1602697252873,10,1010123456022,81,,1,2,4,1,2,,17,5,0,0.005312,2,0,8.25,,0,2,0,0.1,1,0,0,0,31,,2,4,,0,0,0,0
1602697253123,10,1010123456022,81,,1,2,4,1,2,,1,83,0,0.00941365,34,0,9.75,,15,9,0,0,4,100,0,4.8756,0,,90,88,,0,0,0,10
1602697253373,10,1010123456022,81,,1,2,4,1,2,,6.3617,47,109,0.0180562,16,0,7,,0,0,0,0,0,0,0,0,0,,130,136,,0,0,0,0
1602697253623,10,1010123456022,81,,1,2,4,1,2,,3.21739,46,0,0.0173494,20,0,11.2,,0,0,0,0,0,0,0,0,0,,85,84,,0,0,0,0
1602697253873,10,1010123456022,81,,1,2,4,1,2,,1.08943,123,0,0.026988,50,0,5.66667,,0,2,0,0.1,1,0,0,0,31,,269,276,,0,0,0,0
1602697254123,10,1010123456022,81,,1,2,4,1,2,,17.6,5,0,0.005344,2,0,11.8,,0.181818,22,0,0.1,9,0,0,5.77742,0,,2,4,,0,0,0,1
1602697254373,10,1010123456022,81,,1,2,4,1,2,,18.1,10,0,0.0106667,4,0,9.6,,0,0,0,0,0,0,0,0,0,,7,8,,0,0,0,0
1602697254623,10,1010123456022,81,,1,2,4,1,2,,16.931,29,0,0.031968,12,0,12.4,,0,0,0,0,0,0,0,0,0,,20,26,,0,0,0,0
1602697254873,10,1010123456022,81,,1,2,4,1,2,,6.54167,48,0,0.017664,19,0,9.66667,,0,2,0,0.1,1,0,0,0,31,,41,46,,0,0,0,0
1602697255123,10,1010123456022,81,,1,2,4,1,2,,8.32258,31,0,0.016704,12,0,7.5,,0,12,0,0.1,6,66.6667,0,0,31,,32,36,,0,0,0,0
1602697255373,10,1010123456022,81,,1,2,4,1,2,,6.2963,27,0,0.006304,9,0,6,,0,0,0,0,0,0,0,0,0,,58,60,,0,0,0,0
1602697255623,10,1010123456022,81,,1,2,4,1,2,,2.14773,88,18,0.0222329,30,0,5.5,,0,0,0,0,0,0,0,0,0,,172,176,,0,0,0,0
1602697255873,10,1010123456022,81,,1,2,4,1,2,,3.10638,47,0,0.02048,26,0,11.6667,,0.1,3,0,0.1,1,0,0,5.23042,31,,121,120,,0,0,0,1
1602697256123,10,1010123456022,81,,1,2,4,1,2,,17.7,10,0,0.0107309,4,0,12.1667,,0.1,12,0,0.1,5,0,0,4.17574,31,,10,8,,0,0,0,1
1602697256373,10,1010123456022,81,,1,2,4,1,2,,16.8,10,0,0.010688,4,0,10,,0,4,0,0.1,2,0,0,0,0,,7,12,,0,0,0,0
1602697256623,10,1010123456022,81,,1,2,4,1,2,,28,3,0,0.00592,1,0,9,,0,0,0,0,0,0,0,0,0,,2,2,,0,0,0,0
1602697256873,10,1010123456022,81,,1,2,4,1,2,,17.2609,23,0,0.026528,9,0,12.75,,0.1,3,0,0.1,1,0,0,9.42237,31,,9,18,,0,0,0,1
1602697257123,10,1010123456022,81,,1,2,4,1,2,,16.0526,19,0,0.0213012,8,0,9.25,,2.32,25,0,0.1,10,0,0,7.25444,0,,42,56,,0,0,0,1
1602697257373,10,1010123456022,81,,1,2,4,1,2,,2.25,100,0,0.025696,41,0,10,,0,0,0,0,0,0,0,0,0,,168,176,,0,0,0,0
1602697257623,10,1010123456022,81,,1,2,4,1,2,,21,7,0,0.011232,3,0,11.6667,,0,0,0,0,0,0,0,0,0,,11,6,,0,0,0,0
1602697257873,10,1010123456022,81,,1,2,4,1,2,,14.7826,23,0,0.019552,9,0,10.6,,0.444444,27,0,0.1,10,0,0,5.14166,31,,15,20,,0,0,0,1
1602697258123,10,1010123456022,81,,1,2,4,1,2,,17.8889,9,158,0.012576,5,0,8.66667,,0,0,0,0,0,0,0,0,0,,11,12,,0,0,0,0
1602697258373,10,1010123456022,81,,1,2,4,1,2,,6.66667,6,0,0.00546185,3,0,10.25,,0,0,0,0,0,0,0,0,0,,33,36,,0,0,0,0
1602697258623,10,1010123456022,81,,1,2,4,1,2,,9.24242,33,0,0.006432,10,0,6.6,,0,0,0,0,0,0,0,0,0,,84,88,,0,0,0,0
1602697258873,10,1010123456022,81,,1,2,4,1,2,,4.85714,21,0,0.0165141,11,0,9,,0,2,0,0.1,1,0,0,0,31,,79,78,,0,0,0,0
1602697259123,10,1010123456022,81,,1,2,4,1,2,,16,10,0,0.0106024,4,0,12.5,,3.17857,28,0,0.1,11,0,0,5.36989,31,,6,8,,0,0,0,1.35714
1602697259373,10,1010123456022,81,,1,2,4,1,2,,18.6429,14,0,0.0162249,6,0,2,,0,0,0,0,0,0,0,0,0,,9,12,,0,0,0,0
1602697259623,10,1010123456022,81,,1,2,4,1,2,,7,20,0,0.0114056,8,0,8.8,,0,0,0,0,0,0,0,0,0,,44,44,,0,0,0,0
1602697259873,10,1010123456022,81,,1,2,4,1,2,,16.3478,23,0,0.0267631,10,0,12,,1,6,4,0.1,2,0,0,5.98071,31,,15,22,,0,0,0,1
1602697260123,10,1010123456022,81,,1,2,4,1,2,,6.52083,48,0,0.0177671,20,0,9,,0.1,22,0,0.1,9,0,0,7.65163,0,,44,48,,0,0,0,1
1602697260373,10,1010123456022,81,,1,2,4,1,2,,0,0,0,0,0,0,12,,0,0,0,0,0,0,0,0,0,,0,0,,0,0,0,0
1602697260623,10,1010123456022,81,,1,2,4,1,2,,11.625,16,0,0.0110843,7,0,11.2,,0,0,0,0,0,0,0,0,0,,22,22,,0,0,0,0
1602697260873,10,1010123456022,81,,1,2,4,1,2,,16.4545,11,0,0.010624,4,0,7.5,,0,4,0,0.1,2,0,0,0,31,,6,8,,0,0,0,0
1602697261123,10,1010123456022,81,,1,2,4,1,2,,6.64516,62,0,0.0192,18,0,7.2,,0,17,0,0.1,9,44.4444,0,0,0,,66,64,,0,0,0,0
1602697261373,10,1010123456022,81,,1,2,4,1,2,,6.81818,44,0,0.026592,24,0,8.75,,0,0,0,0,0,0,0,0,0,,59,62,,0,0,0,0
1602697261623,10,1010123456022,81,,1,2,4,1,2,,17.5,20,0,0.021248,8,0,11.5,,0,0,0,0,0,0,0,0,0,,17,18,,0,0,0,0
1602697261873,10,1010123456022,81,,1,2,4,1,2,,15.7857,14,0,0.00539759,2,0,9.5,,2,3,0,0.1,1,0,0,5.84891,31,,7,12,,0,0,0,1
1602697262123,10,1010123456022,81,,1,2,4,1,2,,5.42857,14,158,0.016512,10,0,8.25,,11.2564,39,0,0.1,16,75,0,6.40959,31,,31,32,,0,0,0,7.84615
1602697262373,10,1010123456022,81,,1,2,4,1,2,,1.44828,58,0,0.014016,24,0,12.3333,,0,0,0,0,0,0,0,0,0,,132,144,,0,0,0,0
1602697262623,10,1010123456022,81,,1,2,4,1,2,,0,0,0,0,0,0,6.8,,0,0,0,0,0,0,0,0,0,,0,0,,0,0,0,0
1602697262873,10,1010123456022,81,,1,2,4,1,2,,15.9412,17,0,0.016032,7,0,11.3333,,0.2,30,0,0.1,11,0,0,4.7939,31,,7,14,,0,0,0,1
1602697263123,10,1010123456022,81,,1,2,4,1,2,,9.4375,32,0,0.027424,13,0,8.33333,,0,0,0,0,0,0,0,0,0,,125,128,,0,0,0,0
1602697263373,10,1010123456022,81,,1,2,4,1,2,,0,0,0,0,0,0,7.33333,,0,0,0,0,0,0,0,0,0,,0,0,,0,0,0,0
1602697263623,10,1010123456022,81,,1,2,4,1,2,,1.66667,57,0,0.013056,23,0,8.5,,0,0,0,0,0,0,0,0,0,,128,132,,0,0,0,0
1602697263873,10,1010123456022,81,,1,2,4,1,2,,18.1,10,0,0.0106667,4,0,10.4,,0.1,5,0,0.1,2,0,0,11.333,31,,4,8,,0,0,0,1
1602697264123,10,1010123456022,81,,1,2,4,1,2,,0,0,0,0,0,0,8.33333,,7.5,16,0,0.1,7,57.1429,0,5.96917,0,,0,0,,0,0,0,6.0625
1602697264373,10,1010123456022,81,,1,2,4,1,2,,15.8947,19,0,0.0216225,8,0,8.66667,,0,0,0,0,0,0,0,0,0,,82,88,,0,0,0,0
1602697264623,10,1010123456022,81,,1,2,4,1,2,,15.8,10,0,0.010624,4,0,9.5,,0,0,0,0,0,0,0,0,0,,7,8,,0,0,0,0
1602697264873,10,1010123456022,81,,1,2,4,1,2,,4.58065,93,0,0.0200161,32,0,7,,0,4,0,0.1,2,50,0,0,31,,80,90,,0,0,0,0
1602697265123,10,1010123456022,81,,1,2,4,1,2,,15.4167,12,0,0.0157108,10,0,11,,0,6,0,0,3,100,0,0,0,,5,10,,0,0,0,0
1602697265373,10,1010123456022,81,,1,2,4,1,2,,17.8387,31,0,0.0266667,10,0,11.3333,,0,0,0,0,0,0,0,0,0,,14,24,,0,0,0,0
1602697265623,10,1010123456022,81,,1,2,4,1,2,,3.77941,68,0,0.0291406,29,0,7,,0,0,0,0,0,0,0,0,0,,100,100,,0,0,0,0
1602697265873,10,1010123456022,81,,1,2,4,1,2,,0.375,144,0,0.0228755,59,0,6.5,,6,6,0,0.1,2,50,0,10.6637,31,,257,258,,0,0,0,5.5
1602697266123,10,1010123456022,81,,1,2,4,1,2,,1,108,29,0.00854618,38,0,5.16667,,6.46154,13,0,0.1,5,20,0,6.45151,31,,213,214,,0,0,0,4
1602697266373,10,1010123456022,81,,1,2,4,1,2,,6.59459,37,0,0.019245,20,0,8.75,,0,0,0,0,0,0,0,0,0,,26,32,,0,0,0,0
1602697266623,10,1010123456022,81,,1,2,4,1,2,,2.3,40,0,0.0121446,16,0,8,,0,0,0,0,0,0,0,0,0,,65,68,,0,0,0,0
1602697266873,10,1010123456022,81,,1,2,4,1,2,,0,0,0,0,0,0,13,,0,2,0,0.1,1,0,0,0,31,,0,0,,0,0,0,0
1602697267123,10,1010123456022,81,,1,2,4,1,2,,17.5,10,0,0.010752,4,0,8,,0,2,0,0,1,100,0,0,0,,42,44,,0,0,0,0
1602697267373,10,1010123456022,81,,1,2,4,1,2,,17.5455,11,0,0.010624,4,0,11.75,,0,6,0,0,3,100,0,0,0,,5,8,,0,0,0,0
1602697267623,10,1010123456022,81,,1,2,4,1,2,,16.2727,11,0,0.010656,4,0,8.4,,0,0,0,0,0,0,0,0,0,,6,8,,0,0,0,0
1602697267873,10,1010123456022,81,,1,2,4,1,2,,13.3333,12,0,0.01072,5,0,10.3333,,0.1,3,25,0.1,1,0,0,4.74832,31,,11,12,,0,0,0,1
1602697268123,10,1010123456022,81,,1,2,4,1,2,,8.76471,68,0,0.0264,21,0,6.75,,0.1,20,0,0.1,9,0,0,5.74667,0,,58,66,,0,0,0,1
1602697268373,10,1010123456022,81,,1,2,4,1,2,,9.29032,31,0,0.02416,19,0,9.33333,,0,0,0,0,0,0,0,0,0,,17,26,,0,0,0,0
1602697268623,10,1010123456022,81,,1,2,4,1,2,,1.25397,63,0,0.008096,23,0,8.66667,,0,0,0,0,0,0,0,0,0,,353,352,,0,0,0,0
1602697268873,10,1010123456022,81,,1,2,4,1,2,,17.3158,19,0,0.026624,10,0,12,,0,2,0,0.1,1,0,0,0,31,,13,18,,0,0,0,0
1602697269123,10,1010123456022,81,,1,2,4,1,2,,15.8182,11,0,0.010592,4,0,13,,3.5,28,0,0.1,11,0,0,6.54495,31,,6,8,,0,0,0,1
1602697269373,10,1010123456022,81,,1,2,4,1,2,,5.1,60,0,0.0183775,24,0,9,,0,0,0,0,0,0,0,0,0,,61,58,,0,0,0,0
1602697269623,10,1010123456022,81,,1,2,4,1,2,,0,0,0,0,0,0,10,,0,0,0,0,0,0,0,0,0,,0,0,,0,0,0,0
1602697269873,10,1010123456022,81,,1,2,4,1,2,,9.73333,15,0,0.0108594,6,0,9,,2,3,0,0.1,1,0,0,15.7431,31,,14,16,,0,0,0,1
1602697270123,10,1010123456022,81,,1,2,4,1,2,,9.66667,12,0,0.005664,5,0,10.4,,12,12,0,0,4,100,0,3.87127,0,,7,10,,0,0,0,10
1602697270373,10,1010123456022,81,,1,2,4,1,2,,10.7,20,0,0.0214297,9,0,7.8,,0,0,0,0,0,0,0,0,0,,54,60,,0,0,0,0
1602697270623,10,1010123456022,81,,1,2,4,1,2,,19.3333,15,0,0.0212369,7,0,6.66667,,0,0,0,0,0,0,0,0,0,,53,52,,0,0,0,0
1602697270873,10,1010123456022,81,,1,2,4,1,2,,5.01389,72,0,0.02992,30,0,8.5,,0,2,0,0.1,1,0,0,0,31,,148,142,,0,0,0,0
1602697271123,10,1010123456022,81,,1,2,4,1,2,,17,15,0,0.015936,6,0,10.2,,0.1,17,0,0.1,7,0,0,9.56857,31,,10,12,,0,0,0,1
1602697271373,10,1010123456022,81,,1,2,4,1,2,,17,10,0,0.0106667,4,0,12,,0,0,0,0,0,0,0,0,0,,5,8,,0,0,0,0
1602697271623,10,1010123456022,81,,1,2,4,1,2,,18.7241,29,0,0.0319036,11,0,10,,0,0,0,0,0,0,0,0,0,,126,136,,0,0,0,0
1602697271873,10,1010123456022,81,,1,2,4,1,2,,10.2759,29,0,0.0233574,12,0,8,,0,2,0,0.1,1,0,0,0,31,,21,24,,0,0,0,0
1602697272123,10,1010123456022,81,,1,2,4,1,2,,0,0,0,0,0,0,5.5,,0,0,0,0,0,0,0,0,0,,0,0,,0,0,0,0
1602697272373,10,1010123456022,81,,1,2,4,1,2,,0,0,0,0,0,0,10.3333,,0,0,0,0,0,0,0,0,0,,0,0,,0,0,0,0
1602697272623,10,1010123456022,81,,1,2,4,1,2,,10.9167,12,152,0.0106667,4,0,10.4,,12.2745,102,0,0.1,42,76.1905,0,4.34356,31,,11,14,,0,0,0,7.70588
1602697272873,10,1010123456022,81,,1,2,4,1,2,,1.16,50,0,0.00793574,21,0,8.5,,0,0,0,0,0,0,0,0,0,,96,94,,0,0,0,0
1602697273123,10,1010123456022,81,,1,2,4,1,2,,15.0769,13,0,0.0107309,5,0,11,,4.66667,27,0,0.1,12,33.3333,0,7.28841,31,,18,14,,0,0,0,4
1602697273373,10,1010123456022,81,,1,2,4,1,2,,6.83333,48,0,0.0184096,19,0,11.25,,0,0,0,0,0,0,0,0,0,,62,58,,0,0,0,0
1602697273623,10,1010123456022,81,,1,2,4,1,2,,18.2,10,0,0.010624,4,0,9,,0,0,0,0,0,0,0,0,0,,8,8,,0,0,0,0
1602697273873,10,1010123456022,81,,1,2,4,1,2,,5.08696,46,0,0.022624,18,0,13,,5.58333,36,0,0.1,15,26.6667,0,7.42134,31,,79,82,,0,0,0,3.08333
1602697274123,10,1010123456022,81,,1,2,4,1,2,,15.5,6,0,0.00536546,2,0,3.5,,0,0,0,0,0,0,0,0,0,,4,4,,0,0,0,0
1602697274373,10,1010123456022,81,,1,2,4,1,2,,18.4,10,0,0.0107952,4,0,10.25,,0,0,0,0,0,0,0,0,0,,8,8,,0,0,0,0
1602697274623,10,1010123456022,81,,1,2,4,1,2,,14.6471,17,0,0.016096,7,0,11.5,,0,0,0,0,0,0,0,0,0,,14,20,,0,0,0,0
1602697274873,10,1010123456022,81,,1,2,4,1,2,,17,5,0,0.00533333,2,0,10.6667,,0,2,0,0.1,1,0,0,0,31,,3,6,,0,0,0,0
1602697275123,10,1010123456022,81,,1,2,4,1,2,,16.6667,9,0,0.010688,4,0,10,,0.1,21,0,0.1,9,0,0,5.57245,31,,11,8,,0,0,0,1
1602697275373,10,1010123456022,81,,1,2,4,1,2,,6.57143,7,0,0.005664,3,0,6.33333,,0,0,0,0,0,0,0,0,0,,16,12,,0,0,0,0
1602697275623,10,1010123456022,81,,1,2,4,1,2,,18.4,5,0,0.005376,2,0,12,,0,0,0,0,0,0,0,0,0,,2,4,,0,0,0,0
1602697275873,10,1010123456022,81,,1,2,4,1,2,,17.1111,9,0,0.005376,2,0,11,,0,0,0,0,0,0,0,0,0,,5,10,,0,0,0,0
1602697276123,10,1010123456022,81,,1,2,4,1,2,,17.3333,15,0,0.021184,8,0,10.75,,6.26087,23,0,0.1,10,40,0,5.83659,31,,7,12,,0,0,0,4.13043
1602697276373,10,1010123456022,81,,1,2,4,1,2,,14.4,5,0,0.0053012,2,0,7.5,,0,0,0,0,0,0,0,0,0,,2,4,,0,0,0,0
1602697276623,10,1010123456022,81,,1,2,4,1,2,,8.72727,22,0,0.016544,9,0,8.85714,,0,0,0,0,0,0,0,0,0,,70,70,,0,0,0,0
1602697276873,10,1010123456022,81,,1,2,4,1,2,,17,10,0,0.010624,4,0,9,,1.6,5,0,0.1,2,0,0,10.9523,31,,7,8,,0,0,0,1
1602697277123,10,1010123456022,81,,1,2,4,1,2,,12,5,0,0.005312,2,0,12.3333,,0,12,0,0.1,6,0,0,0,0,,2,4,,0,0,0,0
1602697277373,10,1010123456022,81,,1,2,4,1,2,,17.3,30,0,0.031808,12,0,11,,0,0,0,0,0,0,0,0,0,,14,24,,0,0,0,0
1602697277623,10,1010123456022,81,,1,2,4,1,2,,12.9474,19,0,0.016192,8,0,10.5,,0,0,0,0,0,0,0,0,0,,27,32,,0,0,0,0
1602697277873,10,1010123456022,81,,1,2,4,1,2,,17.2632,19,0,0.0219438,7,0,13,,0,8,0,0,4,100,0,0,0,,9,16,,0,0,0,0
1602697278123,10,1010123456022,81,,1,2,4,1,2,,9.3913,69,0,0.0390683,28,0,7.6,,1.4,10,0,0.1,4,0,0,10.414,31,,56,58,,0,0,0,1
1602697278373,10,1010123456022,81,,1,2,4,1,2,,2.05882,51,0,0.012608,20,0,8.4,,2,3,0,0.1,1,0,0,4.85915,31,,103,106,,0,0,0,1
1602697278623,10,1010123456022,81,,1,2,4,1,2,,16.2609,23,0,0.0221365,9,0,9.25,,0,0,0,0,0,0,0,0,0,,9,18,,0,0,0,0
1602697278873,10,1010123456022,81,,1,2,4,1,2,,20.5385,13,0,0.016608,5,0,10,,0.1,24,0,0.1,9,0,0,5.38631,31,,37,32,,0,0,0,1
1602697279123,10,1010123456022,81,,1,2,4,1,2,,16.7,10,0,0.0106988,4,0,10,,0,0,0,0,0,0,0,0,0,,8,8,,0,0,0,0
1602697279373,10,1010123456022,81,,1,2,4,1,2,,0,0,0,0,0,0,7.25,,0,0,0,0,0,0,0,0,0,,0,0,,0,0,0,0
1602697279623,10,1010123456022,81,,1,2,4,1,2,,5.20833,24,0,0.00632932,10,0,5,,0,0,0,0,0,0,0,0,0,,22,28,,0,0,0,0
1602697279873,10,1010123456022,81,,1,2,4,1,2,,17.6667,15,0,0.016,6,0,11,,0,2,38,0.1,1,0,0,0,31,,9,12,,0,0,0,0
1602697280123,10,1010123456022,81,,1,2,4,1,2,,9.4,10,0,0.005568,4,0,4.75,,1.27273,11,0,0.1,4,0,0,4.49646,0,,8,12,,0,0,0,1
1602697280373,10,1010123456022,81,,1,2,4,1,2,,12.6957,46,158,0.03264,19,0,6.66667,,0,0,0,0,0,0,0,0,0,,69,68,,0,0,0,0
1602697280623,10,1010123456022,81,,1,2,4,1,2,,17.95,20,0,0.021376,8,0,9.8,,0,0,0,0,0,0,0,0,0,,18,22,,0,0,0,0
1602697280873,10,1010123456022,81,,1,2,4,1,2,,19.5556,18,0,0.021184,7,0,12.5,,0.1,33,0,0.1,14,0,0,6.72484,31,,8,14,,0,0,0,1
1602697281123,10,1010123456022,81,,1,2,4,1,2,,16.7273,11,0,0.010624,4,0,8.66667,,0,0,0,0,0,0,0,0,0,,9,8,,0,0,0,0
1602697281373,10,1010123456022,81,,1,2,4,1,2,,21.2857,7,0,0.010528,3,0,9.5,,0,0,0,0,0,0,0,0,0,,59,66,,0,0,0,0
1602697281623,10,1010123456022,81,,1,2,4,1,2,,17.1429,14,0,0.015936,6,0,10,,0,0,0,0,0,0,0,0,0,,11,12,,0,0,0,0
1602697281873,10,1010123456022,81,,1,2,4,1,2,,0,0,0,0,0,0,10.6667,,0,0,0,0,0,0,0,0,0,,0,0,,0,0,0,0
1602697282123,10,1010123456022,81,,1,2,4,1,2,,18,8,0,0.011232,3,0,11.2,,2,8,1283,0.1,3,0,0,4.82767,31,,4,6,,0,0,0,1.375
1602697282373,10,1010123456022,81,,1,2,4,1,2,,0,4,0,0.00536546,2,0,10.75,,1,3,0,0.1,1,0,0,6.90779,0,,3,4,,0,0,0,1
1602697282623,10,1010123456022,81,,1,2,4,1,2,,0,4,0,0.010944,2,0,9.83333,,0,0,0,0,0,0,0,0,0,,5,4,,0,0,0,0
1602697282873,10,1010123456022,81,,1,2,4,1,2,,15.8,15,0,0.0160321,6,0,12.3333,,0.173913,23,0,0.1,10,0,0,5.18514,31,,7,12,,0,0,0,1
1602697283123,10,1010123456022,81,,1,2,4,1,2,,0,0,0,0,0,0,9,,0,0,0,0,0,0,0,0,0,,0,0,,0,0,0,0
1602697283373,10,1010123456022,81,,1,2,4,1,2,,18,16,0,0.016064,6,0,12,,0,0,0,0,0,0,0,0,0,,9,12,,0,0,0,0
1602697283623,10,1010123456022,81,,1,2,4,1,2,,14.4,5,0,0.00528,2,0,11,,0,0,0,0,0,0,0,0,0,,2,4,,0,0,0,0
1602697283873,10,1010123456022,81,,1,2,4,1,2,,14.6111,18,0,0.017664,7,0,11.5,,0.1,3,0,0.1,1,0,0,6.031,31,,18,18,,0,0,0,1
1602697284123,10,1010123456022,81,,1,2,4,1,2,,15.697,33,0,0.031872,13,0,10.5,,1.625,16,0,0.1,7,0,0,5.3398,31,,22,26,,0,0,0,1
1602697284373,10,1010123456022,81,,1,2,4,1,2,,0,0,0,0,0,0,11,,0,0,0,0,0,0,0,0,0,,0,0,,0,0,0,0
1602697284623,10,1010123456022,81,,1,2,4,1,2,,14.1333,15,0,0.016,6,0,12.4,,0,0,0,0,0,0,0,0,0,,10,12,,0,0,0,0
1602697284873,10,1010123456022,81,,1,2,4,1,2,,0,2,0,0.00594378,1,0,11.4,,0,2,0,0.1,1,0,0,0,31,,1,2,,0,0,0,0
1602697285123,10,1010123456022,81,,1,2,4,1,2,,17.2,15,0,0.0161928,6,0,11.5,,2.03571,28,0,0.1,11,0,0,5.47463,31,,7,12,,0,0,0,1
1602697285373,10,1010123456022,81,,1,2,4,1,2,,16.8889,9,0,0.0106667,4,0,12.4,,0,0,0,0,0,0,0,0,0,,8,8,,0,0,0,0
1602697285624,10,1010123456022,81,,1,2,4,1,2,,2.97674,43,0,0.012384,17,0,10,,0,0,0,0,0,0,0,0,0,,96,92,,0,0,0,0
1602697285873,10,1010123456022,81,,1,2,4,1,2,,13.2857,7,0,0.00546185,3,0,7.66667,,0.1,5,0,0.1,2,0,0,9.4366,31,,4,6,,0,0,0,1
1602697286123,10,1010123456022,81,,1,2,4,1,2,,6.5,20,0,0.0110843,8,0,7,,0,12,0,0.1,6,0,0,0,0,,145,146,,0,0,0,0
1602697286373,10,1010123456022,81,,1,2,4,1,2,,0,0,0,0,0,0,7.5,,0,0,0,0,0,0,0,0,0,,0,0,,0,0,0,0
1602697286623,10,1010123456022,81,,1,2,4,1,2,,16.4643,28,0,0.0270522,11,0,11,,0,0,0,0,0,0,0,0,0,,15,22,,0,0,0,0
1602697286873,10,1010123456022,81,,1,2,4,1,2,,0,4,0,0.00533333,2,0,8.4,,0,0,0,0,0,0,0,0,0,,3,4,,0,0,0,0
1602697287123,10,1010123456022,81,,1,2,4,1,2,,18.4,5,0,0.00539759,2,0,9,,14,12,0,0,4,100,0,4.4921,0,,40,40,,0,0,0,10
1602697287373,10,1010123456022,81,,1,2,4,1,2,,17.6,15,0,0.016,6,0,11.5,,0,0,0,0,0,0,0,0,0,,8,12,,0,0,0,0
1602697287623,10,1010123456022,81,,1,2,4,1,2,,13.9,10,0,0.010624,4,0,11,,0,0,0,0,0,0,0,0,0,,5,8,,0,0,0,0
1602697287873,10,1010123456022,81,,1,2,4,1,2,,15.85,20,0,0.02128,8,0,12.2,,0.75,24,0,0.1,10,0,0,7.85636,31,,12,16,,0,0,0,1
1602697288123,10,1010123456022,81,,1,2,4,1,2,,2.67647,68,0,0.01952,27,0,7.25,,0,0,0,0,0,0,0,0,0,,113,116,,0,0,0,0
1602697288373,10,1010123456022,81,,1,2,4,1,2,,16.8,5,0,0.005312,2,0,11,,0,0,0,0,0,0,0,0,0,,3,4,,0,0,0,0
1602697288623,10,1010123456022,81,,1,2,4,1,2,,16.8889,9,0,0.01136,4,0,12,,0,0,0,0,0,0,0,0,0,,5,8,,0,0,0,0
1602697288873,10,1010123456022,81,,1,2,4,1,2,,13.4,5,0,0.005344,2,0,10.5,,15,3,0,0,1,100,0,6.17064,0,,2,4,,0,0,0,10
1602697289123,10,1010123456022,81,,1,2,4,1,2,,18.25,24,0,0.026464,9,0,9,,15,9,0,0,3,100,0,4.32209,0,,22,22,,0,0,0,10
1602697289373,10,1010123456022,81,,1,2,4,1,2,,18.2222,18,49,0.0160643,6,0,9.25,,0,0,0,0,0,0,0,0,0,,13,16,,0,0,0,0
1602697289623,10,1010123456022,81,,1,2,4,1,2,,16.3077,13,0,0.016032,6,0,11.5,,0,2,0,0.1,1,0,0,0,31,,11,12,,0,0,0,0
1602697289873,10,1010123456022,81,,1,2,4,1,2,,5.21739,23,123,0.012032,8,0,2,,1.26316,19,0,0.1,7,0,0,14.1208,31,,113,118,,0,0,0,1.31579
1602697290123,10,1010123456022,81,,1,2,4,1,2,,1.16923,65,0,0.012755,27,0,10,,0,0,0,0,0,0,0,0,0,,213,212,,0,0,0,0
1602697290373,10,1010123456022,81,,1,2,4,1,2,,17.9,10,0,0.0106988,4,0,12,,0,0,0,0,0,0,0,0,0,,4,8,,0,0,0,0
1602697290623,10,1010123456022,81,,1,2,4,1,2,,10.6389,36,0,0.0222008,14,0,10.6,,0,0,0,0,0,0,0,0,0,,27,32,,0,0,0,0
1602697290873,10,1010123456022,81,,1,2,4,1,2,,15.8,5,0,0.00533333,2,0,12.6,,0,8,0,0,4,100,0,0,0,,2,4,,0,0,0,0
1602697291123,10,1010123456022,81,,1,2,4,1,2,,16.6667,15,0,0.0160321,6,0,12.5,,4.83333,36,0,0.1,13,30.7692,0,6.28324,31,,13,12,,0,0,0,4.38889
1602697291373,10,1010123456022,81,,1,2,4,1,2,,17.5333,30,0,0.032,12,0,9.25,,0,0,0,0,0,0,0,0,0,,22,30,,0,0,0,0
1602697291623,10,1010123456022,81,,1,2,4,1,2,,15.8,5,0,0.00533333,2,0,10.5,,0,0,0,0,0,0,0,0,0,,2,4,,0,0,0,0
1602697291873,10,1010123456022,81,,1,2,4,1,2,,15,9,0,0.010656,4,0,13.6667,,0.1,3,0,0.1,1,0,0,9.18744,31,,6,8,,0,0,0,1
1602697292123,10,1010123456022,81,,1,2,4,1,2,,1.80769,26,0,0.00652209,11,0,9,,4,25,0,0.1,10,0,0,5.1865,0,,59,60,,0,0,0,1.24
1602697292373,10,1010123456022,81,,1,2,4,1,2,,16.3,20,0,0.0213655,8,0,12.3333,,0,0,0,0,0,0,0,0,0,,14,16,,0,0,0,0
1602697292623,10,1010123456022,81,,1,2,4,1,2,,19.625,8,0,0,0,0,12,,0,0,0,0,0,0,0,0,0,,6,12,,0,0,0,0
1602697292873,10,1010123456022,81,,1,2,4,1,2,,0,2,0,0.0107309,4,0,9.33333,,0,0,0,0,0,0,0,0,0,,0,0,,0,0,0,0
1602697293123,10,1010123456022,81,,1,2,4,1,2,,6.36957,46,0,0.022976,20,0,7.6,,12.2727,11,0,0.1,5,80,0,6.84265,31,,132,134,,0,0,0,8.36364
1602697293373,10,1010123456022,81,,1,2,4,1,2,,18,5,0,0.005312,2,0,7,,0,0,0,0,0,0,0,0,0,,2,4,,0,0,0,0
1602697293623,10,1010123456022,81,,1,2,4,1,2,,18.4,5,0,0.005376,2,0,10.2,,0,0,0,0,0,0,0,0,0,,6,6,,0,0,0,0
1602697293873,10,1010123456022,81,,1,2,4,1,2,,4.63636,77,0,0.034272,31,0,10.1667,,0.1,3,0,0.1,1,0,0,6.11345,31,,139,142,,0,0,0,1
1602697294123,10,1010123456022,81,,1,2,4,1,2,,13.381,21,0,0.016256,8,0,10.8,,7.5,8,0,0.1,3,0,0,16.8955,31,,19,20,,0,0,0,1.5
1602697294373,10,1010123456022,81,,1,2,4,1,2,,7.45161,31,0,0.011712,13,0,7.2,,0,0,0,0,0,0,0,0,0,,29,30,,0,0,0,0
1602697294623,10,1010123456022,81,,1,2,4,1,2,,0,4,0,0.00533333,2,0,7.25,,0,0,0,0,0,0,0,0,0,,8,8,,0,0,0,0
1602697294873,10,1010123456022,81,,1,2,4,1,2,,5,41,0,0.0173173,16,0,8.2,,0.1,3,0,0.1,1,0,0,5.66995,31,,142,146,,0,0,0,1
1602697295123,10,1010123456022,81,,1,2,4,1,2,,16.7,30,0,0.031936,12,0,8,,1.90909,22,0,0.1,9,0,0,6.06794,31,,17,28,,0,0,0,1
1602697295373,10,1010123456022,81,,1,2,4,1,2,,13.1111,9,0,0.010624,4,0,8.6,,0,0,0,0,0,0,0,0,0,,167,168,,0,0,0,0
1602697295623,10,1010123456022,81,,1,2,4,1,2,,17.6,5,0,0.005344,2,0,6.8,,0,0,0,0,0,0,0,0,0,,2,4,,0,0,0,0
1602697295873,10,1010123456022,81,,1,2,4,1,2,,17.1429,14,0,0.0107309,4,0,9,,0.1,3,0,0.1,1,0,0,6.21314,31,,8,12,,0,0,0,1
1602697296123,10,1010123456022,81,,1,2,4,1,2,,13.3043,23,0,0.021728,11,0,6.25,,1.46667,15,0,0.1,6,0,0,14.6324,31,,83,92,,0,0,0,1
1602697296373,10,1010123456022,81,,1,2,4,1,2,,5.53659,41,0,0.017312,17,0,7.75,,0,0,0,0,0,0,0,0,0,,167,168,,0,0,0,0
1602697296623,10,1010123456022,81,,1,2,4,1,2,,6.74074,27,0,0.012672,10,0,9.6,,0,0,0,0,0,0,0,0,0,,67,72,,0,0,0,0
1602697296873,10,1010123456022,81,,1,2,4,1,2,,1.91176,68,0,0.017408,26,0,10.2,,0,4,0,0.1,2,50,0,0,31,,185,186,,0,0,0,0
1602697297123,10,1010123456022,81,,1,2,4,1,2,,16.7273,11,0,0.016,6,0,9.75,,0,6,0,0,3,100,0,0,0,,6,8,,0,0,0,0
1602697297373,10,1010123456022,81,,1,2,4,1,2,,6,15,0,0.005952,6,0,8,,0,0,0,0,0,0,0,0,0,,22,22,,0,0,0,0
1602697297623,10,1010123456022,81,,1,2,4,1,2,,17.1,20,0,0.021494,8,0,9.85714,,0,0,0,0,0,0,0,0,0,,13,22,,0,0,0,0
1602697297873,10,1010123456022,81,,1,2,4,1,2,,10.9211,38,0,0.0222329,15,0,10.6667,,0.1,24,0,0.1,9,0,0,4.65326,31,,31,44,,0,0,0,1
1602697298123,10,1010123456022,81,,1,2,4,1,2,,18,16,0,0.0160643,6,0,11.4,,0,0,0,0,0,0,0,0,0,,15,12,,0,0,0,0
1602697298373,10,1010123456022,81,,1,2,4,1,2,,15.5,10,0,0.0107309,4,0,7,,0,0,0,0,0,0,0,0,0,,7,8,,0,0,0,0
1602697298623,10,1010123456022,81,,1,2,4,1,2,,8.16279,43,0,0.01751,17,0,9,,0,2,0,0.1,1,0,0,0,31,,30,34,,0,0,0,0
1602697298873,10,1010123456022,81,,1,2,4,1,2,,0,0,0,0,0,0,11,,0,2,0,0.1,1,0,0,0,31,,0,0,,0,0,0,0
1602697299123,10,1010123456022,81,,1,2,4,1,2,,0,0,0,0,0,0,11.6,,0,0,0,0,0,0,0,0,0,,0,0,,0,0,0,0
1602697299373,10,1010123456022,81,,1,2,4,1,2,,16.7273,11,0,0.010624,4,0,12.6667,,0.1,20,0,0.1,8,0,0,5.12038,31,,7,8,,0,0,0,1
1602697299623,10,1010123456022,81,,1,2,4,1,2,,16.9333,15,0,0.016064,6,0,13,,0,0,0,0,0,0,0,0,0,,6,12,,0,0,0,0
1602697299873,10,1010123456022,81,,1,2,4,1,2,,4.52632,19,0,0.0111165,8,0,8.4,,0,4,102,0.1,2,0,0,0,31,,36,36,,0,0,0,0
1602697300123,10,1010123456022,81,,1,2,4,1,2,,7.55814,43,0,0.023232,17,0,10.6,,0.1,12,0,0.1,5,0,0,8.11471,0,,49,54,,0,0,0,1
1602697300373,10,1010123456022,81,,1,2,4,1,2,,17.2,10,0,0.01088,4,0,9.66667,,0,0,0,0,0,0,0,0,0,,44,46,,0,0,0,0
1602697300623,10,1010123456022,81,,1,2,4,1,2,,17,5,0,0.005312,2,0,11.75,,0,0,0,0,0,0,0,0,0,,2,4,,0,0,0,0
1602697300873,10,1010123456022,81,,1,2,4,1,2,,16.65,20,0,0.021376,8,0,8.66667,,7.24,25,0,0.1,10,40,0,4.388,31,,12,16,,0,0,0,5.08
1602697301123,10,1010123456022,81,,1,2,4,1,2,,7.31579,57,0,0.023168,22,0,8.8,,0,0,0,0,0,0,0,0,0,,58,60,,0,0,0,0
1602697301373,10,1010123456022,81,,1,2,4,1,2,,18.2,5,0,0.005312,2,0,12.2,,0,0,0,0,0,0,0,0,0,,6,4,,0,0,0,0
1602697301623,10,1010123456022,81,,1,2,4,1,2,,14.8,15,0,0.015904,6,0,11.4,,0,0,0,0,0,0,0,0,0,,12,12,,0,0,0,0
1602697301873,10,1010123456022,81,,1,2,4,1,2,,1.48387,62,0,0.008096,23,0,8.66667,,0,1,0,0.1,1,0,0,0,31,,126,128,,0,0,0,0
1602697302123,10,1010123456022,81,,1,2,4,1,2,,18.3,10,0,0.016064,6,0,12,,4.8,10,0,0.1,4,0,0,7.9043,31,,4,8,,0,0,0,2.5
1602697302373,10,1010123456022,81,,1,2,4,1,2,,17.5714,21,0,0.021312,8,0,12,,0,0,0,0,0,0,0,0,0,,15,16,,0,0,0,0
1602697302623,10,1010123456022,81,,1,2,4,1,2,,11.4138,29,0,0.021856,11,0,6.5,,0,0,0,0,0,0,0,0,0,,42,46,,0,0,0,0
1602697302873,10,1010123456022,81,,1,2,4,1,2,,0,0,0,0,0,0,11.6667,,14,9,0,0,4,100,0,5.76245,0,,0,0,,0,0,0,10
1602697303123,10,1010123456022,81,,1,2,4,1,2,,0,4,0,0.005376,2,0,10.25,,3,22,0,0.1,8,0,0,16.2629,31,,8,8,,0,0,0,1
1602697303373,10,1010123456022,81,,1,2,4,1,2,,16.7143,14,0,0.015936,6,0,11.75,,0,0,0,0,0,0,0,0,0,,12,12,,0,0,0,0
1602697303623,10,1010123456022,81,,1,2,4,1,2,,13.9167,12,0,0.01072,5,0,10.2,,0,0,0,0,0,0,0,0,0,,12,14,,0,0,0,0
1602697303873,10,1010123456022,81,,1,2,4,1,2,,2.7561,41,0,0.0123695,17,0,8.4,,13.2,5,0,0.1,2,50,0,9.87923,31,,138,138,,0,0,0,6.4
1602697304123,10,1010123456022,81,,1,2,4,1,2,,0.1,108,14,0.0134297,38,0,3.33333,,12,9,0,0,3,100,0,3.45799,0,,357,356,,0,0,0,10
1602697304373,10,1010123456022,81,,1,2,4,1,2,,9.52941,17,0,0.0132048,11,0,11.4,,0,0,0,0,0,0,0,0,0,,19,20,,0,0,0,0
1602697304623,10,1010123456022,81,,1,2,4,1,2,,1,79,0,0.0140402,31,0,11.25,,0,0,0,0,0,0,0,0,0,,207,206,,0,0,0,0
1602697304873,10,1010123456022,81,,1,2,4,1,2,,16.1875,16,158,0.0159357,6,0,7.25,,0.1,5,0,0.1,2,0,0,5.94268,31,,160,152,,0,0,0,1
1602697305123,10,1010123456022,81,,1,2,4,1,2,,2.66667,72,0,0.0189558,29,0,11,,7.71429,28,0,0.1,12,41.6667,0,10.1026,0,,152,154,,0,0,0,4.5
1602697305373,10,1010123456022,81,,1,2,4,1,2,,0,0,0,0,0,0,7.33333,,0,0,0,0,0,0,0,0,0,,0,0,,0,0,0,0
1602697305623,10,1010123456022,81,,1,2,4,1,2,,5.5,58,0,0.0183133,23,0,9.42857,,0,0,0,0,0,0,0,0,0,,57,52,,0,0,0,0
1602697305873,10,1010123456022,81,,1,2,4,1,2,,2.34615,104,0,0.0289157,40,0,6.4,,1.11111,27,0,0.1,11,0,0,7.50676,31,,222,222,,0,0,0,1.22222
1602697306123,10,1010123456022,81,,1,2,4,1,2,,16.75,20,0,0.017824,8,0,12.25,,0,0,0,0,0,0,0,0,0,,14,16,,0,0,0,0
1602697306373,10,1010123456022,81,,1,2,4,1,2,,17.5556,9,0,0.015936,6,0,4,,0,0,0,0,0,0,0,0,0,,10,8,,0,0,0,0
1602697306623,10,1010123456022,81,,1,2,4,1,2,,19.2941,17,0,0.022624,7,0,10.5,,0,0,0,0,0,0,0,0,0,,7,14,,0,0,0,0
1602697306873,10,1010123456022,81,,1,2,4,1,2,,17.0625,16,0,0.016,6,0,8.66667,,0,2,0,0.1,1,0,0,0,31,,41,48,,0,0,0,0
1602697307123,10,1010123456022,81,,1,2,4,1,2,,17.25,16,0,0.016064,6,0,9.75,,1.0625,16,0,0.1,6,0,0,5.32412,31,,8,12,,0,0,0,1
1602697307373,10,1010123456022,81,,1,2,4,1,2,,4,22,158,0.00604016,8,0,7.5,,0,0,0,0,0,0,0,0,0,,31,32,,0,0,0,0
1602697307623,10,1010123456022,81,,1,2,4,1,2,,17.8,15,0,0.016064,6,0,7.6,,0,0,0,0,0,0,0,0,0,,11,14,,0,0,0,0
1602697307873,10,1010123456022,81,,1,2,4,1,2,,0,0,0,0,0,0,12.25,,0,2,0,0.1,1,0,0,0,31,,0,0,,0,0,0,0
1602697308123,10,1010123456022,81,,1,2,4,1,2,,1.52083,48,0,0.017504,19,0,9.33333,,0.1,14,0,0.1,5,0,0,4.6974,31,,110,108,,0,0,0,1
1602697308373,10,1010123456022,81,,1,2,4,1,2,,5.90476,21,0,0.00199197,3,0,10,,1,6,0,0.1,3,0,0,3.54352,0,,23,18,,0,0,0,1
1602697308623,10,1010123456022,81,,1,2,4,1,2,,4.24615,65,0,0.017568,31,0,6.8,,0,0,0,0,0,0,0,0,0,,144,120,,0,0,0,0
1602697308873,10,1010123456022,81,,1,2,4,1,2,,13.2857,7,0,0.005472,3,0,9,,0,0,0,0,0,0,0,0,0,,36,38,,0,0,0,0
1602697309123,10,1010123456022,81,,1,2,4,1,2,,16.5556,9,0,0.010624,4,0,12,,4.62857,35,0,0.1,14,21.4286,0,7.37291,31,,7,8,,0,0,0,3.48571
1602697309373,10,1010123456022,81,,1,2,4,1,2,,8.76471,34,0,0.0169639,14,0,10.25,,0,0,0,0,0,0,0,0,0,,21,28,,0,0,0,0
1602697309623,10,1010123456022,81,,1,2,4,1,2,,2.8625,80,0,0.019296,31,0,9.8,,0,0,0,0,0,0,0,0,0,,122,122,,0,0,0,0
1602697309873,10,1010123456022,81,,1,2,4,1,2,,17.25,20,0,0.015936,6,0,11.8333,,0,0,0,0,0,0,0,0,0,,11,18,,0,0,0,0
1602697310123,10,1010123456022,81,,1,2,4,1,2,,3.22222,18,0,0.011245,9,0,11,,6.26087,23,0,0.1,10,40,0,8.318,31,,44,42,,0,0,0,4.52174
1602697310373,10,1010123456022,81,,1,2,4,1,2,,13.3,30,0,0.027245,12,0,9,,0,0,0,0,0,0,0,0,0,,118,114,,0,0,0,0
1602697310623,10,1010123456022,81,,1,2,4,1,2,,16.8,10,0,0.00533333,2,0,9.14286,,0,0,0,0,0,0,0,0,0,,76,72,,0,0,0,0
1602697310873,10,1010123456022,81,,1,2,4,1,2,,16.4,10,0,0.016,6,0,8.33333,,0.8,15,0,0.1,6,0,0,4.435,31,,5,8,,0,0,0,1.13333
1602697311123,10,1010123456022,81,,1,2,4,1,2,,0,0,0,0,0,0,13.25,,0,0,0,0,0,0,0,0,0,,0,0,,0,0,0,0
1602697311373,10,1010123456022,81,,1,2,4,1,2,,17.6,5,0,0.0053012,2,0,12.5,,0,0,0,0,0,0,0,0,0,,2,4,,0,0,0,0
1602697311623,10,1010123456022,81,,1,2,4,1,2,,19.3846,13,0,0.0159679,5,0,9.6,,0,0,0,0,0,0,0,0,0,,9,10,,0,0,0,0
1602697311873,10,1010123456022,81,,1,2,4,1,2,,17.5,10,0,0.0106667,4,0,8,,0.1,6,0,0.1,2,0,0,11.5724,31,,5,8,,0,0,0,1
1602697312123,10,1010123456022,81,,1,2,4,1,2,,5.86957,46,0,0.012416,18,0,11.2,,13.8261,92,0,0.1,38,84.2105,0,4.45288,31,,36,36,,0,0,0,8.53261
1602697312373,10,1010123456022,81,,1,2,4,1,2,,5.91304,23,0,0.00623293,9,0,7,,0,0,0,0,0,0,0,0,0,,17,18,,0,0,0,0
1602697312623,10,1010123456022,81,,1,2,4,1,2,,11.7333,15,0,0.010816,6,0,11.6,,0,0,0,0,0,0,0,0,0,,11,12,,0,0,0,0
1602697312873,10,1010123456022,81,,1,2,4,1,2,,15.15,20,0,0.021312,8,0,12,,0.173913,23,0,0.1,10,0,0,4.95236,31,,11,16,,0,0,0,1
1602697313123,10,1010123456022,81,,1,2,4,1,2,,18.4,10,0,0.010752,4,0,9.5,,0,0,0,0,0,0,0,0,0,,6,8,,0,0,0,0
1602697313373,10,1010123456022,81,,1,2,4,1,2,,1.58602,186,18,0.0369478,66,0,6,,0,0,0,0,0,0,0,0,0,,380,388,,0,0,0,0
1602697313623,10,1010123456022,81,,1,2,4,1,2,,0.859649,57,0,0.010944,29,0,9.8,,0,0,0,0,0,0,0,0,0,,73,70,,0,0,0,0
1602697313873,10,1010123456022,81,,1,2,4,1,2,,11,17,0,0.010976,7,0,9,,0.1,3,0,0.1,1,0,0,6.08877,31,,21,14,,0,0,0,1
1602697314123,10,1010123456022,81,,1,2,4,1,2,,14.5,6,0,0.005312,2,0,12.4,,0.666667,21,0,0.1,9,0,0,7.45852,31,,4,4,,0,0,0,1
1602697314373,10,1010123456022,81,,1,2,4,1,2,,16.6,15,0,0.015936,6,0,12,,0,0,0,0,0,0,0,0,0,,18,14,,0,0,0,0
1602697314623,10,1010123456022,81,,1,2,4,1,2,,0,0,0,0,0,0,10.5,,0,0,0,0,0,0,0,0,0,,0,0,,0,0,0,0
1602697314873,10,1010123456022,81,,1,2,4,1,2,,0.1,10,287,0.000704,2,0,2.5,,0,2,0,0.1,1,0,0,0,31,,92,94,,0,0,0,0
1602697315123,10,1010123456022,81,,1,2,4,1,2,,2.52727,110,0,0.030912,47,0,5.75,,6.85714,7,0,0.1,3,0,0,7.93227,31,,268,274,,0,0,0,2.14286
1602697315373,10,1010123456022,81,,1,2,4,1,2,,0.669173,133,0,0.0174137,56,0,8.33333,,0,0,0,0,0,0,0,0,0,,260,260,,0,0,0,0
1602697315623,10,1010123456022,81,,1,2,4,1,2,,17.5,6,0,0.005376,2,0,8.33333,,0,0,0,0,0,0,0,0,0,,6,4,,0,0,0,0
1602697315873,10,1010123456022,81,,1,2,4,1,2,,18.1667,18,158,0.021856,7,0,10.4,,4,3,0,0.1,1,0,0,9.30509,31,,37,40,,0,0,0,1
1602697316123,10,1010123456022,81,,1,2,4,1,2,,9.74138,58,0,0.033216,24,0,5.2,,0,12,0,0.1,6,0,0,0,31,,122,126,,0,0,0,0
1602697316373,10,1010123456022,81,,1,2,4,1,2,,16.4211,19,0,0.0162249,7,0,9,,12,12,0,0,4,100,0,5.04892,0,,12,14,,0,0,0,10
1602697316623,10,1010123456022,81,,1,2,4,1,2,,16.9,10,0,0.010624,4,0,10,,0,0,0,0,0,0,0,0,0,,5,8,,0,0,0,0
1602697316873,10,1010123456022,81,,1,2,4,1,2,,17.8889,9,0,0.0106667,4,0,11.4,,1,16,0,0.1,7,0,0,5.07616,31,,5,8,,0,0,0,1
1602697317123,10,1010123456022,81,,1,2,4,1,2,,12.8462,13,0,0.0109237,6,0,8.66667,,0,0,0,0,0,0,0,0,0,,13,16,,0,0,0,0
1602697317373,10,1010123456022,81,,1,2,4,1,2,,19.25,12,0,0.0167068,5,0,11.25,,0,0,0,0,0,0,0,0,0,,6,10,,0,0,0,0
1602697317623,10,1010123456022,81,,1,2,4,1,2,,13.1667,12,301,0.0106667,4,0,8.8,,0,0,0,0,0,0,0,0,0,,122,122,,0,0,0,0
1602697317873,10,1010123456022,81,,1,2,4,1,2,,2.18056,72,0,0.0189237,29,0,8.8,,4.96296,27,0,0.1,11,0,0,11.7975,31,,138,140,,0,0,0,1.22222
1602697318123,10,1010123456022,81,,1,2,4,1,2,,15.7895,19,0,0.0213976,8,0,10.4,,10.2,5,0,0.1,2,0,0,9.61479,31,,14,16,,0,0,0,1.6
1602697318373,10,1010123456022,81,,1,2,4,1,2,,0,2,65,0,0,0,8.66667,,0,0,0,0,0,0,0,0,0,,4,2,,0,0,0,0
1602697318623,10,1010123456022,81,,1,2,4,1,2,,17.4118,17,0,0.0213333,8,0,12.5,,0,0,0,0,0,0,0,0,0,,8,14,,0,0,0,0
1602697318873,10,1010123456022,81,,1,2,4,1,2,,17.4,10,0,0.0107309,4,0,10.25,,2,3,0,0.1,1,0,0,3.32464,31,,4,8,,0,0,0,1
1602697319123,10,1010123456022,81,,1,2,4,1,2,,16.6667,21,0,0.0214618,8,0,11.5,,9.24242,33,0,0.1,13,61.5385,0,7.5061,31,,16,16,,0,0,0,6.45455
1602697319373,10,1010123456022,81,,1,2,4,1,2,,18.04,25,0,0.026656,10,0,9.66667,,0,0,0,0,0,0,0,0,0,,18,22,,0,0,0,0
1602697319623,10,1010123456022,81,,1,2,4,1,2,,0,0,158,0,0,0,4,,0,0,0,0,0,0,0,0,0,,2,2,,0,0,0,0
1602697319873,10,1010123456022,81,,1,2,4,1,2,,26.2,5,0,0.010432,2,0,7.75,,0.1,3,0,0.1,1,0,0,13.154,31,,139,136,,0,0,0,1
1602697320123,10,1010123456022,81,,1,2,4,1,2,,18.1111,9,0,0.010688,4,0,9.75,,2.66667,12,0,0.1,5,0,0,5.68651,31,,7,8,,0,0,0,1.33333
1602697320373,10,1010123456022,81,,1,2,4,1,2,,1.37255,51,25,0.00922088,13,0,9.8,,0,0,0,0,0,0,0,0,0,,129,126,,0,0,0,0
1602697320623,10,1010123456022,81,,1,2,4,1,2,,10.2889,45,0,0.031392,26,0,10.1429,,0,0,0,0,0,0,0,0,0,,59,58,,0,0,0,0
1602697320873,10,1010123456022,81,,1,2,4,1,2,,20.8571,7,0,0.011232,3,0,11.8,,0.421053,19,0,0.1,8,0,0,4.1368,31,,3,6,,0,0,0,1
1602697321123,10,1010123456022,81,,1,2,4,1,2,,14.4737,19,0,0.016257,8,0,10.25,,0,0,0,0,0,0,0,0,0,,12,16,,0,0,0,0
1602697321373,10,1010123456022,81,,1,2,4,1,2,,0,2,0,0.00594378,1,0,8.25,,0,0,0,0,0,0,0,0,0,,1,2,,0,0,0,0
1602697321623,10,1010123456022,81,,1,2,4,1,2,,13.7,20,0,0.016224,8,0,7.33333,,0,0,0,0,0,0,0,0,0,,12,16,,0,0,0,0
1602697321873,10,1010123456022,81,,1,2,4,1,2,,1.37705,61,158,0.014016,24,0,8,,0,4,0,0.1,2,0,0,0,31,,128,132,,0,0,0,0
1602697322123,10,1010123456022,81,,1,2,4,1,2,,0.1,227,0,0.0318072,90,0,12,,10,3,0,0.1,1,0,0,7.60327,0,,529,530,,0,0,0,5
1602697322373,10,1010123456022,81,,1,2,4,1,2,,7.90385,104,140,0.045536,41,0,6.5,,0,0,0,0,0,0,0,0,0,,87,102,,0,0,0,0
1602697322623,10,1010123456022,81,,1,2,4,1,2,,7.05714,35,0,0.017376,15,0,9.4,,0,0,0,0,0,0,0,0,0,,33,36,,0,0,0,0
1602697322873,10,1010123456022,81,,1,2,4,1,2,,0.918919,37,0,0.00703614,15,0,3,,0,2,0,0.1,1,0,0,0,31,,52,52,,0,0,0,0
1602697323123,10,1010123456022,81,,1,2,4,1,2,,1.97674,43,0,0.00745382,18,0,10.2,,12.8,5,0,0.1,2,0,0,10.0656,31,,51,52,,0,0,0,5.8
1602697323373,10,1010123456022,81,,1,2,4,1,2,,16.6,10,0,0.010752,4,0,12,,0,0,0,0,0,0,0,0,0,,4,8,,0,0,0,0
1602697323623,10,1010123456022,81,,1,2,4,1,2,,16.4762,21,0,0.0213976,8,0,6.75,,0,0,0,0,0,0,0,0,0,,88,84,,0,0,0,0
1602697323873,10,1010123456022,81,,1,2,4,1,2,,17.1034,29,0,0.032,12,0,12.2,,0.1,3,0,0.1,1,0,0,6.15219,31,,14,24,,0,0,0,1
1602697324123,10,1010123456022,81,,1,2,4,1,2,,4.43374,83,0,0.0299116,33,0,8.4,,1.13333,15,0,0.1,6,0,0,5.0957,31,,115,122,,0,0,0,1
1602697324373,10,1010123456022,81,,1,2,4,1,2,,0.876106,113,0,0.021012,45,0,5,,0,0,0,0,0,0,0,0,0,,245,252,,0,0,0,0
1602697324623,10,1010123456022,81,,1,2,4,1,2,,0,0,0,0,0,0,11.7143,,0,0,0,0,0,0,0,0,0,,0,0,,0,0,0,0
1602697324873,10,1010123456022,81,,1,2,4,1,2,,4.5,52,198,0.0155502,19,0,6.33333,,0.1,3,0,0.1,1,0,0,17.2793,31,,95,98,,0,0,0,1
1602697325123,10,1010123456022,81,,1,2,4,1,2,,6.09302,43,0,0.0250281,19,0,13,,12.4,5,0,0.1,2,0,0,16.6844,31,,84,88,,0,0,0,1
1602697325373,10,1010123456022,81,,1,2,4,1,2,,4.52564,78,0,0.0295582,31,0,8,,0,0,0,0,0,0,0,0,0,,159,162,,0,0,0,0
1602697325623,10,1010123456022,81,,1,2,4,1,2,,17,10,158,0.0106667,4,0,10.2,,0,0,0,0,0,0,0,0,0,,8,10,,0,0,0,0
1602697325873,10,1010123456022,81,,1,2,4,1,2,,5.14286,49,0,0.0177992,20,0,6.5,,15,12,0,0,4,100,0,5.49936,0,,62,66,,0,0,0,10
1602697326123,10,1010123456022,81,,1,2,4,1,2,,6.94545,55,0,0.0177992,20,0,8.16667,,1.44,25,0,0.1,9,0,0,12.6302,31,,47,52,,0,0,0,1
1602697326373,10,1010123456022,81,,1,2,4,1,2,,17.7143,21,0,0.021344,8,0,11.6667,,0,0,0,0,0,0,0,0,0,,10,16,,0,0,0,0
1602697326623,10,1010123456022,81,,1,2,4,1,2,,7.60714,28,0,0.016832,13,0,10.3333,,0,0,0,0,0,0,0,0,0,,33,42,,0,0,0,0
1602697326873,10,1010123456022,81,,1,2,4,1,2,,0.1,110,0,0.01584,45,0,6.6,,13.2,5,0,0.1,2,50,0,10.5998,31,,359,358,,0,0,0,5.2
1602697327123,10,1010123456022,81,,1,2,4,1,2,,0,0,0,0,0,0,10.4,,8,9,0,0.1,4,75,0,5.02077,0,,0,0,,0,0,0,7
1602697327373,10,1010123456022,81,,1,2,4,1,2,,18,18,0,0.021056,7,0,11,,0,0,0,0,0,0,0,0,0,,11,14,,0,0,0,0
1602697327623,10,1010123456022,81,,1,2,4,1,2,,17.4,10,0,0.010688,4,0,9.25,,0,0,0,0,0,0,0,0,0,,6,8,,0,0,0,0
1602697327873,10,1010123456022,81,,1,2,4,1,2,,1.46154,65,0,0.013504,26,0,6,,0,4,0,0.1,2,0,0,0,31,,281,280,,0,0,0,0
1602697328123,10,1010123456022,81,,1,2,4,1,2,,18.6,10,0,0.010624,4,0,11.25,,1.6,15,0,0.1,6,0,0,6.87453,31,,4,8,,0,0,0,2.2
1602697328373,10,1010123456022,81,,1,2,4,1,2,,0,4,0,0.005376,2,0,12.4,,0,0,0,0,0,0,0,0,0,,3,6,,0,0,0,0
1602697328623,10,1010123456022,81,,1,2,4,1,2,,2.96296,54,0,0.00832,19,0,7.83333,,0,0,0,0,0,0,0,0,0,,97,98,,0,0,0,0
1602697328873,10,1010123456022,81,,1,2,4,1,2,,16.4,10,0,0.015136,6,0,13,,0,2,0,0.1,1,0,0,0,31,,4,8,,0,0,0,0
1602697329123,10,1010123456022,81,,1,2,4,1,2,,15.6667,15,0,0.015936,6,0,10,,1.66667,12,0,0.1,6,0,0,7.68544,31,,8,14,,0,0,0,1.16667
1602697329373,10,1010123456022,81,,1,2,4,1,2,,15.2308,13,0,0.010784,5,0,11,,16,12,0,0,4,100,0,7.08376,0,,7,10,,0,0,0,10
1602697329623,10,1010123456022,81,,1,2,4,1,2,,17,10,0,0.010624,4,0,10.6667,,0,0,0,0,0,0,0,0,0,,4,8,,0,0,0,0
1602697329873,10,1010123456022,81,,1,2,4,1,2,,17.1818,22,0,0.021312,8,0,10.6667,,6,7,0,0.1,3,0,0,11.3538,31,,17,22,,0,0,0,2.14286
1602697330123,10,1010123456022,81,,1,2,4,1,2,,17,5,0,0.00533333,2,0,14.5,,1.72727,11,0,0.1,4,0,0,7.82708,0,,3,4,,0,0,0,1
1602697330373,10,1010123456022,81,,1,2,4,1,2,,17.9091,11,0,0.0107952,4,0,12.25,,0,0,0,0,0,0,0,0,0,,7,10,,0,0,0,0
1602697330623,10,1010123456022,81,,1,2,4,1,2,,11.0417,24,0,0.0165783,10,0,8.83333,,0,0,0,0,0,0,0,0,0,,33,38,,0,0,0,0
1602697330873,10,1010123456022,81,,1,2,4,1,2,,8.67391,46,0,0.0327068,18,0,10,,0,4,38,0.1,2,0,0,0,31,,62,64,,0,0,0,0
1602697331124,10,1010123456022,81,,1,2,4,1,2,,17.2222,9,0,0.010624,4,0,12.3333,,0.909091,11,0,0.1,5,0,0,4.4433,0,,5,8,,0,0,0,1
1602697331373,10,1010123456022,81,,1,2,4,1,2,,12,15,0,0.016,6,0,10.25,,0.1,3,0,0.1,1,0,0,4.64193,31,,10,12,,0,0,0,1
1602697331623,10,1010123456022,81,,1,2,4,1,2,,0,0,0,0,0,0,11.5,,0,0,0,0,0,0,0,0,0,,0,0,,0,0,0,0
1602697331873,10,1010123456022,81,,1,2,4,1,2,,5.75,20,0,0.006112,8,0,7.6,,0.1,3,0,0.1,1,0,0,9.99304,31,,15,18,,0,0,0,1
1602697332123,10,1010123456022,81,,1,2,4,1,2,,6.0625,32,0,0.01184,13,0,9.75,,1,17,0,0.1,7,0,0,4.55038,31,,36,38,,0,0,0,1
1602697332373,10,1010123456022,81,,1,2,4,1,2,,16.5263,19,0,0.021184,8,0,11.6,,0,0,0,0,0,0,0,0,0,,14,18,,0,0,0,0
1602697332623,10,1010123456022,81,,1,2,4,1,2,,16.2857,21,0,0.021494,9,0,6,,0,0,0,0,0,0,0,0,0,,17,20,,0,0,0,0
1602697332873,10,1010123456022,81,,1,2,4,1,2,,17.4,20,0,0.016064,6,0,11.6,,1.26316,19,0,0.1,8,0,0,6.39177,31,,13,16,,0,0,0,1.26316
1602697333123,10,1010123456022,81,,1,2,4,1,2,,4.17808,73,0,0.023968,30,0,7,,0,0,0,0,0,0,0,0,0,,215,182,,0,0,0,0
1602697333373,10,1010123456022,81,,1,2,4,1,2,,0,4,0,0.005376,2,0,9.33333,,0,0,0,0,0,0,0,0,0,,3,4,,0,0,0,0
1602697333623,10,1010123456022,81,,1,2,4,1,2,,16.8636,22,0,0.021312,8,0,15,,0,0,0,0,0,0,0,0,0,,11,16,,0,0,0,0
1602697333873,10,1010123456022,81,,1,2,4,1,2,,0,0,0,0,0,0,9,,0.1,3,0,0.1,1,0,0,20.2476,31,,0,0,,0,0,0,1
1602697334123,10,1010123456022,81,,1,2,4,1,2,,4.70732,41,0,0.012256,17,0,8.66667,,15,12,0,0,4,100,0,6.11611,0,,105,108,,0,0,0,10
1602697334373,10,1010123456022,81,,1,2,4,1,2,,12.6,20,144,0.015968,6,0,7.16667,,0,0,0,0,0,0,0,0,0,,28,28,,0,0,0,0
1602697334623,10,1010123456022,81,,1,2,4,1,2,,9.83333,30,0,0.022272,14,0,12,,0,0,0,0,0,0,0,0,0,,31,34,,0,0,0,0
1602697334873,10,1010123456022,81,,1,2,4,1,2,,14.4,5,0,0.00528,2,0,12,,2,3,0,0.1,1,0,0,6.40438,31,,2,4,,0,0,0,1
1602697335123,10,1010123456022,81,,1,2,4,1,2,,18.2,5,315,0.005312,2,0,5.33333,,1.42857,14,0,0.1,6,0,0,5.81082,31,,127,128,,0,0,0,1
1602697335373,10,1010123456022,81,,1,2,4,1,2,,10.6905,42,0,0.0273735,16,0,10.6667,,0,0,0,0,0,0,0,0,0,,57,60,,0,0,0,0
1602697335623,10,1010123456022,81,,1,2,4,1,2,,7.12,25,0,0.01152,10,0,9,,0,0,0,0,0,0,0,0,0,,22,24,,0,0,0,0
1602697335873,10,1010123456022,81,,1,2,4,1,2,,18.4,5,0,0.005376,2,0,10.75,,0,2,0,0.1,1,0,0,0,31,,5,4,,0,0,0,0
1602697336123,10,1010123456022,81,,1,2,4,1,2,,0,0,0,0,0,0,8.2,,0,0,0,0,0,0,0,0,0,,0,0,,0,0,0,0
1602697336373,10,1010123456022,81,,1,2,4,1,2,,17.3333,18,0,0.021152,7,0,9.5,,15,12,0,0,4,100,0,5.5397,0,,14,16,,0,0,0,10
1602697336623,10,1010123456022,81,,1,2,4,1,2,,16.3,10,0,0.0106345,4,0,12.3333,,0,0,0,0,0,0,0,0,0,,4,8,,0,0,0,0
1602697336873,10,1010123456022,81,,1,2,4,1,2,,0.928571,28,0,0.00671486,12,0,10,,8,6,0,0.1,2,0,0,16.41,31,,82,80,,0,0,0,1
1602697337123,10,1010123456022,81,,1,2,4,1,2,,5.64865,74,0,0.0342169,29,0,9.5,,10,3,0,0.1,1,0,0,15.8993,0,,127,138,,0,0,0,1
1602697337373,10,1010123456022,81,,1,2,4,1,2,,14.4,5,0,0.0053012,2,0,9,,0,0,0,0,0,0,0,0,0,,2,4,,0,0,0,0
1602697337623,10,1010123456022,81,,1,2,4,1,2,,0.1,111,0,0.0159036,45,0,5.5,,0,0,0,0,0,0,0,0,0,,283,284,,0,0,0,0
1602697337873,10,1010123456022,81,,1,2,4,1,2,,8.25,20,0,0.0111165,8,0,9.16667,,12,6,0,0.1,2,50,0,5.79612,31,,62,62,,0,0,0,7
1602697338123,10,1010123456022,81,,1,2,4,1,2,,15.4348,23,0,0.021344,9,0,8,,0.307692,26,0,0.1,11,0,0,5.56732,31,,14,18,,0,0,0,1
1602697338373,10,1010123456022,81,,1,2,4,1,2,,0,0,0,0,0,0,7.5,,0,0,0,0,0,0,0,0,0,,0,0,,0,0,0,0
1602697338623,10,1010123456022,81,,1,2,4,1,2,,17.7333,15,0,0.016064,6,0,13,,0,0,0,0,0,0,0,0,0,,8,12,,0,0,0,0
1602697338873,10,1010123456022,81,,1,2,4,1,2,,16.1667,12,0,0.015776,5,0,7.75,,2,3,0,0.1,1,0,0,18.8605,31,,9,12,,0,0,0,1
1602697339123,10,1010123456022,81,,1,2,4,1,2,,2.45652,46,102,0.011584,11,0,8,,7.78571,14,0,0.1,6,33.3333,0,7.31337,31,,183,180,,0,0,0,4.14286
1602697339373,10,1010123456022,81,,1,2,4,1,2,,0.15,80,0,0.0153253,40,0,9.25,,0,0,0,0,0,0,0,0,0,,168,168,,0,0,0,0
1602697339623,10,1010123456022,81,,1,2,4,1,2,,0,0,0,0,0,0,8.57143,,0,0,0,0,0,0,0,0,0,,0,0,,0,0,0,0
1602697339873,10,1010123456022,81,,1,2,4,1,2,,17.3571,14,0,0.0161285,6,0,11.5,,5.25,20,0,0.1,8,12.5,0,11.3189,31,,8,12,,0,0,0,2.35
1602697340123,10,1010123456022,81,,1,2,4,1,2,,18.2,5,0,0.005312,2,0,0.1,,0,0,0,0,0,0,0,0,0,,5,4,,0,0,0,0
1602697340373,10,1010123456022,81,,1,2,4,1,2,,16.8056,36,0,0.037344,15,0,10.5,,0,0,0,0,0,0,0,0,0,,22,30,,0,0,0,0
1602697340623,10,1010123456022,81,,1,2,4,1,2,,10.7931,29,0,0.016704,12,0,5.33333,,0,0,0,0,0,0,0,0,0,,65,68,,0,0,0,0
1602697340873,10,1010123456022,81,,1,2,4,1,2,,10.8,25,0,0.016384,10,0,10.1667,,12.8,5,0,0.1,2,50,0,9.16381,31,,22,20,,0,0,0,6.4
1602697341123,10,1010123456022,81,,1,2,4,1,2,,0.1,56,0,0.008096,23,0,1,,12,9,0,0,3,100,0,3.62748,0,,426,434,,0,0,0,10
1602697341373,10,1010123456022,81,,1,2,4,1,2,,18.1667,12,0,0.0158394,5,0,12,,0,0,0,0,0,0,0,0,0,,8,12,,0,0,0,0
1602697341623,10,1010123456022,81,,1,2,4,1,2,,5.89655,29,32,0.005856,5,0,4.2,,0,0,0,0,0,0,0,0,0,,103,96,,0,0,0,0
1602697341873,10,1010123456022,81,,1,2,4,1,2,,12.4,15,0,0.016864,13,0,11.25,,0,2,0,0.1,1,0,0,0,31,,18,20,,0,0,0,0
1602697342123,10,1010123456022,81,,1,2,4,1,2,,13.25,8,0,0.005408,3,0,8.66667,,1.85714,14,0,0.1,6,0,0,8.92939,31,,6,6,,0,0,0,1
1602697342373,10,1010123456022,81,,1,2,4,1,2,,18,27,65,0.026752,10,0,11.6667,,0,0,0,0,0,0,0,0,0,,22,28,,0,0,0,0
1602697342623,10,1010123456022,81,,1,2,4,1,2,,16.5385,26,0,0.032,12,0,11.75,,0,0,0,0,0,0,0,0,0,,14,24,,0,0,0,0
1602697342873,10,1010123456022,81,,1,2,4,1,2,,17.0588,17,0,0.016,6,0,6.5,,0,8,0,0,4,100,0,0,0,,10,12,,0,0,0,0
1602697343123,10,1010123456022,81,,1,2,4,1,2,,28,3,0,0.00592,1,0,10.8,,0,0,0,0,0,0,0,0,0,,1,2,,0,0,0,0
1602697343373,10,1010123456022,81,,1,2,4,1,2,,10.1714,35,0,0.0222972,14,0,9.16667,,0,0,0,0,0,0,0,0,0,,26,32,,0,0,0,0
1602697343623,10,1010123456022,81,,1,2,4,1,2,,13,7,0,0.00546185,3,0,8.85714,,0,0,0,0,0,0,0,0,0,,5,6,,0,0,0,0
1602697343873,10,1010123456022,81,,1,2,4,1,2,,0,0,0,0,0,0,9.6,,0,2,0,0.1,1,0,0,0,31,,0,0,,0,0,0,0
1602697344123,10,1010123456022,81,,1,2,4,1,2,,17.2143,14,0,0.0160643,6,0,11.3333,,0.173913,23,0,0.1,9,0,0,5.20199,31,,16,16,,0,0,0,1
1602697344373,10,1010123456022,81,,1,2,4,1,2,,0.1,55,0,0.00742169,21,0,8,,0,0,0,0,0,0,0,0,0,,151,152,,0,0,0,0
1602697344623,10,1010123456022,81,,1,2,4,1,2,,16.0909,11,0,0.0113735,6,0,13,,0,0,0,0,0,0,0,0,0,,5,8,,0,0,0,0
1602697344873,10,1010123456022,81,,1,2,4,1,2,,19.9286,14,0,0.021696,6,0,11.25,,0,2,0,0.1,1,0,0,0,31,,18,16,,0,0,0,0
1602697345123,10,1010123456022,81,,1,2,4,1,2,,0,0,0,0,0,0,9.6,,0,0,0,0,0,0,0,0,0,,0,0,,0,0,0,0
1602697345373,10,1010123456022,81,,1,2,4,1,2,,4.58974,39,0,0.014304,11,0,9.5,,8.53846,13,0,0.1,5,20,0,7.50022,31,,57,58,,0,0,0,4.23077
1602697345623,10,1010123456022,81,,1,2,4,1,2,,17.1579,19,0,0.0190201,11,0,12,,0,0,0,0,0,0,0,0,0,,20,18,,0,0,0,0
1602697345873,10,1010123456022,81,,1,2,4,1,2,,16,15,158,0.021184,8,0,9,,2,3,0,0.1,1,0,0,15.3673,31,,10,14,,0,0,0,1
1602697346123,10,1010123456022,81,,1,2,4,1,2,,0.1,57,0,0.008096,23,0,12.2,,7.5,16,0,0.1,6,33.3333,0,5.92386,31,,137,134,,0,0,0,5.3125
1602697346373,10,1010123456022,81,,1,2,4,1,2,,18.2,5,0,0.00533333,2,0,10.2,,0,0,0,0,0,0,0,0,0,,2,4,,0,0,0,0
1602697346623,10,1010123456022,81,,1,2,4,1,2,,9.27778,18,0,0.011168,7,0,10,,0,0,0,0,0,0,0,0,0,,19,20,,0,0,0,0
1602697346873,10,1010123456022,81,,1,2,4,1,2,,17.4375,16,0,0.0161285,6,0,11.8333,,2,6,0,0.1,2,0,0,5.68376,31,,9,12,,0,0,0,1
1602697347123,10,1010123456022,81,,1,2,4,1,2,,16.6,5,158,0.005376,2,0,12,,1,13,0,0.1,5,0,0,5.47727,0,,2,4,,0,0,0,1
1602697347373,10,1010123456022,81,,1,2,4,1,2,,4.38095,63,32,0.019552,17,0,7.66667,,0,0,0,0,0,0,0,0,0,,96,98,,0,0,0,0
1602697347623,10,1010123456022,81,,1,2,4,1,2,,5.04545,22,0,0.010112,17,0,8.83333,,0,0,0,0,0,0,0,0,0,,27,26,,0,0,0,0
1602697347873,10,1010123456022,81,,1,2,4,1,2,,7.18182,44,125,0.017216,15,0,7.5,,0,4,0,0.1,2,0,0,0,31,,38,44,,0,0,0,0
1602697348123,10,1010123456022,81,,1,2,4,1,2,,4.33333,69,0,0.024288,31,0,8.5,,0,1,0,0.1,1,0,0,0,0,,161,162,,0,0,0,0
1602697348373,10,1010123456022,81,,1,2,4,1,2,,17.6364,11,0,0.0106667,4,0,11.3333,,0,0,0,0,0,0,0,0,0,,9,8,,0,0,0,0
1602697348623,10,1010123456022,81,,1,2,4,1,2,,17.6,10,0,0.0106667,4,0,11,,0,0,0,0,0,0,0,0,0,,6,8,,0,0,0,0
1602697348873,10,1010123456022,81,,1,2,4,1,2,,18.2,5,158,0.005312,2,0,7,,0,2,0,0.1,1,0,0,0,31,,240,230,,0,0,0,0
1602697349123,10,1010123456022,81,,1,2,4,1,2,,0.739496,119,0,0.021536,48,0,12,,4.8,10,0,0.1,4,0,0,11.3422,31,,264,266,,0,0,0,2.2
1602697349373,10,1010123456022,81,,1,2,4,1,2,,0,0,0,0,0,0,5,,0,0,0,0,0,0,0,0,0,,0,0,,0,0,0,0
1602697349623,10,1010123456022,81,,1,2,4,1,2,,13.8,20,0,0.010784,5,0,8.66667,,15,11,0,0,4,100,0,3.88975,0,,12,16,,0,0,0,10
1602697349873,10,1010123456022,81,,1,2,4,1,2,,14.35,20,0,0.0215261,9,0,13.3333,,0.1,5,0,0.1,2,0,0,4.49869,31,,8,16,,0,0,0,1
1602697350123,10,1010123456022,81,,1,2,4,1,2,,6.43182,44,0,0.0284659,19,0,8.66667,,0.230769,26,0,0.1,11,0,0,5.32745,0,,73,76,,0,0,0,1
1602697350373,10,1010123456022,81,,1,2,4,1,2,,12.56,25,0,0.0216546,10,0,8.16667,,0,0,0,0,0,0,0,0,0,,101,106,,0,0,0,0
1602697350623,10,1010123456022,81,,1,2,4,1,2,,15.7,20,0,0.0215261,8,0,12.1667,,0,0,0,0,0,0,0,0,0,,20,16,,0,0,0,0
1602697350873,10,1010123456022,81,,1,2,4,1,2,,14.8462,13,0,0.0107952,5,0,9,,2,5,53,0.1,2,0,0,4.61514,31,,5,10,,0,0,0,1
1602697351123,10,1010123456022,81,,1,2,4,1,2,,0,0,0,0,0,0,10,,0.571429,21,0,0.1,8,0,0,6.30375,31,,0,0,,0,0,0,1
1602697351373,10,1010123456022,81,,1,2,4,1,2,,6.88235,34,158,0.011776,13,0,4.75,,2,3,0,0.1,1,0,0,5.27662,31,,97,96,,0,0,0,1
1602697351623,10,1010123456022,81,,1,2,4,1,2,,3.69828,116,0,0.042176,46,0,7.57143,,0,0,0,0,0,0,0,0,0,,254,246,,0,0,0,0
1602697351873,10,1010123456022,81,,1,2,4,1,2,,14.9375,16,0,0.016,6,0,12.2,,0.1,6,25,0.1,2,0,0,4.1475,31,,8,12,,0,0,0,1
1602697352123,10,1010123456022,81,,1,2,4,1,2,,19.5385,13,0,0.015712,5,0,8.5,,4.28571,28,0,0.1,11,36.3636,0,6.33965,0,,10,16,,0,0,0,4.21429
1602697352373,10,1010123456022,81,,1,2,4,1,2,,7.52273,44,0,0.01744,18,0,9.8,,0,0,0,0,0,0,0,0,0,,35,36,,0,0,0,0
1602697352623,10,1010123456022,81,,1,2,4,1,2,,14.1538,13,0,0.0108273,5,0,10.2,,0,0,0,0,0,0,0,0,0,,6,10,,0,0,0,0
1602697352873,10,1010123456022,81,,1,2,4,1,2,,15.8,5,0,0.005312,2,0,9.33333,,0,2,0,0.1,1,0,0,0,31,,2,4,,0,0,0,0
1602697353123,10,1010123456022,81,,1,2,4,1,2,,5.31148,61,0,0.02352,24,0,8,,7.81482,27,0,0.1,10,40,0,6.72109,31,,131,126,,0,0,0,5
1602697353373,10,1010123456022,81,,1,2,4,1,2,,11.8,5,155,0.006144,2,0,8.16667,,0,0,0,0,0,0,0,0,0,,75,78,,0,0,0,0
1602697353623,10,1010123456022,81,,1,2,4,1,2,,19,18,0,0.0212048,7,0,12.4286,,0,0,0,0,0,0,0,0,0,,20,22,,0,0,0,0
1602697353873,10,1010123456022,81,,1,2,4,1,2,,0,0,0,0,0,0,12.3333,,0.1,3,0,0.1,1,0,0,7.26004,31,,0,0,,0,0,0,1
1602697354123,10,1010123456022,81,,1,2,4,1,2,,10.88,25,54,0.0106667,4,0,7,,0.222222,18,0,0.1,7,0,0,5.14483,31,,24,22,,0,0,0,1
1602697354373,10,1010123456022,81,,1,2,4,1,2,,13.6,20,0,0.022272,15,0,8.75,,0,0,0,0,0,0,0,0,0,,21,18,,0,0,0,0
1602697354623,10,1010123456022,81,,1,2,4,1,2,,0,4,0,0.005312,2,0,7,,0,0,0,0,0,0,0,0,0,,3,4,,0,0,0,0
1602697354873,10,1010123456022,81,,1,2,4,1,2,,17.2308,26,0,0.0213333,8,0,0.1,,0.5,24,0,0.1,9,0,0,5.68396,31,,17,20,,0,0,0,1
1602697355123,10,1010123456022,81,,1,2,4,1,2,,9.88889,9,0,0.010816,6,0,7,,0,0,0,0,0,0,0,0,0,,19,20,,0,0,0,0
1602697355373,10,1010123456022,81,,1,2,4,1,2,,13.1667,18,115,0.0109237,6,0,5,,0,0,0,0,0,0,0,0,0,,20,24,,0,0,0,0
1602697355623,10,1010123456022,81,,1,2,4,1,2,,13.8333,18,0,0.016256,8,0,11.8571,,0,0,0,0,0,0,0,0,0,,14,16,,0,0,0,0
1602697355873,10,1010123456022,81,,1,2,4,1,2,,14.4,5,0,0.00528,2,0,13,,0.1,3,0,0.1,1,0,0,6.17697,31,,2,4,,0,0,0,1
1602697356123,10,1010123456022,81,,1,2,4,1,2,,16.5714,14,0,0.015968,6,0,12,,0.190476,21,0,0.1,9,0,0,5.07147,31,,7,12,,0,0,0,1
1602697356373,10,1010123456022,81,,1,2,4,1,2,,2.02703,74,275,0.0199518,30,0,2.66667,,0,0,0,0,0,0,0,0,0,,268,274,,0,0,0,0
1602697356623,10,1010123456022,81,,1,2,4,1,2,,1,53,0,0.0120161,22,0,9.33333,,0,0,0,0,0,0,0,0,0,,118,118,,0,0,0,0
1602697356873,10,1010123456022,81,,1,2,4,1,2,,14.8235,17,0,0.0161285,7,0,8.66667,,5.53846,13,0,0.1,6,16.6667,0,12.197,31,,9,14,,0,0,0,3.07692
1602697357123,10,1010123456022,81,,1,2,4,1,2,,14,29,0,0.0216,10,0,10,,12,9,0,0,3,100,0,6.6609,0,,24,32,,0,0,0,10
1602697357373,10,1010123456022,81,,1,2,4,1,2,,17.5333,15,0,0.021376,8,0,10.4,,0,0,0,0,0,0,0,0,0,,11,12,,0,0,0,0
1602697357623,10,1010123456022,81,,1,2,4,1,2,,13,3,107,0,0,0,9.5,,0,0,0,0,0,0,0,0,0,,2,4,,0,0,0,0
1602697357873,10,1010123456022,81,,1,2,4,1,2,,14.6538,26,0,0.027648,12,0,12.5,,0,2,0,0.1,1,0,0,0,31,,19,22,,0,0,0,0
1602697358123,10,1010123456022,81,,1,2,4,1,2,,14.1538,13,464,0.010624,4,0,5.83333,,1.8,15,0,0.1,6,0,0,11.6055,31,,35,40,,0,0,0,1
1602697358373,10,1010123456022,81,,1,2,4,1,2,,2.37975,79,0,0.029504,32,0,7.6,,0,0,0,0,0,0,0,0,0,,180,192,,0,0,0,0
1602697358623,10,1010123456022,81,,1,2,4,1,2,,1,94,29,0.013568,37,0,5,,0,0,0,0,0,0,0,0,0,,247,250,,0,0,0,0
1602697358873,10,1010123456022,81,,1,2,4,1,2,,11.9545,22,0,0.01776,10,0,9,,15,12,0,0,4,100,0,3.62826,0,,32,36,,0,0,0,10
1602697359123,10,1010123456022,81,,1,2,4,1,2,,4,12,0,0.005664,5,0,10.8333,,1.26667,15,0,0.1,6,0,0,5.8012,31,,33,34,,0,0,0,1
1602697359373,10,1010123456022,81,,1,2,4,1,2,,16.4,10,0,0.0106667,4,0,7.16667,,0,0,0,0,0,0,0,0,0,,4,8,,0,0,0,0
1602697359623,10,1010123456022,81,,1,2,4,1,2,,6.13333,75,39,0.03232,29,0,8.75,,0,0,0,0,0,0,0,0,0,,171,178,,0,0,0,0
1602697359873,10,1010123456022,81,,1,2,4,1,2,,8.76667,30,0,0.018752,14,0,11.3333,,0,4,0,0.1,2,0,0,0,31,,168,170,,0,0,0,0
1602697360123,10,1010123456022,81,,1,2,4,1,2,,10.8,40,0,0.0276627,17,0,10.3333,,1,12,0,0.1,5,0,0,4.32968,31,,37,42,,0,0,0,1
1602697360373,10,1010123456022,81,,1,2,4,1,2,,18.4,5,0,0.005376,2,0,9,,0,0,0,0,0,0,0,0,0,,2,4,,0,0,0,0
1602697360623,10,1010123456022,81,,1,2,4,1,2,,4,19,0,0.00398394,6,0,6.4,,0,0,0,0,0,0,0,0,0,,40,40,,0,0,0,0
1602697360873,10,1010123456022,81,,1,2,4,1,2,,0,0,0,0.002048,2,0,4.8,,0,0,0,0,0,0,0,0,0,,0,0,,0,0,0,0
1602697361123,10,1010123456022,81,,1,2,4,1,2,,5.59459,37,0,0.017312,15,0,9.16667,,1.11111,18,0,0.1,8,0,0,5.70098,31,,69,74,,0,0,0,1
1602697361373,10,1010123456022,81,,1,2,4,1,2,,0,0,0,0,0,0,7.75,,0,0,0,0,0,0,0,0,0,,0,0,,0,0,0,0
1602697361623,10,1010123456022,81,,1,2,4,1,2,,0,0,0,0,0,0,8.5,,0,2,0,0.1,1,0,0,0,31,,0,0,,0,0,0,0
1602697361873,10,1010123456022,81,,1,2,4,1,2,,0.252747,91,0,0.014944,38,0,3.5,,0.1,3,0,0.1,1,0,0,14.6629,31,,327,322,,0,0,0,1
1602697362123,10,1010123456022,81,,1,2,4,1,2,,18.4,5,0,0.005376,2,0,9.2,,12,12,0,0,4,100,0,4.57843,0,,2,4,,0,0,0,10
1602697362373,10,1010123456022,81,,1,2,4,1,2,,18.2,5,0,0.005312,2,0,10.5,,0,0,0,0,0,0,0,0,0,,2,4,,0,0,0,0
1602697362623,10,1010123456022,81,,1,2,4,1,2,,17.32,25,0,0.021376,8,0,10,,0,0,0,0,0,0,0,0,0,,18,22,,0,0,0,0
1602697362873,10,1010123456022,81,,1,2,4,1,2,,1.66187,139,0,0.0438554,57,0,8.8,,0.1,5,0,0.1,2,0,0,12.5913,31,,311,314,,0,0,0,1
1602697363123,10,1010123456022,81,,1,2,4,1,2,,17.381,21,0,0.0213333,8,0,11.6667,,1.09091,22,0,0.1,9,0,0,5.53269,0,,13,16,,0,0,0,1.27273
1602697363373,10,1010123456022,81,,1,2,4,1,2,,0,4,0,0.00536546,2,0,10.2,,0.1,3,0,0.1,1,0,0,8.27628,31,,4,4,,0,0,0,1
1602697363623,10,1010123456022,81,,1,2,4,1,2,,8.21739,23,0,0.0114699,9,0,7.5,,0,0,0,0,0,0,0,0,0,,31,34,,0,0,0,0
1602697363873,10,1010123456022,81,,1,2,4,1,2,,16.6875,16,0,0.016,6,0,11.6667,,4,3,0,0.1,1,0,0,6.12453,31,,7,12,,0,0,0,1
1602697364123,10,1010123456022,81,,1,2,4,1,2,,17.25,12,158,0.0107309,4,0,9.8,,1.6,15,0,0.1,6,0,0,7.76085,31,,94,96,,0,0,0,1
1602697364373,10,1010123456022,81,,1,2,4,1,2,,18.5,22,0,0.0264,9,0,8,,0,0,0,0,0,0,0,0,0,,192,186,,0,0,0,0
1602697364623,10,1010123456022,81,,1,2,4,1,2,,17.6316,19,0,0.021856,7,0,10.25,,0,0,0,0,0,0,0,0,0,,8,14,,0,0,0,0
1602697364873,10,1010123456022,81,,1,2,4,1,2,,0,2,0,0.00592,1,0,6.25,,8.5,6,0,0.1,2,0,0,19.361,31,,3,2,,0,0,0,1
1602697365123,10,1010123456022,81,,1,2,4,1,2,,2.1791,67,0,0.018752,27,0,8.2,,6.96154,26,0,0.1,10,40,0,5.40006,31,,112,112,,0,0,0,4.80769
1602697365373,10,1010123456022,81,,1,2,4,1,2,,0.610169,59,0,0.01344,25,0,6,,0,0,0,0,0,0,0,0,0,,152,156,,0,0,0,0
1602697365623,10,1010123456022,81,,1,2,4,1,2,,7.54545,11,0,0.010912,5,0,7.5,,0,2,0,0.1,1,0,0,0,31,,81,76,,0,0,0,0
1602697365873,10,1010123456022,81,,1,2,4,1,2,,13.25,8,0,0.005408,3,0,15,,2,3,0,0.1,1,0,0,6.0453,31,,3,6,,0,0,0,1
1602697366123,10,1010123456022,81,,1,2,4,1,2,,0,0,0,0,0,0,9.4,,0,0,0,0,0,0,0,0,0,,0,0,,0,0,0,0
1602697366373,10,1010123456022,81,,1,2,4,1,2,,18.6667,21,0,0.0266345,9,0,6,,0.285714,21,0,0.1,8,0,0,4.06264,31,,12,18,,0,0,0,1
1602697366623,10,1010123456022,81,,1,2,4,1,2,,12,5,0,0,0,0,7,,0,0,0,0,0,0,0,0,0,,2,4,,0,0,0,0
1602697366873,10,1010123456022,81,,1,2,4,1,2,,16.6667,9,0,0.016,6,0,12,,0,0,0,0,0,0,0,0,0,,6,8,,0,0,0,0
1602697367123,10,1010123456022,81,,1,2,4,1,2,,15.875,16,0,0.016,6,0,11.4,,0.133333,30,0,0.1,11,0,0,6.37771,31,,15,16,,0,0,0,1
1602697367373,10,1010123456022,81,,1,2,4,1,2,,17.5,10,0,0.010624,4,0,8.33333,,0,0,0,0,0,0,0,0,0,,5,8,,0,0,0,0
1602697367623,10,1010123456022,81,,1,2,4,1,2,,15.75,4,0,0.00337349,1,0,6.5,,0,0,0,0,0,0,0,0,0,,2,4,,0,0,0,0
1602697367873,10,1010123456022,81,,1,2,4,1,2,,0,0,0,0.001952,1,0,3.66667,,2,3,0,0.1,1,0,0,17.3488,31,,0,0,,0,0,0,1
1602697368123,10,1010123456022,81,,1,2,4,1,2,,7.94737,38,0,0.022304,15,0,9,,0,8,0,0,4,100,0,0,0,,77,74,,0,0,0,0
1602697368373,10,1010123456022,81,,1,2,4,1,2,,17.2,10,0,0.010784,4,0,10.2,,0,0,0,0,0,0,0,0,0,,9,8,,0,0,0,0
1602697368623,10,1010123456022,81,,1,2,4,1,2,,18.2,5,0,0.005312,2,0,11.2,,0,2,0,0.1,1,0,0,0,31,,3,4,,0,0,0,0
1602697368873,10,1010123456022,81,,1,2,4,1,2,,11.2667,15,0,0.010816,6,0,11.8,,0,2,0,0.1,1,0,0,0,31,,7,12,,0,0,0,0
1602697369123,10,1010123456022,81,,1,2,4,1,2,,16.7,10,0,0.010688,4,0,10.6667,,13.4,30,0,0.1,10,40,0,12.0945,31,,8,8,,0,0,0,4.7
1602697369373,10,1010123456022,81,,1,2,4,1,2,,0,0,0,0,0,0,10.25,,0.1,6,0,0.1,2,0,0,10.8881,31,,0,0,,0,0,0,1
1602697369623,10,1010123456022,81,,1,2,4,1,2,,16.8824,17,0,0.016032,6,0,11.75,,0,8,0,0,4,100,0,0,0,,17,14,,0,0,0,0
1602697369873,10,1010123456022,81,,1,2,4,1,2,,17.9286,14,0,0.0160643,6,0,11.5,,0.1,3,0,0.1,1,0,0,7.84572,31,,11,12,,0,0,0,1
1602697370123,10,1010123456022,81,,1,2,4,1,2,,9.43333,30,0,0.0219116,13,0,7,,0.190476,21,0,0.1,9,0,0,6.2042,31,,40,44,,0,0,0,1
1602697370373,10,1010123456022,81,,1,2,4,1,2,,2.9213,216,0,0.0415743,87,0,6.66667,,0,0,0,0,0,0,0,0,0,,316,304,,0,0,0,0
1602697370623,10,1010123456022,81,,1,2,4,1,2,,17.1,10,0,0.010656,4,0,10.8333,,0,2,0,0.1,1,0,0,0,31,,14,14,,0,0,0,0
1602697370873,10,1010123456022,81,,1,2,4,1,2,,17.0909,11,0,0.010688,4,0,11.5,,0.1,5,0,0.1,2,0,0,5.38511,31,,12,8,,0,0,0,1
1602697371123,10,1010123456022,81,,1,2,4,1,2,,16.3,10,0,0.010624,4,0,10.6667,,1.33333,9,0,0.1,4,0,0,5.58129,31,,4,8,,0,0,0,1
1602697371373,10,1010123456022,81,,1,2,4,1,2,,1,57,0,0.008,23,0,9.25,,0,0,0,0,0,0,0,0,0,,80,80,,0,0,0,0
1602697371623,10,1010123456022,81,,1,2,4,1,2,,9.27273,11,0,0.010976,5,0,10.8333,,0,0,0,0,0,0,0,0,0,,29,26,,0,0,0,0
1602697371873,10,1010123456022,81,,1,2,4,1,2,,17.5385,13,0,0.016032,6,0,8.2,,0,2,0,0.1,1,0,0,0,31,,19,18,,0,0,0,0
1602697372123,10,1010123456022,81,,1,2,4,1,2,,17.8,10,0,0.010656,4,0,13,,8.22727,22,0,0.1,8,50,0,5.67243,31,,7,8,,0,0,0,5.90909
1602697372373,10,1010123456022,81,,1,2,4,1,2,,17.6,10,0,0.010624,4,0,11.6,,0,0,0,0,0,0,0,0,0,,12,8,,0,0,0,0
1602697372623,10,1010123456022,81,,1,2,4,1,2,,17,30,0,0.032064,12,0,11,,0,2,0,0.1,1,0,0,0,31,,24,24,,0,0,0,0
1602697372873,10,1010123456022,81,,1,2,4,1,2,,7.5,40,0,0.017184,16,0,10,,10.2857,14,0,0.1,5,80,0,5.99444,31,,44,46,,0,0,0,8.07143
1602697373123,10,1010123456022,81,,1,2,4,1,2,,1.38983,59,0,0.01328,24,0,6,,0.1,3,0,0.1,1,0,0,5.08528,31,,97,98,,0,0,0,1
1602697373373,10,1010123456022,81,,1,2,4,1,2,,19.8333,6,0,0.011232,3,0,13.25,,0,0,0,0,0,0,0,0,0,,7,6,,0,0,0,0
1602697373623,10,1010123456022,81,,1,2,4,1,2,,17.2,10,0,0.010592,4,0,11.75,,0,0,0,0,0,0,0,0,0,,5,8,,0,0,0,0
1602697373873,10,1010123456022,81,,1,2,4,1,2,,7.21951,41,0,0.01728,17,0,6.2,,0,2,0,0.1,1,0,0,0,31,,53,56,,0,0,0,0
1602697374123,10,1010123456022,81,,1,2,4,1,2,,4.21429,56,0,0.0130442,22,0,8.5,,0,4,0,0.1,2,0,0,0,31,,75,74,,0,0,0,0
1602697374373,10,1010123456022,81,,1,2,4,1,2,,17,5,0,0.00533333,2,0,11.75,,0,0,0,0,0,0,0,0,0,,5,4,,0,0,0,0
1602697374623,10,1010123456022,81,,1,2,4,1,2,,5.38636,44,0,0.017504,18,0,5,,0,0,0,0,0,0,0,0,0,,85,86,,0,0,0,0
1602697374873,10,1010123456022,81,,1,2,4,1,2,,9.21212,33,0,0.0168353,13,0,9.5,,0,8,0,0,4,100,0,0,0,,47,50,,0,0,0,0
1602697375123,10,1010123456022,81,,1,2,4,1,2,,1.86667,15,0,0.00576,6,0,7.4,,0,0,0,0,0,0,0,0,0,,45,48,,0,0,0,0
1602697375373,10,1010123456022,81,,1,2,4,1,2,,0,0,158,0,0,0,8.2,,0.5,24,0,0.1,9,0,0,5.61024,31,,114,110,,0,0,0,1
1602697375623,10,1010123456022,81,,1,2,4,1,2,,5.8,20,0,0.00677912,6,0,10.8571,,0,0,0,0,0,0,0,0,0,,49,52,,0,0,0,0
1602697375873,10,1010123456022,81,,1,2,4,1,2,,17.3333,15,0,0.020416,8,0,10.3333,,0.1,3,0,0.1,1,0,0,6.46105,31,,11,12,,0,0,0,1
1602697376123,10,1010123456022,81,,1,2,4,1,2,,15.5789,19,0,0.016064,7,0,7.33333,,11.1429,42,0,0.1,16,56.25,0,9.69928,31,,46,42,,0,0,0,6
1602697376373,10,1010123456022,81,,1,2,4,1,2,,16.7273,11,0,0.010688,4,0,9,,0,0,0,0,0,0,0,0,0,,14,12,,0,0,0,0
1602697376623,10,1010123456022,81,,1,2,4,1,2,,17.4,20,0,0.0213333,8,0,11,,0,0,0,0,0,0,0,0,0,,13,18,,0,0,0,0
1602697376873,10,1010123456022,81,,1,2,4,1,2,,18.4,5,0,0.00539759,2,0,12,,0,2,0,0.1,1,0,0,0,31,,3,4,,0,0,0,0
1602697377123,10,1010123456022,81,,1,2,4,1,2,,16.6,5,0,0.005376,2,0,8.33333,,0,4,332,0.1,2,0,0,0,31,,2,4,,0,0,0,0
1602697377373,10,1010123456022,81,,1,2,4,1,2,,0,0,0,0,0,0,7,,10.4615,13,0,0.1,6,66.6667,0,8.53982,0,,0,0,,0,0,0,6.53846
1602697377623,10,1010123456022,81,,1,2,4,1,2,,0,0,0,0,0,0,12,,0,0,0,0,0,0,0,0,0,,0,0,,0,0,0,0
1602697377873,10,1010123456022,81,,1,2,4,1,2,,17.7273,22,0,0.0214618,8,0,12,,0.571429,21,0,0.1,8,0,0,4.50558,31,,12,18,,0,0,0,1.14286
1602697378123,10,1010123456022,81,,1,2,4,1,2,,3,49,0,0.018048,21,0,7.16667,,0,0,0,0,0,0,0,0,0,,126,124,,0,0,0,0
1602697378373,10,1010123456022,81,,1,2,4,1,2,,2.26866,67,0,0.01872,27,0,7.66667,,0,2,0,0.1,1,0,0,0,31,,156,156,,0,0,0,0
1602697378623,10,1010123456022,81,,1,2,4,1,2,,0,0,0,0,0,0,10.5,,0,0,0,0,0,0,0,0,0,,0,0,,0,0,0,0
1602697378873,10,1010123456022,81,,1,2,4,1,2,,17.8462,13,0,0.016704,5,0,12,,2,3,0,0.1,1,0,0,6.84776,31,,7,12,,0,0,0,1
1602697379123,10,1010123456022,81,,1,2,4,1,2,,0,0,0,0,0,0,8,,1.42857,21,0,0.1,8,0,0,7.9038,31,,0,0,,0,0,0,1
1602697379373,10,1010123456022,81,,1,2,4,1,2,,20.3333,9,0,0.017248,4,0,0.1,,0,10,0,0.1,5,80,0,0,31,,4,8,,0,0,0,0
1602697379623,10,1010123456022,81,,1,2,4,1,2,,15.8,5,0,0.005312,2,0,9,,0,0,0,0,0,0,0,0,0,,3,4,,0,0,0,0
1602697379873,10,1010123456022,81,,1,2,4,1,2,,16.8,10,0,0.010688,4,0,12,,0,2,0,0.1,1,0,0,0,31,,10,10,,0,0,0,0
1602697380123,10,1010123456022,81,,1,2,4,1,2,,18.2,5,158,0.00533333,2,0,11,,0,3,0,0,2,100,0,0,0,,2,4,,0,0,0,0
1602697380373,10,1010123456022,81,,1,2,4,1,2,,17.8,25,0,0.02656,10,0,11.5,,1.41176,17,0,0.1,7,14.2857,0,5.23407,31,,10,20,,0,0,0,3.64706
1602697380623,10,1010123456022,81,,1,2,4,1,2,,16.7778,9,0,0.0107309,4,0,12.3333,,0,0,0,0,0,0,0,0,0,,8,8,,0,0,0,0
1602697380873,10,1010123456022,81,,1,2,4,1,2,,3.88158,76,0,0.018988,30,0,7,,0.1,3,0,0.1,1,0,0,4.00203,31,,140,144,,0,0,0,1
1602697381123,10,1010123456022,81,,1,2,4,1,2,,14.8824,51,0,0.0483213,21,0,11,,0.1,26,0,0.1,10,0,0,5.32451,31,,45,50,,0,0,0,1
1602697381373,10,1010123456022,81,,1,2,4,1,2,,0,3,158,0.005344,2,0,12,,0,0,0,0,0,0,0,0,0,,8,4,,0,0,0,0
1602697381623,10,1010123456022,81,,1,2,4,1,2,,16.6,5,0,0.005376,2,0,6.5,,0,4,0,0.1,2,0,0,0,31,,3,4,,0,0,0,0
1602697381873,10,1010123456022,81,,1,2,4,1,2,,17.4,15,0,0.015936,6,0,8.66667,,10.9091,11,200,0.1,5,80,0,4.24585,31,,12,22,,0,0,0,7.54545
1602697382123,10,1010123456022,81,,1,2,4,1,2,,0,0,0,0,0,0,10.4,,0.125,32,0,0.1,13,0,0,5.49292,0,,0,0,,0,0,0,1
1602697382374,10,1010123456022,81,,1,2,4,1,2,,17.7333,15,0,0.016,6,0,11.8333,,0.1,3,0,0.1,1,0,0,6.00538,31,,9,12,,0,0,0,1
1602697382623,10,1010123456022,81,,1,2,4,1,2,,19.1667,18,0,0.0211084,7,0,11,,0,0,0,0,0,0,0,0,0,,15,14,,0,0,0,0
1602697382873,10,1010123456022,81,,1,2,4,1,2,,5.74603,63,0,0.0236466,26,0,5,,4.8,5,0,0.1,2,0,0,10.5005,31,,72,74,,0,0,0,1.4
1602697383123,10,1010123456022,81,,1,2,4,1,2,,23,3,37,0,0,0,12.3333,,1.625,8,0,0.1,3,0,0,9.7627,31,,4,2,,0,0,0,1
1602697383373,10,1010123456022,81,,1,2,4,1,2,,11,3,0,0.00533333,2,0,7.66667,,0,0,0,0,0,0,0,0,0,,2,2,,0,0,0,0
1602697383623,10,1010123456022,81,,1,2,4,1,2,,7.55556,72,0,0.029056,29,0,8.5,,0,0,0,0,0,0,0,0,0,,77,70,,0,0,0,0
1602697383873,10,1010123456022,81,,1,2,4,1,2,,16.7,20,0,0.021408,8,0,9.2,,0,2,0,0,1,100,0,0,0,,14,16,,0,0,0,0
1602697384123,10,1010123456022,81,,1,2,4,1,2,,0.1,58,0,0.008096,23,0,9.75,,0,6,0,0,3,100,0,0,0,,236,222,,0,0,0,0
1602697384373,10,1010123456022,81,,1,2,4,1,2,,2.57143,42,0,0.012448,17,0,4.5,,0,0,0,0,0,0,0,0,0,,116,116,,0,0,0,0
1602697384623,10,1010123456022,81,,1,2,4,1,2,,28,3,0,0.00592,1,0,11.8571,,0,0,0,0,0,0,0,0,0,,1,2,,0,0,0,0
1602697384873,10,1010123456022,81,,1,2,4,1,2,,16.9,10,0,0.0106667,4,0,10.3333,,0,4,0,0.1,2,0,0,0,31,,4,8,,0,0,0,0
1602697385123,10,1010123456022,81,,1,2,4,1,2,,12.7692,13,0,0.010784,5,0,11,,0.6875,16,0,0.1,7,0,0,4.71999,31,,9,10,,0,0,0,1
1602697385373,10,1010123456022,81,,1,2,4,1,2,,16.6,5,0,0.005376,2,0,9.75,,0,0,0,0,0,0,0,0,0,,2,4,,0,0,0,0
1602697385623,10,1010123456022,81,,1,2,4,1,2,,0,0,0,0,0,0,7,,0,0,0,0,0,0,0,0,0,,0,0,,0,0,0,0
1602697385873,10,1010123456022,81,,1,2,4,1,2,,18.4,5,0,0.005376,2,0,7,,0,0,0,0,0,0,0,0,0,,3,6,,0,0,0,0
1602697386123,10,1010123456022,81,,1,2,4,1,2,,15.9167,12,0,0.0159679,5,0,9.5,,0.333333,30,0,0.1,11,0,0,5.27596,31,,37,40,,0,0,0,1
1602697386373,10,1010123456022,81,,1,2,4,1,2,,12,5,0,0.005312,2,0,11.6667,,0,0,0,0,0,0,0,0,0,,5,6,,0,0,0,0
1602697386623,10,1010123456022,81,,1,2,4,1,2,,14.4231,26,0,0.021376,10,0,10,,0,0,0,0,0,0,0,0,0,,81,84,,0,0,0,0
1602697386873,10,1010123456022,81,,1,2,4,1,2,,15.5,10,0,0.010656,4,0,10.5,,0,2,0,0.1,1,0,0,0,31,,5,8,,0,0,0,0
1602697387123,10,1010123456022,81,,1,2,4,1,2,,1,41,0,0.007328,17,0,9.33333,,6,6,150000,0.1,2,0,0,15.7368,31,,58,60,,0,0,0,1
1602697387373,10,1010123456022,81,,1,2,4,1,2,,11.9333,15,0,0.010816,6,0,6,,12.1277,47,0,0.1,20,70,0,7.269,0,,13,14,,0,0,0,7.34043
1602697387623,10,1010123456022,81,,1,2,4,1,2,,0,0,0,0,0,0,10.2857,,0,0,0,0,0,0,0,0,0,,0,0,,0,0,0,0
1602697387873,10,1010123456022,81,,1,2,4,1,2,,17,11,0,0.010592,4,0,12.6667,,0,4,0,0.1,2,0,0,0,31,,8,8,,0,0,0,0
1602697388123,10,1010123456022,81,,1,2,4,1,2,,5.3,20,0,0.0114056,9,0,10.5,,0.285714,21,0,0.1,8,0,0,8.7913,0,,38,40,,0,0,0,1
1602697388373,10,1010123456022,81,,1,2,4,1,2,,17.5,6,0,0.00539759,2,0,11.75,,0,0,0,0,0,0,0,0,0,,3,4,,0,0,0,0
1602697388623,10,1010123456022,81,,1,2,4,1,2,,7.91667,12,149,0.00528,2,0,7.5,,0,0,0,0,0,0,0,0,0,,11,10,,0,0,0,0
1602697388873,10,1010123456022,81,,1,2,4,1,2,,2.02312,173,0,0.029696,74,0,10,,0,8,0,0,4,100,0,0,0,,214,212,,0,0,0,0
1602697389123,10,1010123456022,81,,1,2,4,1,2,,0,0,0,0,0,0,9,,2.42857,14,0,0.1,6,0,0,8.38266,31,,0,0,,0,0,0,1
1602697389373,10,1010123456022,81,,1,2,4,1,2,,15.8966,29,0,0.026752,11,0,6.4,,0,0,0,0,0,0,0,0,0,,94,100,,0,0,0,0
1602697389623,10,1010123456022,81,,1,2,4,1,2,,12.6471,17,0,0.010816,5,0,12.5,,0,0,0,0,0,0,0,0,0,,10,14,,0,0,0,0
1602697389873,10,1010123456022,81,,1,2,4,1,2,,12.8333,18,0,0.0216546,10,0,7,,1.19231,26,0,0.1,11,0,0,6.32438,31,,19,16,,0,0,0,1.11538
1602697390123,10,1010123456022,81,,1,2,4,1,2,,18.2,5,0,0.005312,2,0,9.33333,,0,0,0,0,0,0,0,0,0,,2,4,,0,0,0,0
1602697390373,10,1010123456022,81,,1,2,4,1,2,,17.6667,15,0,0.016,6,0,9.16667,,0,0,0,0,0,0,0,0,0,,76,76,,0,0,0,0
1602697390623,10,1010123456022,81,,1,2,4,1,2,,5.84848,66,0,0.018528,27,0,3.5,,0,0,0,0,0,0,0,0,0,,75,70,,0,0,0,0
1602697390873,10,1010123456022,81,,1,2,4,1,2,,0.1,58,0,0.008096,23,0,0.1,,0,2,0,0.1,1,0,0,0,31,,247,250,,0,0,0,0
1602697391123,10,1010123456022,81,,1,2,4,1,2,,18,10,0,0.00539759,2,0,10,,1,24,0,0.1,9,0,0,8.4291,31,,4,8,,0,0,0,1
1602697391373,10,1010123456022,81,,1,2,4,1,2,,17.4737,19,0,0.02672,10,0,9.8,,0,0,0,0,0,0,0,0,0,,10,20,,0,0,0,0
1602697391623,10,1010123456022,81,,1,2,4,1,2,,15.8421,19,0,0.016032,7,0,8.5,,0,0,0,0,0,0,0,0,0,,10,14,,0,0,0,0
1602697391873,10,1010123456022,81,,1,2,4,1,2,,5.41463,41,0,0.006944,15,0,11.5,,14,12,0,0,4,100,0,4.79415,0,,36,34,,0,0,0,10
1602697392123,10,1010123456022,81,,1,2,4,1,2,,2.58824,68,0,0.024032,29,0,9.8,,1.47059,17,0,0.1,7,0,0,6.25855,31,,202,204,,0,0,0,1
1602697392373,10,1010123456022,81,,1,2,4,1,2,,12,4,0,0.00528,2,0,4,,0,0,0,0,0,0,0,0,0,,6,8,,0,0,0,0
1602697392623,10,1010123456022,81,,1,2,4,1,2,,17.1875,16,0,0.015904,6,0,12.75,,0,0,0,0,0,0,0,0,0,,11,12,,0,0,0,0
1602697392873,10,1010123456022,81,,1,2,4,1,2,,9.88889,18,127,0.0111165,5,0,10,,0.1,3,102,0.1,1,0,0,5.58218,31,,36,30,,0,0,0,1
1602697393123,10,1010123456022,81,,1,2,4,1,2,,10.6154,52,0,0.0331566,23,0,12,,5,21,0,0.1,7,0,0,16.0236,0,,66,70,,0,0,0,1
1602697393373,10,1010123456022,81,,1,2,4,1,2,,17.5,6,0,0.005376,2,0,10.3333,,0,0,0,0,0,0,0,0,0,,4,4,,0,0,0,0
1602697393623,10,1010123456022,81,,1,2,4,1,2,,2.66667,27,158,0.011456,11,0,8.66667,,0,0,0,0,0,0,0,0,0,,67,72,,0,0,0,0
1602697393873,10,1010123456022,81,,1,2,4,1,2,,0.966667,60,0,0.013408,25,0,14,,0,8,0,0,4,100,0,0,0,,101,102,,0,0,0,0
1602697394123,10,1010123456022,81,,1,2,4,1,2,,0,0,158,0,0,0,8.5,,0,0,0,0,0,0,0,0,0,,2,0,,0,0,0,0
1602697394373,10,1010123456022,81,,1,2,4,1,2,,5.67089,79,0,0.0245141,31,0,7,,3.73913,23,0,0.1,10,0,0,15.5397,31,,87,86,,0,0,0,1
1602697394623,10,1010123456022,81,,1,2,4,1,2,,12.8571,21,0,0.016256,8,0,10.6667,,0,0,0,0,0,0,0,0,0,,24,28,,0,0,0,0
1602697394873,10,1010123456022,81,,1,2,4,1,2,,0.333333,114,0,0.021504,46,0,6.5,,13.5,20,0,0.1,8,62.5,0,8.31415,31,,212,212,,0,0,0,6.7
1602697395123,10,1010123456022,81,,1,2,4,1,2,,3.34426,61,0,0.01312,24,0,6,,0,0,0,0,0,0,0,0,0,,140,140,,0,0,0,0
1602697395373,10,1010123456022,81,,1,2,4,1,2,,3.47222,72,0,0.021632,22,0,8.75,,0,0,0,0,0,0,0,0,0,,108,114,,0,0,0,0
1602697395623,10,1010123456022,81,,1,2,4,1,2,,0,0,0,0.002464,7,0,9.8,,0,0,0,0,0,0,0,0,0,,0,0,,0,0,0,0
1602697395873,10,1010123456022,81,,1,2,4,1,2,,15.1579,19,0,0.01616,7,0,11.6667,,0,2,0,0.1,1,0,0,0,31,,10,14,,0,0,0,0
1602697396123,10,1010123456022,81,,1,2,4,1,2,,28,5,0,0.01184,2,0,0.1,,0.444444,18,0,0.1,8,0,0,6.28053,31,,2,4,,0,0,0,1
1602697396373,10,1010123456022,81,,1,2,4,1,2,,18.4,5,0,0.005376,2,0,10.8333,,0,0,0,0,0,0,0,0,0,,7,4,,0,0,0,0
1602697396623,10,1010123456022,81,,1,2,4,1,2,,15,15,0,0.0161928,7,0,12,,0,0,0,0,0,0,0,0,0,,13,14,,0,0,0,0
1602697396873,10,1010123456022,81,,1,2,4,1,2,,14.3,10,0,0.010688,4,0,10,,0.482759,29,0,0.1,11,0,0,6.44646,31,,4,8,,0,0,0,1
1602697397123,10,1010123456022,81,,1,2,4,1,2,,8.64103,39,0,0.017184,16,0,7.33333,,0,0,0,0,0,0,0,0,0,,34,32,,0,0,0,0
1602697397373,10,1010123456022,81,,1,2,4,1,2,,7.69231,26,0,0.011584,11,0,10.8,,0,0,0,0,0,0,0,0,0,,18,22,,0,0,0,0
1602697397623,10,1010123456022,81,,1,2,4,1,2,,13.25,8,0,0.005472,3,0,8,,0,0,0,0,0,0,0,0,0,,4,6,,0,0,0,0
1602697397873,10,1010123456022,81,,1,2,4,1,2,,0.1,54,0,0.008096,23,0,4,,9,3,0,0.1,1,0,0,17.4762,31,,208,208,,0,0,0,1
1602697398123,10,1010123456022,81,,1,2,4,1,2,,17.6667,15,0,0.016,6,0,11.6667,,14,12,0,0,4,100,0,4.05539,0,,6,12,,0,0,0,10
1602697398373,10,1010123456022,81,,1,2,4,1,2,,15.8,10,0,0.010624,4,0,8.16667,,0,0,0,0,0,0,0,0,0,,4,8,,0,0,0,0
1602697398623,10,1010123456022,81,,1,2,4,1,2,,0,0,0,0,0,0,7.2,,0,0,0,0,0,0,0,0,0,,0,0,,0,0,0,0
1602697398873,10,1010123456022,81,,1,2,4,1,2,,4.27941,68,203,0.01952,21,0,8,,0.1,3,0,0.1,1,0,0,16.4549,31,,74,78,,0,0,0,1
1602697399123,10,1010123456022,81,,1,2,4,1,2,,7.0339,59,0,0.0328353,30,0,11.3333,,14,12,0,0,4,100,0,4.50283,0,,90,94,,0,0,0,10
1602697399373,10,1010123456022,81,,1,2,4,1,2,,16.5385,13,0,0.015936,6,0,9.33333,,0,0,0,0,0,0,0,0,0,,11,12,,0,0,0,0
1602697399623,10,1010123456022,81,,1,2,4,1,2,,16.04,25,0,0.026592,10,0,11,,0,0,0,0,0,0,0,0,0,,29,28,,0,0,0,0
1602697399873,10,1010123456022,81,,1,2,4,1,2,,17.0909,11,0,0.010656,4,0,9.33333,,0,2,0,0.1,1,0,0,0,31,,9,8,,0,0,0,0
1602697400123,10,1010123456022,81,,1,2,4,1,2,,0.765766,111,0,0.015616,43,0,9.75,,2.22222,27,0,0.1,11,0,0,8.25391,31,,242,248,,0,0,0,1.07407
1602697400373,10,1010123456022,81,,1,2,4,1,2,,16.3,10,0,0.015936,6,0,9.33333,,0,0,0,0,0,0,0,0,0,,6,8,,0,0,0,0
1602697400623,10,1010123456022,81,,1,2,4,1,2,,17.2,10,0,0.01056,4,0,9,,0,0,0,0,0,0,0,0,0,,111,100,,0,0,0,0
1602697400873,10,1010123456022,81,,1,2,4,1,2,,14.3636,22,0,0.021504,10,0,11,,0.8,5,59,0.1,2,0,0,5.4403,31,,21,22,,0,0,0,1
1602697401123,10,1010123456022,81,,1,2,4,1,2,,4.23333,30,0,0.011584,12,0,6.5,,1.47368,19,0,0.1,8,0,0,8.91332,31,,52,56,,0,0,0,1
1602697401373,10,1010123456022,81,,1,2,4,1,2,,17.5,6,0,0.005312,2,0,11.8333,,0,0,0,0,0,0,0,0,0,,3,4,,0,0,0,0
1602697401623,10,1010123456022,81,,1,2,4,1,2,,17.5,10,0,0.010624,4,0,10.4286,,0,0,0,0,0,0,0,0,0,,5,8,,0,0,0,0
1602697401873,10,1010123456022,81,,1,2,4,1,2,,16.7,20,0,0.0213333,8,0,12.2,,4,33,0,0.1,13,0,0,7.25724,31,,15,22,,0,0,0,1.27273
1602697402123,10,1010123456022,81,,1,2,4,1,2,,16.5652,23,0,0.026528,9,0,12.4,,0,0,0,0,0,0,0,0,0,,11,20,,0,0,0,0
1602697402373,10,1010123456022,81,,1,2,4,1,2,,16.95,20,0,0.021248,8,0,10.75,,0,0,0,0,0,0,0,0,0,,14,18,,0,0,0,0
1602697402623,10,1010123456022,81,,1,2,4,1,2,,15.8,10,0,0.0106667,4,0,11.75,,2,3,0,0.1,1,0,0,6.21768,31,,15,12,,0,0,0,1
1602697402873,10,1010123456022,81,,1,2,4,1,2,,11.8864,44,0,0.032736,18,0,10.5,,1.2,5,0,0.1,2,0,0,6.00535,31,,34,36,,0,0,0,1
1602697403123,10,1010123456022,81,,1,2,4,1,2,,18.4,5,0,0.005376,2,0,12.3333,,1.2,10,0,0.1,4,0,0,6.49265,0,,4,8,,0,0,0,1
1602697403373,10,1010123456022,81,,1,2,4,1,2,,1.51546,97,0,0.015104,38,0,6,,0,0,0,0,0,0,0,0,0,,184,182,,0,0,0,0
1602697403623,10,1010123456022,81,,1,2,4,1,2,,17,5,0,0.00533333,2,0,7.4,,0,0,0,0,0,0,0,0,0,,5,8,,0,0,0,0
1602697403873,10,1010123456022,81,,1,2,4,1,2,,4.09091,11,0,0.005568,4,0,9.75,,0,2,0,0.1,1,0,0,0,31,,81,80,,0,0,0,0
1602697404123,10,1010123456022,81,,1,2,4,1,2,,0,0,0,0,0,0,11.6667,,7.55556,18,0,0.1,7,42.8571,0,7.65943,0,,0,0,,0,0,0,5.22222
1602697404373,10,1010123456022,81,,1,2,4,1,2,,9.66667,12,0,0.005248,4,0,0.1,,0,0,0,0,0,0,0,0,0,,22,24,,0,0,0,0
1602697404623,10,1010123456022,81,,1,2,4,1,2,,5.7619,42,0,0.0126908,18,0,10,,0,0,0,0,0,0,0,0,0,,38,38,,0,0,0,0
1602697404873,10,1010123456022,81,,1,2,4,1,2,,4.42857,28,0,0.00656,11,0,3,,0,1,0,0.1,1,0,0,0,31,,38,44,,0,0,0,0
1602697405123,10,1010123456022,81,,1,2,4,1,2,,16.7368,19,0,0.02128,8,0,12,,16,12,0,0,4,100,0,5.47709,0,,17,20,,0,0,0,10
1602697405373,10,1010123456022,81,,1,2,4,1,2,,18.2,5,0,0.005312,2,0,11.5,,0,0,0,0,0,0,0,0,0,,2,4,,0,0,0,0
1602697405623,10,1010123456022,81,,1,2,4,1,2,,0.972222,36,0,0.007008,15,0,9,,0,0,0,0,0,0,0,0,0,,57,60,,0,0,0,0
1602697405873,10,1010123456022,81,,1,2,4,1,2,,1.625,24,0,0.0064257,10,0,12.75,,0.1,3,0,0.1,1,0,0,4.78058,31,,113,112,,0,0,0,1
1602697406123,10,1010123456022,81,,1,2,4,1,2,,12,5,0,0.005312,2,0,6,,0.1,24,0,0.1,9,0,0,5.33466,31,,7,8,,0,0,0,1
1602697406373,10,1010123456022,81,,1,2,4,1,2,,14.3,10,315,0.010688,4,0,8.33333,,0,0,0,0,0,0,0,0,0,,40,52,,0,0,0,0
1602697406623,10,1010123456022,81,,1,2,4,1,2,,19.8571,14,0,0.0160321,5,0,10.6667,,0,0,0,0,0,0,0,0,0,,59,60,,0,0,0,0
1602697406873,10,1010123456022,81,,1,2,4,1,2,,0.113208,53,0,0.007744,21,0,4.2,,2,3,0,0.1,1,0,0,14.351,31,,90,88,,0,0,0,1
1602697407123,10,1010123456022,81,,1,2,4,1,2,,17.2,20,0,0.0213333,8,0,4.66667,,7.73077,26,0,0.1,11,45.4545,0,9.30478,31,,13,16,,0,0,0,4.92308
1602697407373,10,1010123456022,81,,1,2,4,1,2,,10.3333,27,0,0.0216,11,0,5,,0,0,0,0,0,0,0,0,0,,34,34,,0,0,0,0
1602697407623,10,1010123456022,81,,1,2,4,1,2,,0,0,0,0,0,0,7.8,,0,0,0,0,0,0,0,0,0,,0,0,,0,0,0,0
1602697407873,10,1010123456022,81,,1,2,4,1,2,,13.4286,7,0,0.005472,3,0,8.2,,14,6,0,0.1,2,50,0,9.40335,31,,3,6,,0,0,0,5.5
1602697408123,10,1010123456022,81,,1,2,4,1,2,,11.2174,23,0,0.016544,9,0,8.4,,0,8,0,0,4,100,0,0,0,,22,24,,0,0,0,0
1602697408373,10,1010123456022,81,,1,2,4,1,2,,17.15,20,0,0.021344,8,0,8.66667,,0,0,0,0,0,0,0,0,0,,12,16,,0,0,0,0
1602697408623,10,1010123456022,81,,1,2,4,1,2,,18,18,0,0.0211727,7,0,8,,0,0,0,0,0,0,0,0,0,,9,14,,0,0,0,0
1602697408873,10,1010123456022,81,,1,2,4,1,2,,16.25,20,0,0.0213333,8,0,11,,0,2,0,0.1,1,0,0,0,31,,12,18,,0,0,0,0
1602697409123,10,1010123456022,81,,1,2,4,1,2,,17.5333,15,0,0.015936,6,0,11.3333,,1,12,0,0.1,5,0,0,5.17984,0,,12,12,,0,0,0,1
1602697409373,10,1010123456022,81,,1,2,4,1,2,,16,15,0,0.016,6,0,7.66667,,0,0,0,0,0,0,0,0,0,,87,86,,0,0,0,0
1602697409623,10,1010123456022,81,,1,2,4,1,2,,17.6129,31,0,0.02656,10,0,0.1,,0,0,0,0,0,0,0,0,0,,19,24,,0,0,0,0
1602697409873,10,1010123456022,81,,1,2,4,1,2,,17.4,10,0,0.016,6,0,7.5,,0,2,0,0.1,1,0,0,0,31,,49,48,,0,0,0,0
1602697410123,10,1010123456022,81,,1,2,4,1,2,,1.72897,107,0,0.025696,43,0,8.4,,11.3333,9,0,0.1,3,33.3333,0,10.4715,31,,158,162,,0,0,0,4
1602697410373,10,1010123456022,81,,1,2,4,1,2,,17.4667,15,0,0.0160643,6,0,11.4,,0,0,0,0,0,0,0,0,0,,9,12,,0,0,0,0
1602697410623,10,1010123456022,81,,1,2,4,1,2,,17.3333,15,0,0.015872,6,0,11,,0,0,0,0,0,0,0,0,0,,10,12,,0,0,0,0
1602697410873,10,1010123456022,81,,1,2,4,1,2,,0,0,0,0,0,0,13.75,,12,11,0,0,4,100,0,4.85812,0,,0,0,,0,0,0,10
1602697411123,10,1010123456022,81,,1,2,4,1,2,,5.62963,54,0,0.0283695,22,0,9.16667,,6.7037,27,0,0.1,10,40,0,6.93578,31,,153,152,,0,0,0,5.44444
1602697411373,10,1010123456022,81,,1,2,4,1,2,,17.4091,22,0,0.026528,9,0,12.3333,,0,0,0,0,0,0,0,0,0,,16,18,,0,0,0,0
1602697411623,10,1010123456022,81,,1,2,4,1,2,,16.4,10,0,0.0106667,4,0,10.7143,,0,0,0,0,0,0,0,0,0,,6,8,,0,0,0,0
1602697411873,10,1010123456022,81,,1,2,4,1,2,,17.15,20,0,0.021216,8,0,12.75,,0,0,0,0,0,0,0,0,0,,8,16,,0,0,0,0
1602697412123,10,1010123456022,81,,1,2,4,1,2,,17,5,0,0.005312,2,0,12,,1.2381,21,0,0.1,8,0,0,7.52736,31,,4,6,,0,0,0,1
1602697412373,10,1010123456022,81,,1,2,4,1,2,,18.619,42,0,0.0552289,17,0,10,,0,0,0,0,0,0,0,0,0,,78,92,,0,0,0,0
1602697412623,10,1010123456022,81,,1,2,4,1,2,,17.0909,11,0,0.010752,4,0,9.5,,0,0,0,0,0,0,0,0,0,,9,8,,0,0,0,0
1602697412873,10,1010123456022,81,,1,2,4,1,2,,15.4167,36,0,0.032,14,0,11.5,,0.1,5,0,0.1,2,0,0,7.86425,31,,20,30,,0,0,0,1
1602697413123,10,1010123456022,81,,1,2,4,1,2,,17.5,6,0,0.005376,2,0,12.1667,,0.9,20,0,0.1,8,0,0,4.95024,0,,5,4,,0,0,0,1
1602697413373,10,1010123456022,81,,1,2,4,1,2,,17.5455,11,0,0.0106667,4,0,13,,0,0,0,0,0,0,0,0,0,,5,8,,0,0,0,0
1602697413623,10,1010123456022,81,,1,2,4,1,2,,18.2,5,0,0.005312,2,0,10,,0,0,0,0,0,0,0,0,0,,2,4,,0,0,0,0
1602697413873,10,1010123456022,81,,1,2,4,1,2,,17.2727,11,0,0.0106667,4,0,12.5,,0,0,0,0,0,0,0,0,0,,14,12,,0,0,0,0
1602697414123,10,1010123456022,81,,1,2,4,1,2,,9.55,20,0,0.016224,8,0,8,,7.83333,24,0,0.1,10,20,0,13.361,31,,45,44,,0,0,0,2.66667
1602697414373,10,1010123456022,81,,1,2,4,1,2,,16.8,5,0,0.00533333,2,0,7.5,,0,0,0,0,0,0,0,0,0,,2,4,,0,0,0,0
1602697414623,10,1010123456022,81,,1,2,4,1,2,,13.4286,14,0,0.005504,4,0,10.8,,0,0,0,0,0,0,0,0,0,,19,18,,0,0,0,0
1602697414873,10,1010123456022,81,,1,2,4,1,2,,17.2727,11,0,0.0161285,6,0,9.8,,2.05556,18,0,0.1,7,0,0,8.00045,31,,7,8,,0,0,0,1
1602697415123,10,1010123456022,81,,1,2,4,1,2,,0,0,0,0,0,0,9.5,,0,0,0,0,0,0,0,0,0,,0,0,,0,0,0,0
1602697415373,10,1010123456022,81,,1,2,4,1,2,,17.8235,17,57,0.016,6,0,11.5,,0,0,0,0,0,0,0,0,0,,16,16,,0,0,0,0
1602697415623,10,1010123456022,81,,1,2,4,1,2,,0.489209,139,0,0.027584,56,0,4.66667,,0,0,0,0,0,0,0,0,0,,260,264,,0,0,0,0
1602697415873,10,1010123456022,81,,1,2,4,1,2,,15.8235,17,0,0.0162892,7,0,7,,11,14,0,0.1,5,60,0,6.34906,31,,15,20,,0,0,0,7.64286
1602697416123,10,1010123456022,81,,1,2,4,1,2,,17.8889,9,0,0.010688,4,0,12.6667,,5.57143,14,0,0.1,6,0,0,10.725,0,,8,8,,0,0,0,2.35714
1602697416373,10,1010123456022,81,,1,2,4,1,2,,17,5,0,0.005312,2,0,13.5,,0,0,0,0,0,0,0,0,0,,3,4,,0,0,0,0
1602697416623,10,1010123456022,81,,1,2,4,1,2,,17.1429,21,0,0.02144,8,0,11.6,,0,0,0,0,0,0,0,0,0,,12,18,,0,0,0,0
1602697416873,10,1010123456022,81,,1,2,4,1,2,,14.9412,17,0,0.010688,4,0,13,,4,5,0,0.1,2,0,0,7.22397,31,,14,14,,0,0,0,1
1602697417123,10,1010123456022,81,,1,2,4,1,2,,16.4,10,0,0.015968,6,0,12.5,,1.55556,9,0,0.1,4,0,0,4.91014,0,,5,8,,0,0,0,1
1602697417373,10,1010123456022,81,,1,2,4,1,2,,15.6364,11,0,0.0106667,4,0,8.33333,,0,0,0,0,0,0,0,0,0,,9,8,,0,0,0,0
1602697417623,10,1010123456022,81,,1,2,4,1,2,,2.7973,74,0,0.01392,29,0,9,,0,0,0,0,0,0,0,0,0,,65,70,,0,0,0,0
1602697417873,10,1010123456022,81,,1,2,4,1,2,,0,0,0,0,0,0,6.5,,0,2,0,0.1,1,0,0,0,31,,0,0,,0,0,0,0
1602697418123,10,1010123456022,81,,1,2,4,1,2,,0,0,0,0,0,0,7.5,,0,0,0,0,0,0,0,0,0,,0,0,,0,0,0,0
1602697418373,10,1010123456022,81,,1,2,4,1,2,,0.1,53,0,0.008096,23,0,2,,0,0,0,0,0,0,0,0,0,,317,312,,0,0,0,0
1602697418623,10,1010123456022,81,,1,2,4,1,2,,16.4118,17,0,0.015808,5,0,11.3333,,11.8246,57,0,0.1,21,57.1429,0,7.21199,31,,11,16,,0,0,0,6.82456
1602697418873,10,1010123456022,81,,1,2,4,1,2,,17.2941,17,0,0.015936,6,0,12.6667,,10.9091,11,25,0.1,5,80,0,4.4723,31,,16,16,,0,0,0,7.54545
1602697419123,10,1010123456022,81,,1,2,4,1,2,,17.2,20,0,0.027328,10,0,11.5,,0.1,20,0,0.1,8,0,0,4.79338,0,,16,16,,0,0,0,1
1602697419373,10,1010123456022,81,,1,2,4,1,2,,0.466667,105,0,0.015744,43,0,2,,0,0,0,0,0,0,0,0,0,,232,234,,0,0,0,0
1602697419623,10,1010123456022,81,,1,2,4,1,2,,9.91304,23,0,0.011168,9,0,6.4,,0,0,0,0,0,0,0,0,0,,25,26,,0,0,0,0
1602697419873,10,1010123456022,81,,1,2,4,1,2,,0,0,0,0,0,0,13,,0,2,0,0.1,1,0,0,0,31,,0,0,,0,0,0,0
1602697420123,10,1010123456022,81,,1,2,4,1,2,,17.8667,15,0,0.016064,6,0,10.6667,,1.95652,23,0,0.1,9,0,0,5.00665,31,,6,12,,0,0,0,1
1602697420373,10,1010123456022,81,,1,2,4,1,2,,1.27419,62,0,0.013408,25,0,9.25,,0,0,0,0,0,0,0,0,0,,126,132,,0,0,0,0
1602697420623,10,1010123456022,81,,1,2,4,1,2,,16.9375,16,0,0.016064,6,0,9.83333,,0,0,0,0,0,0,0,0,0,,59,54,,0,0,0,0
1602697420873,10,1010123456022,81,,1,2,4,1,2,,0.1,110,0,0.01584,45,0,4.66667,,0,2,0,0.1,1,0,0,0,31,,261,260,,0,0,0,0
1602697421123,10,1010123456022,81,,1,2,4,1,2,,12,5,0,0.005312,2,0,10.3333,,5.05882,17,0,0.1,7,0,0,11.5802,0,,2,4,,0,0,0,1
1602697421373,10,1010123456022,81,,1,2,4,1,2,,21.25,8,0,0.0104,3,0,8,,0,0,0,0,0,0,0,0,0,,163,164,,0,0,0,0
1602697421623,10,1010123456022,81,,1,2,4,1,2,,0,2,0,0.00592,1,0,7.75,,0,0,0,0,0,0,0,0,0,,1,2,,0,0,0,0
1602697421873,10,1010123456022,81,,1,2,4,1,2,,0,0,0,0,0,0,7,,15,12,0,0,4,100,0,5.14835,0,,0,0,,0,0,0,10
1602697422123,10,1010123456022,81,,1,2,4,1,2,,8.40909,22,123,0.01072,5,0,6.75,,3.18182,22,0,0.1,9,0,0,6.73453,31,,41,42,,0,0,0,1.81818
1602697422373,10,1010123456022,81,,1,2,4,1,2,,0.1,100,0,0.0159036,45,0,10.4,,0,0,0,0,0,0,0,0,0,,167,168,,0,0,0,0
1602697422623,10,1010123456022,81,,1,2,4,1,2,,17,19,0,0.02144,8,0,12,,0,0,0,0,0,0,0,0,0,,17,20,,0,0,0,0
1602697422873,10,1010123456022,81,,1,2,4,1,2,,21,7,0,0.011232,3,0,10.25,,0,2,0,0.1,1,0,0,0,31,,35,36,,0,0,0,0
1602697423123,10,1010123456022,81,,1,2,4,1,2,,17.7619,21,0,0.02128,8,0,7,,15,12,0,0,4,100,0,2.48051,0,,23,32,,0,0,0,10
1602697423373,10,1010123456022,81,,1,2,4,1,2,,4.53571,56,0,0.018368,22,0,9.75,,0,0,0,0,0,0,0,0,0,,73,74,,0,0,0,0
1602697423623,10,1010123456022,81,,1,2,4,1,2,,17.3125,16,0,0.0160321,6,0,12.1667,,0,0,0,0,0,0,0,0,0,,7,12,,0,0,0,0
1602697423873,10,1010123456022,81,,1,2,4,1,2,,7.84615,52,0,0.023072,22,0,5,,4.8,5,0,0.1,2,50,0,10.2128,31,,41,46,,0,0,0,4.6
1602697424123,10,1010123456022,81,,1,2,4,1,2,,2.01408,71,0,0.01888,29,0,9.83333,,0,6,0,0,3,100,0,0,0,,115,114,,0,0,0,0
1602697424373,10,1010123456022,81,,1,2,4,1,2,,16.6,15,0,0.015936,6,0,11.5,,0,0,0,0,0,0,0,0,0,,12,12,,0,0,0,0
1602697424623,10,1010123456022,81,,1,2,4,1,2,,11.2766,47,0,0.032768,19,0,7.75,,0,0,0,0,0,0,0,0,0,,36,38,,0,0,0,0
1602697424873,10,1010123456022,81,,1,2,4,1,2,,17.5,10,0,0.010624,4,0,12,,0.1,3,0,0.1,1,0,0,5.65077,31,,4,8,,0,0,0,1
1602697425123,10,1010123456022,81,,1,2,4,1,2,,4.7069,58,0,0.023456,24,0,7.8,,0.8,15,0,0.1,6,0,0,7.11501,31,,111,116,,0,0,0,1
1602697425373,10,1010123456022,81,,1,2,4,1,2,,1.44262,61,0,0.01344,25,0,8.6,,0,0,0,0,0,0,0,0,0,,124,122,,0,0,0,0
1602697425623,10,1010123456022,81,,1,2,4,1,2,,13.5294,17,0,0.01616,7,0,9,,0,0,0,0,0,0,0,0,0,,9,14,,0,0,0,0
1602697425873,10,1010123456022,81,,1,2,4,1,2,,19,9,49,0.005376,2,0,11.6667,,0,4,53,0.1,2,0,0,0,31,,12,8,,0,0,0,0
1602697426123,10,1010123456022,81,,1,2,4,1,2,,0,2,0,0.005376,2,0,6.8,,0.1,19,0,0.1,8,0,0,7.8658,0,,4,2,,0,0,0,1
1602697426373,10,1010123456022,81,,1,2,4,1,2,,14.9524,42,0,0.03744,15,0,10.3333,,0,0,0,0,0,0,0,0,0,,124,128,,0,0,0,0
1602697426623,10,1010123456022,81,,1,2,4,1,2,,17.0667,15,0,0.0213976,8,0,14,,0,0,0,0,0,0,0,0,0,,12,12,,0,0,0,0
1602697426873,10,1010123456022,81,,1,2,4,1,2,,11.35,20,0,0.010976,7,0,11.5,,0.1,3,0,0.1,1,0,0,7.94607,31,,16,16,,0,0,0,1
1602697427123,10,1010123456022,81,,1,2,4,1,2,,18.2,5,0,0.005312,2,0,10,,1.8,10,0,0.1,4,0,0,6.94094,31,,4,4,,0,0,0,1
1602697427373,10,1010123456022,81,,1,2,4,1,2,,17,5,0,0.00533333,2,0,12.8,,0,0,0,0,0,0,0,0,0,,8,8,,0,0,0,0
1602697427623,10,1010123456022,81,,1,2,4,1,2,,4.04762,84,0,0.029248,32,0,8.5,,0,0,0,0,0,0,0,0,0,,168,168,,0,0,0,0
1602697427873,10,1010123456022,81,,1,2,4,1,2,,1,12,143,0.000704,2,0,8.5,,0,0,0,0,0,0,0,0,0,,12,12,,0,0,0,0
1602697428123,10,1010123456022,81,,1,2,4,1,2,,1.70085,117,0,0.016768,52,0,12.25,,7,8,0,0.1,3,0,0,8.05824,31,,133,110,,0,0,0,1.75
1602697428373,10,1010123456022,81,,1,2,4,1,2,,0.555556,90,140,0.0075502,29,0,7,,0,0,0,0,0,0,0,0,0,,159,162,,0,0,0,0
1602697428623,10,1010123456022,81,,1,2,4,1,2,,7.0641,78,0,0.036544,39,0,8.16667,,0,0,0,0,0,0,0,0,0,,80,86,,0,0,0,0
1602697428873,10,1010123456022,81,,1,2,4,1,2,,15.8,10,0,0.010624,4,0,10.5,,0.571429,21,0,0.1,8,0,0,5.65822,31,,4,8,,0,0,0,1
1602697429123,10,1010123456022,81,,1,2,4,1,2,,3.80556,72,0,0.0241928,29,0,5.33333,,0,0,0,0,0,0,0,0,0,,183,184,,0,0,0,0
1602697429373,10,1010123456022,81,,1,2,4,1,2,,10.3889,18,0,0.010944,7,0,7.66667,,0,0,0,0,0,0,0,0,0,,9,14,,0,0,0,0
1602697429623,10,1010123456022,81,,1,2,4,1,2,,1.93056,72,0,0.019008,28,0,9,,0,0,0,0,0,0,0,0,0,,218,212,,0,0,0,0
1602697429873,10,1010123456022,81,,1,2,4,1,2,,2.51562,64,0,0.0188594,27,0,8.6,,7,6,0,0.1,2,50,0,12.9524,31,,181,180,,0,0,0,5.5
1602697430123,10,1010123456022,81,,1,2,4,1,2,,2.86567,67,0,0.01888,27,0,7.5,,14,9,0,0,3,100,0,4.41039,0,,180,180,,0,0,0,10
1602697430373,10,1010123456022,81,,1,2,4,1,2,,6.39394,33,0,0.016896,14,0,7.6,,0,0,0,0,0,0,0,0,0,,47,50,,0,0,0,0
1602697430623,10,1010123456022,81,,1,2,4,1,2,,16.087,23,0,0.02656,10,0,8.6,,0,0,0,0,0,0,0,0,0,,22,24,,0,0,0,0
1602697430873,10,1010123456022,81,,1,2,4,1,2,,18.5263,19,0,0.02704,8,0,13.25,,0,4,25,0.1,2,0,0,0,31,,13,16,,0,0,0,0
1602697431123,10,1010123456022,81,,1,2,4,1,2,,2.35135,37,137,0.00656,12,0,7.5,,0.222222,27,0,0.1,10,0,0,4.99866,0,,51,54,,0,0,0,1
1602697431373,10,1010123456022,81,,1,2,4,1,2,,4.85915,71,0,0.029248,31,0,9.33333,,0,0,0,0,0,0,0,0,0,,122,124,,0,0,0,0
1602697431623,10,1010123456022,81,,1,2,4,1,2,,0,0,315,0,0,0,4.33333,,0,0,0,0,0,0,0,0,0,,175,174,,0,0,0,0
1602697431873,10,1010123456022,81,,1,2,4,1,2,,3.70513,78,0,0.024288,31,0,8.5,,0.1,3,0,0.1,1,0,0,5.21674,31,,273,276,,0,0,0,1
1602697432123,10,1010123456022,81,,1,2,4,1,2,,17.9091,11,0,0.0107952,4,0,11.25,,0.894737,19,0,0.1,8,0,0,6.11117,31,,6,8,,0,0,0,1
1602697432373,10,1010123456022,81,,1,2,4,1,2,,3.8125,32,0,0.0118233,13,0,10,,0,0,0,0,0,0,0,0,0,,174,174,,0,0,0,0
1602697432623,10,1010123456022,81,,1,2,4,1,2,,15.2,10,0,0.010688,4,0,10.6667,,0,0,0,0,0,0,0,0,0,,4,8,,0,0,0,0
1602697432873,10,1010123456022,81,,1,2,4,1,2,,17.2727,11,0,0.010688,4,0,11.5,,3.89474,38,0,0.1,16,25,0,6.13131,31,,13,16,,0,0,0,2.89474
1602697433123,10,1010123456022,81,,1,2,4,1,2,,17,10,0,0.010624,4,0,13.5,,0,0,0,0,0,0,0,0,0,,8,8,,0,0,0,0
1602697433373,10,1010123456022,81,,1,2,4,1,2,,0,2,49,0,0,0,5.66667,,0,0,0,0,0,0,0,0,0,,1,2,,0,0,0,0
1602697433623,10,1010123456022,81,,1,2,4,1,2,,16.1304,23,0,0.026784,10,0,10.2,,0,0,0,0,0,0,0,0,0,,12,18,,0,0,0,0
1602697433873,10,1010123456022,81,,1,2,4,1,2,,17.2727,11,0,0.0158394,5,0,7.5,,0,2,0,0.1,1,0,0,0,31,,9,12,,0,0,0,0
1602697434123,10,1010123456022,81,,1,2,4,1,2,,17,5,0,0.005312,2,0,8,,2,10,0,0.1,4,0,0,10.6083,31,,2,4,,0,0,0,1
1602697434373,10,1010123456022,81,,1,2,4,1,2,,11.2778,18,0,0.010912,7,0,10.3333,,6,5,0,0.1,2,0,0,17.2574,0,,9,14,,0,0,0,1
1602697434623,10,1010123456022,81,,1,2,4,1,2,,15.625,16,0,0.01072,5,0,5.83333,,0,0,0,0,0,0,0,0,0,,58,62,,0,0,0,0
1602697434873,10,1010123456022,81,,1,2,4,1,2,,0,0,0,0.005504,2,0,12,,14,10,0,0,4,100,0,4.32654,0,,0,0,,0,0,0,10
1602697435123,10,1010123456022,81,,1,2,4,1,2,,17.4,15,0,0.015936,6,0,8,,11.3,40,0,0.102176,15,33.3333,0,11.6121,31,,9,12,,0,0,0,4.725
1602697435373,10,1010123456022,81,,1,2,4,1,2,,11.7059,17,0,0.0110201,7,0,8.5,,0,0,0,0,0,0,0,0,0,,12,14,,0,0,0,0
1602697435623,10,1010123456022,81,,1,2,4,1,2,,7.90909,22,0,0.0165141,9,0,10.4,,0,0,0,0,0,0,0,0,0,,25,24,,0,0,0,0
1602697435873,10,1010123456022,81,,1,2,4,1,2,,9.03333,30,0,0.016736,12,0,8,,5.14286,28,0,0.1,10,40,0,8.13079,31,,26,26,,0,0,0,4.85714
1602697436123,10,1010123456022,81,,1,2,4,1,2,,3.51613,31,0,0.006656,12,0,9.5,,0,0,0,0,0,0,0,0,0,,72,72,,0,0,0,0
1602697436373,10,1010123456022,81,,1,2,4,1,2,,16.4615,13,0,0.015968,6,0,10.75,,0,0,0,0,0,0,0,0,0,,9,14,,0,0,0,0
1602697436623,10,1010123456022,81,,1,2,4,1,2,,12.125,8,0,0.00544,3,0,8,,0,0,0,0,0,0,0,0,0,,7,6,,0,0,0,0
1602697436873,10,1010123456022,81,,1,2,4,1,2,,15.8,5,0,0.00533333,2,0,10.6667,,0,2,0,0.1,1,0,0,0,31,,2,4,,0,0,0,0
1602697437123,10,1010123456022,81,,1,2,4,1,2,,17.8667,15,0,0.0160643,6,0,11,,1.13333,15,0,0.1,6,0,0,5.21852,31,,6,12,,0,0,0,1.2
1602697437373,10,1010123456022,81,,1,2,4,1,2,,14.5385,26,0,0.021472,10,0,10.3333,,0,0,0,0,0,0,0,0,0,,20,30,,0,0,0,0
1602697437623,10,1010123456022,81,,1,2,4,1,2,,2.32143,56,0,0.018528,23,0,8.5,,0,0,0,0,0,0,0,0,0,,110,114,,0,0,0,0
1602697437873,10,1010123456022,81,,1,2,4,1,2,,16.7,10,0,0.010688,4,0,8.33333,,0,2,0,0.1,1,0,0,0,31,,6,8,,0,0,0,0
1602697438123,10,1010123456022,81,,1,2,4,1,2,,16.7273,11,0,0.010656,4,0,12,,0.1,21,0,0.1,9,0,0,5.84551,31,,5,8,,0,0,0,1
1602697438373,10,1010123456022,81,,1,2,4,1,2,,14.4,5,0,0.0053012,2,0,1,,0,0,0,0,0,0,0,0,0,,2,4,,0,0,0,0
1602697438623,10,1010123456022,81,,1,2,4,1,2,,3.31765,85,0,0.029504,34,0,10.2,,0,0,0,0,0,0,0,0,0,,140,144,,0,0,0,0
1602697438873,10,1010123456022,81,,1,2,4,1,2,,18.4,5,0,0.005376,2,0,9.5,,8.4,5,0,0.1,2,50,0,10.8043,31,,8,6,,0,0,0,6.4
1602697439123,10,1010123456022,81,,1,2,4,1,2,,16.8,5,0,0.00533333,2,0,7.4,,14,9,0,0,3,100,0,5.35163,0,,2,4,,0,0,0,10
1602697439373,10,1010123456022,81,,1,2,4,1,2,,16.375,24,0,0.0267952,10,0,10,,0,0,0,0,0,0,0,0,0,,23,28,,0,0,0,0
1602697439623,10,1010123456022,81,,1,2,4,1,2,,1.41538,65,0,0.013504,26,0,6.33333,,0,0,0,0,0,0,0,0,0,,126,128,,0,0,0,0
1602697439873,10,1010123456022,81,,1,2,4,1,2,,0,0,0,0,0,0,10.5,,0.1,3,0,0.1,1,0,0,4.80596,31,,0,0,,0,0,0,1
1602697440123,10,1010123456022,81,,1,2,4,1,2,,10,22,0,0.0165783,9,0,8,,0.666667,27,0,0.1,11,0,0,5.81645,31,,28,26,,0,0,0,1
1602697440373,10,1010123456022,81,,1,2,4,1,2,,13.9,10,0,0.010624,4,0,9.75,,0,0,0,0,0,0,0,0,0,,6,8,,0,0,0,0
1602697440623,10,1010123456022,81,,1,2,4,1,2,,17.6,5,0,0.00528,2,0,9.5,,0,0,0,0,0,0,0,0,0,,2,4,,0,0,0,0
1602697440873,10,1010123456022,81,,1,2,4,1,2,,0,0,0,0,0,0,9.2,,0,2,0,0.1,1,0,0,0,31,,0,0,,0,0,0,0
1602697441123,10,1010123456022,81,,1,2,4,1,2,,10.0714,42,0,0.027488,16,0,7.66667,,2.48,25,0,0.1,10,10,0,6.66858,31,,41,44,,0,0,0,1.96
1602697441373,10,1010123456022,81,,1,2,4,1,2,,7.93333,15,0,0.0110843,7,0,7.75,,0,0,0,0,0,0,0,0,0,,66,64,,0,0,0,0
1602697441623,10,1010123456022,81,,1,2,4,1,2,,18.2,5,0,0.005312,2,0,9.75,,0,0,0,0,0,0,0,0,0,,2,4,,0,0,0,0
1602697441873,10,1010123456022,81,,1,2,4,1,2,,3.98734,79,0,0.0245783,32,0,5.66667,,1.81818,22,0,0.1,9,0,0,6.25961,31,,240,224,,0,0,0,1.68182
1602697442123,10,1010123456022,81,,1,2,4,1,2,,4.63158,57,0,0.012864,22,0,7.5,,0,0,0,0,0,0,0,0,0,,51,52,,0,0,0,0
1602697442373,10,1010123456022,81,,1,2,4,1,2,,0,4,0,0.00528,2,0,9.8,,0,0,0,0,0,0,0,0,0,,8,4,,0,0,0,0
1602697442623,10,1010123456022,81,,1,2,4,1,2,,11.7619,21,0,0.016192,8,0,10.2,,0,0,0,0,0,0,0,0,0,,82,84,,0,0,0,0
1602697442873,10,1010123456022,81,,1,2,4,1,2,,17.6,20,0,0.021248,8,0,0.1,,1.3913,23,0,0.1,9,0,0,6.86549,31,,18,20,,0,0,0,1
1602697443123,10,1010123456022,81,,1,2,4,1,2,,16,10,0,0.010624,4,0,11,,0,0,0,0,0,0,0,0,0,,4,8,,0,0,0,0
1602697443373,10,1010123456022,81,,1,2,4,1,2,,14.5,20,0,0.01616,8,0,10.5,,0,0,0,0,0,0,0,0,0,,21,16,,0,0,0,0
1602697443623,10,1010123456022,81,,1,2,4,1,2,,4.60606,66,0,0.023712,27,0,6.5,,0,0,0,0,0,0,0,0,0,,152,148,,0,0,0,0
1602697443873,10,1010123456022,81,,1,2,4,1,2,,2.925,40,0,0.0121446,16,0,9,,9.2,5,0,0.1,2,0,0,16.3252,31,,91,96,,0,0,0,1
1602697444123,10,1010123456022,81,,1,2,4,1,2,,2.97727,44,0,0.012288,18,0,8.8,,0,2,0,0.1,1,0,0,0,0,,105,106,,0,0,0,0
1602697444373,10,1010123456022,81,,1,2,4,1,2,,15.6667,9,0,0.010656,4,0,12.8,,0,0,0,0,0,0,0,0,0,,8,8,,0,0,0,0
1602697444623,10,1010123456022,81,,1,2,4,1,2,,1,35,116,0.002912,13,0,6.33333,,0,0,0,0,0,0,0,0,0,,37,42,,0,0,0,0
1602697444873,10,1010123456022,81,,1,2,4,1,2,,18.2,30,0,0.0255743,10,0,12,,3.2,5,0,0.1,2,0,0,6.3979,31,,84,88,,0,0,0,1
1602697445123,10,1010123456022,81,,1,2,4,1,2,,4.22472,89,0,0.04032,38,0,6.2,,1.3,10,0,0.1,4,0,0,4.57189,31,,168,174,,0,0,0,1
1602697445373,10,1010123456022,81,,1,2,4,1,2,,0.3,40,0,0.0072,17,0,8,,0,0,0,0,0,0,0,0,0,,114,112,,0,0,0,0
1602697445623,10,1010123456022,81,,1,2,4,1,2,,0.66474,173,0,0.024032,69,0,2.5,,0,0,0,0,0,0,0,0,0,,323,326,,0,0,0,0
1602697445873,10,1010123456022,81,,1,2,4,1,2,,0,0,0,0,0,0,2.33333,,0,1,0,0.1,1,0,0,0,31,,0,0,,0,0,0,0
1602697446123,10,1010123456022,81,,1,2,4,1,2,,16.6,5,0,0.005376,2,0,7.25,,0,8,0,0,4,100,0,0,0,,2,4,,0,0,0,0
1602697446373,10,1010123456022,81,,1,2,4,1,2,,16.1111,27,0,0.026624,10,0,12.25,,0,0,0,0,0,0,0,0,0,,17,20,,0,0,0,0
1602697446623,10,1010123456022,81,,1,2,4,1,2,,11.2917,24,0,0.00780723,7,0,11,,0,0,0,0,0,0,0,0,0,,15,22,,0,0,0,0
1602697446873,10,1010123456022,81,,1,2,4,1,2,,17.9,10,0,0.01952,7,0,11.75,,2,3,0,0.1,1,0,0,5.84659,31,,4,8,,0,0,0,1
1602697447123,10,1010123456022,81,,1,2,4,1,2,,0.1,58,0,0.008096,23,0,9.75,,6.2381,21,0,0.1,9,44.4444,0,8.99772,31,,100,100,,0,0,0,4.42857
1602697447373,10,1010123456022,81,,1,2,4,1,2,,14,18,0,0.016128,8,0,10,,0,0,0,0,0,0,0,0,0,,15,16,,0,0,0,0
1602697447623,10,1010123456022,81,,1,2,4,1,2,,10.4667,15,0,0.010912,6,0,8.4,,0,0,0,0,0,0,0,0,0,,26,28,,0,0,0,0
1602697447873,10,1010123456022,81,,1,2,4,1,2,,6.7377,61,203,0.029184,16,0,9.33333,,0,2,0,0.1,1,0,0,0,31,,113,124,,0,0,0,0
1602697448123,10,1010123456022,81,,1,2,4,1,2,,1.06,150,0,0.0375261,69,0,9,,12,8,0,0.1,3,33.3333,0,9.65246,31,,267,270,,0,0,0,5.125
1602697448373,10,1010123456022,81,,1,2,4,1,2,,18,5,0,0.00533333,2,0,8.33333,,0,0,0,0,0,0,0,0,0,,2,4,,0,0,0,0
1602697448623,10,1010123456022,81,,1,2,4,1,2,,13.4545,11,0,0.010688,4,0,7,,0,0,0,0,0,0,0,0,0,,17,18,,0,0,0,0
1602697448873,10,1010123456022,81,,1,2,4,1,2,,1.35484,62,0,0.012,21,0,7.5,,0,2,0,0.1,1,0,0,0,31,,169,168,,0,0,0,0
1602697449123,10,1010123456022,81,,1,2,4,1,2,,9.05556,36,0,0.028352,18,0,11.75,,6.46154,26,0,0.1,10,40,0,7.09113,31,,64,64,,0,0,0,5.15385
1602697449373,10,1010123456022,81,,1,2,4,1,2,,17.8,15,158,0.015936,6,0,9.5,,0,0,0,0,0,0,0,0,0,,81,82,,0,0,0,0
1602697449623,10,1010123456022,81,,1,2,4,1,2,,0.1,58,0,0.00812851,23,0,11.6667,,0,0,0,0,0,0,0,0,0,,116,116,,0,0,0,0
1602697449873,10,1010123456022,81,,1,2,4,1,2,,0,0,0,0,0,0,6.5,,0,2,0,0.1,1,0,0,0,31,,0,0,,0,0,0,0
1602697450123,10,1010123456022,81,,1,2,4,1,2,,6.55172,29,0,0.017568,12,0,10.5,,12,12,0,0,4,100,0,2.50818,0,,29,38,,0,0,0,10
1602697450373,10,1010123456022,81,,1,2,4,1,2,,16.4615,26,0,0.026656,10,0,9,,0,0,0,0,0,0,0,0,0,,21,20,,0,0,0,0
1602697450623,10,1010123456022,81,,1,2,4,1,2,,15.3684,19,0,0.021248,8,0,10.5714,,0,0,0,0,0,0,0,0,0,,34,54,,0,0,0,0
1602697450873,10,1010123456022,81,,1,2,4,1,2,,11.1778,45,0,0.026272,17,0,10,,0.586207,29,0,0.1,11,0,0,5.38567,31,,59,64,,0,0,0,1
1602697451123,10,1010123456022,81,,1,2,4,1,2,,11.1562,32,0,0.017984,12,0,9,,0,0,0,0,0,0,0,0,0,,36,34,,0,0,0,0
1602697451373,10,1010123456022,81,,1,2,4,1,2,,18.0714,14,0,0.021312,8,0,12.2,,0,0,0,0,0,0,0,0,0,,8,12,,0,0,0,0
1602697451623,10,1010123456022,81,,1,2,4,1,2,,17.6667,30,0,0.032,12,0,13,,0,2,0,0.1,1,0,0,0,31,,15,24,,0,0,0,0
1602697451873,10,1010123456022,81,,1,2,4,1,2,,4.08772,57,0,0.023261,23,0,8.5,,1.5,4,0,0.1,2,0,0,6.66127,31,,128,134,,0,0,0,1
1602697452123,10,1010123456022,81,,1,2,4,1,2,,13.7857,28,0,0.0232932,9,0,11.2,,3.25,12,0,0.1,5,0,0,10.3192,0,,22,22,,0,0,0,1.75
1602697452373,10,1010123456022,81,,1,2,4,1,2,,16.3,10,0,0.01408,6,0,10.6,,0,0,0,0,0,0,0,0,0,,4,8,,0,0,0,0
1602697452623,10,1010123456022,81,,1,2,4,1,2,,17.1034,29,0,0.030176,11,0,11.6667,,0,0,0,0,0,0,0,0,0,,20,24,,0,0,0,0
1602697452873,10,1010123456022,81,,1,2,4,1,2,,17.9091,22,49,0.023136,9,0,11.6667,,0.833333,24,0,0.1,10,0,0,6.04723,31,,19,20,,0,0,0,1
1602697453123,10,1010123456022,81,,1,2,4,1,2,,16.7727,22,0,0.026816,10,0,8.33333,,0,0,0,0,0,0,0,0,0,,20,18,,0,0,0,0
1602697453373,10,1010123456022,81,,1,2,4,1,2,,15.2,10,0,0.010656,4,0,9,,0,0,0,0,0,0,0,0,0,,7,8,,0,0,0,0
1602697453623,10,1010123456022,81,,1,2,4,1,2,,2.81579,76,0,0.019232,30,0,10.5,,0,0,0,0,0,0,0,0,0,,117,122,,0,0,0,0
1602697453873,10,1010123456022,81,,1,2,4,1,2,,15.8,5,0,0.005312,2,0,9.16667,,0,0,0,0,0,0,0,0,0,,24,28,,0,0,0,0
1602697454123,10,1010123456022,81,,1,2,4,1,2,,18.4,5,0,0.005376,2,0,4,,10.5455,22,0,0.1,10,30,0,10.9041,31,,2,4,,0,0,0,5
1602697454373,10,1010123456022,81,,1,2,4,1,2,,13.1351,37,0,0.027232,16,0,6.66667,,0,0,0,0,0,0,0,0,0,,151,142,,0,0,0,0
1602697454623,10,1010123456022,81,,1,2,4,1,2,,20.8571,7,0,0.0112771,3,0,12.6,,0,0,0,0,0,0,0,0,0,,4,6,,0,0,0,0
1602697454873,10,1010123456022,81,,1,2,4,1,2,,0,0,0,0,0,0,8.6,,0,2,0,0.1,1,0,0,0,31,,0,0,,0,0,0,0
1602697455123,10,1010123456022,81,,1,2,4,1,2,,15.6452,31,0,0.026656,10,0,12,,0.32,25,0,0.1,10,0,0,6.55641,31,,25,26,,0,0,0,1
1602697455373,10,1010123456022,81,,1,2,4,1,2,,9.0303,33,0,0.022176,15,0,9.33333,,0,0,0,0,0,0,0,0,0,,32,26,,0,0,0,0
1602697455623,10,1010123456022,81,,1,2,4,1,2,,0,0,0,0,0,0,6.8,,0,0,0,0,0,0,0,0,0,,0,0,,0,0,0,0
1602697455873,10,1010123456022,81,,1,2,4,1,2,,9.18182,33,0,0.016896,13,0,6.8,,1.9375,16,0,0.1,6,0,0,10.3138,31,,49,44,,0,0,0,1.125
1602697456123,10,1010123456022,81,,1,2,4,1,2,,18.75,4,0,0.005312,2,0,9,,0,0,0,0,0,0,0,0,0,,4,4,,0,0,0,0
1602697456373,10,1010123456022,81,,1,2,4,1,2,,20,7,0,0.00594378,1,0,6.4,,0,0,0,0,0,0,0,0,0,,7,6,,0,0,0,0
1602697456623,10,1010123456022,81,,1,2,4,1,2,,17.5714,21,0,0.026752,10,0,12,,0,0,0,0,0,0,0,0,0,,14,16,,0,0,0,0
1602697456873,10,1010123456022,81,,1,2,4,1,2,,4.77778,45,0,0.017472,18,0,8.4,,0,2,0,0.1,1,0,0,0,31,,62,68,,0,0,0,0
1602697457123,10,1010123456022,81,,1,2,4,1,2,,14.5,10,0,0.010624,4,0,9.66667,,1.4,10,0,0.1,4,0,0,9.85399,31,,10,12,,0,0,0,1
1602697457373,10,1010123456022,81,,1,2,4,1,2,,0.727778,180,0,0.024608,73,0,2.33333,,9,13,0,0.1,5,0,0,11.5808,0,,266,272,,0,0,0,2.07692
1602697457623,10,1010123456022,81,,1,2,4,1,2,,17,15,0,0.016,6,0,11.6667,,0,0,0,0,0,0,0,0,0,,9,12,,0,0,0,0
1602697457873,10,1010123456022,81,,1,2,4,1,2,,16.6154,26,0,0.02688,10,0,7,,0.1,16,0,0.1,7,0,0,3.84664,31,,27,28,,0,0,0,1
1602697458123,10,1010123456022,81,,1,2,4,1,2,,13.087,23,104,0.0160643,6,0,10,,0,0,0,0,0,0,0,0,0,,17,18,,0,0,0,0
1602697458373,10,1010123456022,81,,1,2,4,1,2,,11.0312,32,158,0.027296,16,0,10.25,,0,0,0,0,0,0,0,0,0,,30,30,,0,0,0,0
1602697458623,10,1010123456022,81,,1,2,4,1,2,,17.8,10,0,0.005312,2,0,6.4,,0,0,0,0,0,0,0,0,0,,11,14,,0,0,0,0
1602697458873,10,1010123456022,81,,1,2,4,1,2,,17.1818,22,0,0.032448,11,0,10,,0.1,5,0,0.1,2,0,0,5.10746,31,,47,54,,0,0,0,1
1602697459123,10,1010123456022,81,,1,2,4,1,2,,0.733333,30,0,0.006592,12,0,5,,7.13636,22,0,0.1,8,50,0,5.60617,31,,72,74,,0,0,0,5.90909
1602697459373,10,1010123456022,81,,1,2,4,1,2,,18.625,8,0,0.010624,4,0,11.3333,,0,0,0,0,0,0,0,0,0,,6,8,,0,0,0,0
1602697459623,10,1010123456022,81,,1,2,4,1,2,,1.26374,91,0,0.009824,37,0,10,,0,0,0,0,0,0,0,0,0,,72,74,,0,0,0,0
1602697459873,10,1010123456022,81,,1,2,4,1,2,,10.375,24,0,0.011168,9,0,11.5,,2,3,0,0.1,1,0,0,6.32272,31,,17,18,,0,0,0,1
1602697460123,10,1010123456022,81,,1,2,4,1,2,,3.6129,62,0,0.023456,25,0,9.33333,,0.666667,24,0,0.1,9,0,0,6.16558,31,,213,210,,0,0,0,1
1602697460373,10,1010123456022,81,,1,2,4,1,2,,3.80488,41,0,0.017344,17,0,8.5,,0,0,0,0,0,0,0,0,0,,238,240,,0,0,0,0
1602697460623,10,1010123456022,81,,1,2,4,1,2,,2.68293,41,0,0.012416,16,0,9,,0,0,0,0,0,0,0,0,0,,95,96,,0,0,0,0
1602697460873,10,1010123456022,81,,1,2,4,1,2,,1.3587,92,0,0.0201446,37,0,10,,2.74074,27,0,0.1,11,0,0,7.57182,31,,218,224,,0,0,0,1.11111
1602697461123,10,1010123456022,81,,1,2,4,1,2,,12,5,0,0.005312,2,0,9,,0,0,0,0,0,0,0,0,0,,2,4,,0,0,0,0
1602697461373,10,1010123456022,81,,1,2,4,1,2,,5.21538,65,0,0.018496,26,0,12,,0,0,0,0,0,0,0,0,0,,68,66,,0,0,0,0
1602697461623,10,1010123456022,81,,1,2,4,1,2,,0,0,0,0,0,0,9.66667,,0,0,0,0,0,0,0,0,0,,0,0,,0,0,0,0
1602697461873,10,1010123456022,81,,1,2,4,1,2,,0,0,471,0,0,0,0.1,,0.1,3,0,0.1,1,0,0,4.75144,31,,259,252,,0,0,0,1
1602697462123,10,1010123456022,81,,1,2,4,1,2,,18.7083,24,0,0.026304,8,0,9.25,,5.56522,23,0,0.1,10,40,0,6.3622,31,,137,146,,0,0,0,4.13043
1602697462373,10,1010123456022,81,,1,2,4,1,2,,0,4,0,0.010688,4,0,12.4,,0,0,0,0,0,0,0,0,0,,3,4,,0,0,0,0
1602697462623,10,1010123456022,81,,1,2,4,1,2,,4.05882,51,0,0.018016,21,0,5.2,,0,0,0,0,0,0,0,0,0,,147,152,,0,0,0,0
1602697462873,10,1010123456022,81,,1,2,4,1,2,,18.9167,12,0,0.016544,5,0,13.5,,6.375,32,0,0.1,12,25,0,6.57236,31,,6,12,,0,0,0,3.6875
1602697463123,10,1010123456022,81,,1,2,4,1,2,,5.22222,81,0,0.03488,32,0,10,,4,7,0,0.1,3,0,0,5.05498,0,,137,134,,0,0,0,1
1602697463373,10,1010123456022,81,,1,2,4,1,2,,18,34,0,0.029088,7,0,11.25,,0,0,0,0,0,0,0,0,0,,19,26,,0,0,0,0
1602697463623,10,1010123456022,81,,1,2,4,1,2,,3.82353,17,0,0.01376,9,0,6.33333,,0,0,0,0,0,0,0,0,0,,31,32,,0,0,0,0
1602697463873,10,1010123456022,81,,1,2,4,1,2,,0,2,0,0.00902811,5,0,11.3333,,0,2,0,0.1,1,0,0,0,31,,2,2,,0,0,0,0
1602697464123,10,1010123456022,81,,1,2,4,1,2,,0,2,0,0.00592,1,0,10,,0.1,5,358,0.1,2,0,0,5.6013,31,,2,2,,0,0,0,1
1602697464373,10,1010123456022,81,,1,2,4,1,2,,1,51,0,0.007648,20,0,8.33333,,0.4,10,0,0.1,4,0,0,5.58339,0,,78,76,,0,0,0,1
1602697464623,10,1010123456022,81,,1,2,4,1,2,,5.19231,26,0,0.006272,10,0,6,,0,2,0,0.1,1,0,0,0,31,,17,22,,0,0,0,0
1602697464873,10,1010123456022,81,,1,2,4,1,2,,7.62963,27,0,0.0114699,11,0,9,,2,3,0,0.1,1,0,0,5.41018,31,,26,30,,0,0,0,1
1602697465123,10,1010123456022,81,,1,2,4,1,2,,0,2,158,0.00592,1,0,9.25,,0.615385,26,0,0.1,10,0,0,6.9681,31,,53,56,,0,0,0,1
1602697465373,10,1010123456022,81,,1,2,4,1,2,,3.04396,91,0,0.030144,36,0,12,,0,0,0,0,0,0,0,0,0,,291,292,,0,0,0,0
1602697465623,10,1010123456022,81,,1,2,4,1,2,,18.2667,15,0,0.016064,6,0,11.75,,0,0,0,0,0,0,0,0,0,,8,12,,0,0,0,0
1602697465873,10,1010123456022,81,,1,2,4,1,2,,16.0909,11,0,0.010656,4,0,9.75,,0,2,0,0.1,1,0,0,0,31,,6,10,,0,0,0,0
1602697466123,10,1010123456022,81,,1,2,4,1,2,,17.7778,9,0,0.010688,4,0,10.25,,1.13636,22,0,0.1,9,0,0,7.41056,0,,11,8,,0,0,0,1.13636
1602697466373,10,1010123456022,81,,1,2,4,1,2,,21.1,10,0,0.0164498,4,0,12,,0,0,0,0,0,0,0,0,0,,7,10,,0,0,0,0
1602697466623,10,1010123456022,81,,1,2,4,1,2,,5,12,0,0.00578313,5,0,8,,0,0,0,0,0,0,0,0,0,,61,58,,0,0,0,0
1602697466873,10,1010123456022,81,,1,2,4,1,2,,17.0952,21,0,0.021248,8,0,10.1667,,0,0,0,0,0,0,0,0,0,,10,16,,0,0,0,0
1602697467123,10,1010123456022,81,,1,2,4,1,2,,10.8182,55,0,0.0382972,22,0,10,,0.857143,21,0,0.1,9,0,0,4.78423,31,,79,88,,0,0,0,1
1602697467373,10,1010123456022,81,,1,2,4,1,2,,17.8462,13,0,0.015808,5,0,10.8,,0,0,0,0,0,0,0,0,0,,7,10,,0,0,0,0
1602697467623,10,1010123456022,81,,1,2,4,1,2,,17.5,10,0,0.010624,4,0,10.75,,0,0,0,0,0,0,0,0,0,,11,8,,0,0,0,0
1602697467873,10,1010123456022,81,,1,2,4,1,2,,0,4,0,0.00533333,2,0,10.5,,0.1,3,0,0.1,1,0,0,9.62199,31,,3,4,,0,0,0,1
1602697468123,10,1010123456022,81,,1,2,4,1,2,,0.981595,163,0,0.0232289,64,0,3,,7,6,16507,0.1,2,0,0,16.0695,31,,226,224,,0,0,0,1
1602697468373,10,1010123456022,81,,1,2,4,1,2,,8.39286,28,72,0.0119839,7,0,10.2,,14,41,0,0.1,17,70.5882,0,7.53962,0,,37,32,,0,0,0,7.31707
1602697468623,10,1010123456022,81,,1,2,4,1,2,,12.7083,24,0,0.0215904,16,0,9.25,,0,0,0,0,0,0,0,0,0,,20,20,,0,0,0,0
1602697468873,10,1010123456022,81,,1,2,4,1,2,,1,58,0,0.007968,23,0,9,,0.1,3,0,0.1,1,0,0,4.57266,31,,146,148,,0,0,0,1
1602697469123,10,1010123456022,81,,1,2,4,1,2,,0.1,58,0,0.00812851,23,0,5.4,,0.190476,21,0,0.1,9,0,0,5.55947,31,,103,104,,0,0,0,1
1602697469373,10,1010123456022,81,,1,2,4,1,2,,1.77083,48,158,0.012672,20,0,8.66667,,0,0,0,0,0,0,0,0,0,,194,190,,0,0,0,0
1602697469623,10,1010123456022,81,,1,2,4,1,2,,3.44954,109,0,0.030688,41,0,8.2,,0,0,0,0,0,0,0,0,0,,308,316,,0,0,0,0
1602697469873,10,1010123456022,81,,1,2,4,1,2,,10.7778,18,0,0.016352,9,0,10.25,,0,0,0,0,0,0,0,0,0,,17,22,,0,0,0,0
1602697470123,10,1010123456022,81,,1,2,4,1,2,,17.1111,9,0,0.010624,4,0,7.6,,0.695652,23,0,0.1,9,0,0,5.38203,31,,54,58,,0,0,0,1
1602697470373,10,1010123456022,81,,1,2,4,1,2,,13.4,5,0,0.00536546,2,0,9.83333,,0.1,3,0,0.1,1,0,0,5.99339,31,,4,4,,0,0,0,1
1602697470623,10,1010123456022,81,,1,2,4,1,2,,0,0,0,0,0,0,9.16667,,0,0,0,0,0,0,0,0,0,,0,0,,0,0,0,0
1602697470873,10,1010123456022,81,,1,2,4,1,2,,18.3,10,0,0.010688,4,0,8.4,,0,0,0,0,0,0,0,0,0,,10,14,,0,0,0,0
1602697471123,10,1010123456022,81,,1,2,4,1,2,,16.9333,15,0,0.016064,6,0,8.33333,,10.1818,11,0,0.1,5,80,0,7.81449,31,,8,14,,0,0,0,7.54545
1602697471373,10,1010123456022,81,,1,2,4,1,2,,16.6667,15,0,0.016,6,0,10.4,,0,0,0,0,0,0,0,0,0,,13,12,,0,0,0,0
1602697471623,10,1010123456022,81,,1,2,4,1,2,,7.125,24,116,0.01104,5,0,6.5,,0,0,0,0,0,0,0,0,0,,64,66,,0,0,0,0
1602697471873,10,1010123456022,81,,1,2,4,1,2,,2.81373,102,0,0.031648,45,0,6.66667,,0,0,0,0,0,0,0,0,0,,204,212,,0,0,0,0
1602697472123,10,1010123456022,81,,1,2,4,1,2,,5.91304,23,0,0.006208,9,0,13.3333,,0.64,25,0,0.1,10,0,0,11.5863,31,,22,18,,0,0,0,1.24
1602697472373,10,1010123456022,81,,1,2,4,1,2,,17.4667,15,0,0.0160964,6,0,11.5,,0,0,0,0,0,0,0,0,0,,7,12,,0,0,0,0
1602697472623,10,1010123456022,81,,1,2,4,1,2,,12,15,0,0.01104,6,0,11.25,,0,0,0,0,0,0,0,0,0,,15,18,,0,0,0,0
1602697472873,10,1010123456022,81,,1,2,4,1,2,,8.63636,22,0,0.016736,9,0,7,,0,8,0,0,4,100,0,0,0,,106,112,,0,0,0,0
1602697473123,10,1010123456022,81,,1,2,4,1,2,,18,5,0,0.005312,2,0,11.75,,3.40909,22,0,0.1,9,22.2222,0,5.43048,31,,4,4,,0,0,0,2.77273
1602697473373,10,1010123456022,81,,1,2,4,1,2,,2.26923,78,0,0.0250924,33,0,8.2,,0,0,0,0,0,0,0,0,0,,138,138,,0,0,0,0
1602697473623,10,1010123456022,81,,1,2,4,1,2,,15.65,20,0,0.021312,8,0,12.25,,0,0,0,0,0,0,0,0,0,,17,18,,0,0,0,0
1602697473873,10,1010123456022,81,,1,2,4,1,2,,0,4,0,0.005376,2,0,12,,2,6,0,0.1,2,0,0,6.46672,31,,3,4,,0,0,0,1
1602697474123,10,1010123456022,81,,1,2,4,1,2,,13.2,10,0,0.010592,4,0,13,,1.3913,23,0,0.1,9,0,0,7.74148,31,,7,8,,0,0,0,1
1602697474373,10,1010123456022,81,,1,2,4,1,2,,16.3333,9,0,0.010624,4,0,9.66667,,0,0,0,0,0,0,0,0,0,,6,8,,0,0,0,0
1602697474623,10,1010123456022,81,,1,2,4,1,2,,18.2,10,0,0.010624,4,0,8.66667,,0,0,0,0,0,0,0,0,0,,5,8,,0,0,0,0
1602697474873,10,1010123456022,81,,1,2,4,1,2,,5.25,40,0,0.023168,16,0,7.6,,2,3,0,0.1,1,0,0,15.1387,31,,69,76,,0,0,0,1
1602697475123,10,1010123456022,81,,1,2,4,1,2,,18.4,5,0,0.00539759,2,0,11.5,,0,8,0,0,4,100,0,0,0,,2,4,,0,0,0,0
1602697475373,10,1010123456022,81,,1,2,4,1,2,,15.9444,18,0,0.021376,8,0,12.5,,0,0,0,0,0,0,0,0,0,,9,16,,0,0,0,0
1602697475623,10,1010123456022,81,,1,2,4,1,2,,18.2,5,0,0.005312,2,0,8.33333,,0,0,0,0,0,0,0,0,0,,2,4,,0,0,0,0
1602697475873,10,1010123456022,81,,1,2,4,1,2,,2.23333,90,0,0.02528,36,0,6.75,,2.37037,27,0,0.1,11,0,0,8.42704,31,,165,174,,0,0,0,1.14815
1602697476123,10,1010123456022,81,,1,2,4,1,2,,17.35,20,0,0.021312,8,0,8.66667,,0,0,0,0,0,0,0,0,0,,12,16,,0,0,0,0
1602697476373,10,1010123456022,81,,1,2,4,1,2,,3.20312,64,0,0.018368,25,0,7,,0,0,0,0,0,0,0,0,0,,127,122,,0,0,0,0
1602697476623,10,1010123456022,81,,1,2,4,1,2,,0,0,0,0,0,0,11.3333,,0,0,0,0,0,0,0,0,0,,0,0,,0,0,0,0
1602697476873,10,1010123456022,81,,1,2,4,1,2,,16.8889,9,0,0.010688,4,0,8.66667,,0,2,0,0.1,1,0,0,0,31,,62,64,,0,0,0,0
1602697477123,10,1010123456022,81,,1,2,4,1,2,,14.25,20,0,0.016256,8,0,6.25,,11.5,14,0,0.1,5,40,0,6.58966,31,,94,94,,0,0,0,6.57143
1602697477373,10,1010123456022,81,,1,2,4,1,2,,18,10,0,0.010656,4,0,6.33333,,0,0,0,0,0,0,0,0,0,,12,8,,0,0,0,0
1602697477623,10,1010123456022,81,,1,2,4,1,2,,18.1,10,0,0.010624,4,0,11.6667,,0,0,0,0,0,0,0,0,0,,8,16,,0,0,0,0
1602697477873,10,1010123456022,81,,1,2,4,1,2,,18.3,10,0,0.010688,4,0,10.3333,,0,2,0,0.1,1,0,0,0,31,,11,8,,0,0,0,0
1602697478123,10,1010123456022,81,,1,2,4,1,2,,16.5714,7,0,0.011232,3,0,12.75,,2.25,12,0,0.1,5,0,0,7.03782,31,,4,6,,0,0,0,1.16667
1602697478373,10,1010123456022,81,,1,2,4,1,2,,18.4,10,0,0.010624,4,0,11.6667,,0,0,0,0,0,0,0,0,0,,4,8,,0,0,0,0
1602697478623,10,1010123456022,81,,1,2,4,1,2,,0,0,0,0,0,0,9,,0,0,0,0,0,0,0,0,0,,0,0,,0,0,0,0
1602697478873,10,1010123456022,81,,1,2,4,1,2,,17,10,0,0.010624,4,0,8.5,,2,3,0,0.1,1,0,0,16.187,31,,10,10,,0,0,0,1
1602697479123,10,1010123456022,81,,1,2,4,1,2,,16.6,20,0,0.021216,8,0,9.5,,0,8,0,0,4,100,0,0,0,,12,16,,0,0,0,0
1602697479373,10,1010123456022,81,,1,2,4,1,2,,13.4545,11,0,0.0106988,4,0,10,,0,0,0,0,0,0,0,0,0,,74,68,,0,0,0,0
1602697479623,10,1010123456022,81,,1,2,4,1,2,,15.7,10,0,0.0106988,4,0,12.5,,0,0,0,0,0,0,0,0,0,,4,8,,0,0,0,0
1602697479873,10,1010123456022,81,,1,2,4,1,2,,0,0,0,0,0,0,11.4,,0,2,0,0.1,1,0,0,0,31,,0,0,,0,0,0,0
1602697480123,10,1010123456022,81,,1,2,4,1,2,,21.625,8,0,0.010528,3,0,12.4,,1.5,16,0,0.1,6,0,0,8.58458,31,,9,6,,0,0,0,1
1602697480373,10,1010123456022,81,,1,2,4,1,2,,1.375,64,0,0.01344,25,0,3.75,,0,0,0,0,0,0,0,0,0,,124,124,,0,0,0,0
1602697480623,10,1010123456022,81,,1,2,4,1,2,,7.46341,41,0,0.022336,17,0,8.33333,,0,0,0,0,0,0,0,0,0,,107,110,,0,0,0,0
1602697480873,10,1010123456022,81,,1,2,4,1,2,,0,4,0,0.005344,2,0,8.66667,,2,3,0,0.1,1,0,0,13.5112,31,,6,4,,0,0,0,1
1602697481123,10,1010123456022,81,,1,2,4,1,2,,14.6,10,0,0.010656,4,0,11,,3.2,10,0,0.1,4,0,0,6.00253,31,,78,72,,0,0,0,1.7
1602697481373,10,1010123456022,81,,1,2,4,1,2,,17.6,5,0,0.005344,2,0,8.4,,0,0,0,0,0,0,0,0,0,,2,4,,0,0,0,0
1602697481623,10,1010123456022,81,,1,2,4,1,2,,7.92857,42,0,0.017248,16,0,10.4,,0,0,0,0,0,0,0,0,0,,53,42,,0,0,0,0
1602697481873,10,1010123456022,81,,1,2,4,1,2,,17.8667,15,0,0.016064,6,0,8.66667,,0,0,0,0,0,0,0,0,0,,7,12,,0,0,0,0
1602697482123,10,1010123456022,81,,1,2,4,1,2,,21,12,0,0.016544,5,0,10.25,,1.35714,14,0,0.1,6,0,0,7.39546,31,,6,10,,0,0,0,1
1602697482373,10,1010123456022,81,,1,2,4,1,2,,17.8889,9,0,0.010624,4,0,0.1,,0,0,0,0,0,0,0,0,0,,8,8,,0,0,0,0
1602697482623,10,1010123456022,81,,1,2,4,1,2,,16.2051,39,0,0.037312,14,0,12.2,,0,0,0,0,0,0,0,0,0,,34,32,,0,0,0,0
1602697482873,10,1010123456022,81,,1,2,4,1,2,,17.6471,17,0,0.021248,8,0,8.25,,0,2,0,0.1,1,0,0,0,31,,15,12,,0,0,0,0
1602697483123,10,1010123456022,81,,1,2,4,1,2,,17.4,10,0,0.005312,2,0,10.75,,12,9,0,0,4,100,0,4.58132,0,,4,8,,0,0,0,10
1602697483373,10,1010123456022,81,,1,2,4,1,2,,17,26,0,0.032,12,0,9.6,,0,0,0,0,0,0,0,0,0,,18,20,,0,0,0,0
1602697483623,10,1010123456022,81,,1,2,4,1,2,,16.6,5,0,0.005376,2,0,12,,0,0,0,0,0,0,0,0,0,,2,4,,0,0,0,0
1602697483873,10,1010123456022,81,,1,2,4,1,2,,18.3,10,0,0.008672,3,0,13,,1.2,5,132,0.1,2,0,0,5.88163,31,,8,8,,0,0,0,1
1602697484123,10,1010123456022,81,,1,2,4,1,2,,15.6842,19,315,0.023936,9,0,8.2,,0.1,14,0,0.1,6,0,0,5.13197,31,,24,28,,0,0,0,1
1602697484373,10,1010123456022,81,,1,2,4,1,2,,3.15517,58,0,0.023072,23,0,9.25,,0,0,0,0,0,0,0,0,0,,148,158,,0,0,0,0
1602697484623,10,1010123456022,81,,1,2,4,1,2,,15.9375,16,0,0.015936,6,0,11.5,,0,0,0,0,0,0,0,0,0,,12,12,,0,0,0,0
1602697484873,10,1010123456022,81,,1,2,4,1,2,,10.075,40,0,0.0224257,16,0,10.75,,12.4286,14,0,0.1,5,80,0,3.95095,31,,25,32,,0,0,0,8.71429
1602697485123,10,1010123456022,81,,1,2,4,1,2,,15.2727,11,0,0.010816,5,0,6.25,,0,0,0,0,0,0,0,0,0,,8,10,,0,0,0,0
1602697485373,10,1010123456022,81,,1,2,4,1,2,,0.5,42,0,0.007168,16,0,8,,0,0,0,0,0,0,0,0,0,,120,120,,0,0,0,0
1602697485623,10,1010123456022,81,,1,2,4,1,2,,17,6,158,0.005312,2,0,9,,0,2,0,0.1,1,0,0,0,31,,124,102,,0,0,0,0
1602697485873,10,1010123456022,81,,1,2,4,1,2,,1.83019,53,0,0.012832,20,0,9.75,,12,12,0,0,4,100,0,4.39999,0,,188,190,,0,0,0,10
1602697486123,10,1010123456022,81,,1,2,4,1,2,,17.7,20,0,0.021216,8,0,11.75,,1.3,10,0,0.1,4,0,0,11.8635,31,,14,16,,0,0,0,1
1602697486373,10,1010123456022,81,,1,2,4,1,2,,18.1111,9,0,0.010656,4,0,9,,0,0,0,0,0,0,0,0,0,,7,8,,0,0,0,0
1602697486623,10,1010123456022,81,,1,2,4,1,2,,0.964286,140,0,0.0224,55,0,6.33333,,0,0,0,0,0,0,0,0,0,,382,374,,0,0,0,0
1602697486873,10,1010123456022,81,,1,2,4,1,2,,0,0,0,0,0,0,9.25,,16,12,0,0,4,100,0,6.74482,0,,0,0,,0,0,0,10
1602697487123,10,1010123456022,81,,1,2,4,1,2,,4.72,25,0,0.011456,10,0,5.33333,,0.1,5,407,0.1,2,0,0,10.1691,31,,51,54,,0,0,0,1
1602697487373,10,1010123456022,81,,1,2,4,1,2,,8.83333,54,0,0.027872,22,0,8.75,,11.55,20,0,0.1,7,57.1429,0,7.50807,31,,96,94,,0,0,0,6.4
1602697487623,10,1010123456022,81,,1,2,4,1,2,,16.8846,26,0,0.0267631,10,0,10,,0,0,0,0,0,0,0,0,0,,15,20,,0,0,0,0
1602697487873,10,1010123456022,81,,1,2,4,1,2,,17.8571,14,0,0.016032,6,0,9,,0,2,0,0.1,1,0,0,0,31,,18,20,,0,0,0,0
1602697488123,10,1010123456022,81,,1,2,4,1,2,,1.57258,124,0,0.03152,50,0,6,,2.22222,27,0,0.1,11,18.1818,0,7.35852,31,,327,336,,0,0,0,2.55556
1602697488373,10,1010123456022,81,,1,2,4,1,2,,16.6364,11,0,0.010656,4,0,9.6,,0,0,0,0,0,0,0,0,0,,9,10,,0,0,0,0
1602697488623,10,1010123456022,81,,1,2,4,1,2,,0.1,56,0,0.008096,23,0,10.2,,0,0,0,0,0,0,0,0,0,,111,108,,0,0,0,0
1602697488873,10,1010123456022,81,,1,2,4,1,2,,16.88,25,0,0.026624,10,0,9.25,,0.1,5,0,0.1,2,0,0,5.90645,31,,17,20,,0,0,0,1
1602697489123,10,1010123456022,81,,1,2,4,1,2,,18.4,5,0,0.00539759,2,0,11.75,,2.27273,11,0,0.1,4,0,0,5.56937,0,,2,4,,0,0,0,1.27273
1602697489373,10,1010123456022,81,,1,2,4,1,2,,0.205128,78,46,0.010944,26,0,7.25,,0,0,0,0,0,0,0,0,0,,351,358,,0,0,0,0
1602697489623,10,1010123456022,81,,1,2,4,1,2,,12.7692,13,158,0.013888,10,0,9.8,,0,0,0,0,0,0,0,0,0,,33,36,,0,0,0,0
1602697489873,10,1010123456022,81,,1,2,4,1,2,,28,3,0,0.00592,1,0,13.75,,0.1,3,0,0.1,1,0,0,6.11324,31,,68,68,,0,0,0,1
1602697490123,10,1010123456022,81,,1,2,4,1,2,,17.8182,11,0,0.010688,4,0,10.5,,2,5,332,0.1,2,0,0,5.8617,31,,6,8,,0,0,0,1
1602697490373,10,1010123456022,81,,1,2,4,1,2,,1.12766,94,0,0.014912,37,0,6.83333,,1.4,5,0,0.1,2,0,0,10.2449,0,,233,232,,0,0,0,1
1602697490623,10,1010123456022,81,,1,2,4,1,2,,20.0769,13,0,0.015712,5,0,9,,0,0,0,0,0,0,0,0,0,,12,10,,0,0,0,0
1602697490873,10,1010123456022,81,,1,2,4,1,2,,0,0,0,0,0,0,5.6,,12,11,0,0,4,100,0,4.1848,0,,0,0,,0,0,0,10
1602697491123,10,1010123456022,81,,1,2,4,1,2,,17.5,6,0,0.005376,2,0,11.6667,,0.25,24,0,0.1,9,0,0,5.45698,31,,3,4,,0,0,0,1
1602697491373,10,1010123456022,81,,1,2,4,1,2,,18.2,10,0,0.010624,4,0,10.25,,0,0,0,0,0,0,0,0,0,,4,8,,0,0,0,0
1602697491623,10,1010123456022,81,,1,2,4,1,2,,18,15,0,0.015968,6,0,12,,0,0,0,0,0,0,0,0,0,,13,16,,0,0,0,0
1602697491873,10,1010123456022,81,,1,2,4,1,2,,14.4,10,0,0.010816,4,0,10.5,,0,2,0,0.1,1,0,0,0,31,,13,10,,0,0,0,0
1602697492123,10,1010123456022,81,,1,2,4,1,2,,5.4,20,0,0.006144,8,0,12.3333,,11,12,0,0.1,5,80,0,5.36928,0,,21,20,,0,0,0,7.75
1602697492373,10,1010123456022,81,,1,2,4,1,2,,18.1,10,0,0.005312,2,0,12,,0,0,0,0,0,0,0,0,0,,9,8,,0,0,0,0
1602697492623,10,1010123456022,81,,1,2,4,1,2,,14.4444,9,0,0.015968,6,0,11.7143,,0,0,0,0,0,0,0,0,0,,8,8,,0,0,0,0
1602697492873,10,1010123456022,81,,1,2,4,1,2,,1.63559,118,0,0.031168,47,0,6,,5.6,5,0,0.1,2,0,0,15.5246,31,,372,434,,0,0,0,1
1602697493123,10,1010123456022,81,,1,2,4,1,2,,15.8,5,0,0.005312,2,0,9.25,,8,3,0,0.1,1,0,0,7.42246,0,,2,4,,0,0,0,1
1602697493373,10,1010123456022,81,,1,2,4,1,2,,20,8,158,0.0105703,3,0,8,,0,0,0,0,0,0,0,0,0,,17,16,,0,0,0,0
1602697493623,10,1010123456022,81,,1,2,4,1,2,,2.57143,35,0,0.011968,14,0,11,,0,0,0,0,0,0,0,0,0,,192,188,,0,0,0,0
1602697493873,10,1010123456022,81,,1,2,4,1,2,,15.5,16,0,0.015968,6,0,9,,3.2,5,0,0.1,2,0,0,6.80381,31,,7,12,,0,0,0,1
1602697494123,10,1010123456022,81,,1,2,4,1,2,,18.2,5,158,0.00533333,2,0,8,,0.1,18,0,0.1,7,0,0,5.73458,0,,11,12,,0,0,0,1
1602697494373,10,1010123456022,81,,1,2,4,1,2,,3.83784,37,121,0.01168,13,0,5.6,,0,0,0,0,0,0,0,0,0,,66,64,,0,0,0,0
1602697494623,10,1010123456022,81,,1,2,4,1,2,,5.93023,43,0,0.014336,16,0,7.83333,,0.1,3,0,0.1,1,0,0,3.89915,31,,73,74,,0,0,0,1
1602697494873,10,1010123456022,81,,1,2,4,1,2,,17,10,0,0.0190201,6,0,9.25,,0,2,0,0.1,1,0,0,0,31,,5,8,,0,0,0,0
1602697495123,10,1010123456022,81,,1,2,4,1,2,,1.69811,159,34,0.02912,56,0,2,,13.25,32,0,0.1,14,57.1429,0,9.19282,31,,571,566,,0,0,0,6.625
1602697495373,10,1010123456022,81,,1,2,4,1,2,,13.4,25,0,0.025536,16,0,10.6,,0,0,0,0,0,0,0,0,0,,19,24,,0,0,0,0
1602697495623,10,1010123456022,81,,1,2,4,1,2,,1.64286,70,0,0.024288,31,0,6,,0,0,0,0,0,0,0,0,0,,255,252,,0,0,0,0
1602697495873,10,1010123456022,81,,1,2,4,1,2,,5.46154,39,0,0.017344,16,0,6,,0,2,0,0.1,1,0,0,0,31,,167,172,,0,0,0,0
1602697496123,10,1010123456022,81,,1,2,4,1,2,,3.775,40,0,0.00697189,15,0,6.33333,,0.857143,14,0,0.1,6,0,0,5.22159,31,,52,52,,0,0,0,1
1602697496373,10,1010123456022,81,,1,2,4,1,2,,0.1,6,457,0.001056,3,0,7,,0,0,0,0,0,0,0,0,0,,215,204,,0,0,0,0
1602697496623,10,1010123456022,81,,1,2,4,1,2,,0.81457,151,0,0.03248,59,0,5.8,,0,0,0,0,0,0,0,0,0,,361,366,,0,0,0,0
1602697496873,10,1010123456022,81,,1,2,4,1,2,,2.53922,102,0,0.02576,42,0,8.25,,11.2,15,0,0.1,5,80,0,7.0069,31,,169,170,,0,0,0,8.2
1602697497123,10,1010123456022,81,,1,2,4,1,2,,15.6522,23,0,0.021408,9,0,11,,0,0,0,0,0,0,0,0,0,,10,18,,0,0,0,0
1602697497373,10,1010123456022,81,,1,2,4,1,2,,5.77143,35,0,0.011936,14,0,8.25,,0,0,0,0,0,0,0,0,0,,75,72,,0,0,0,0
1602697497623,10,1010123456022,81,,1,2,4,1,2,,5.86957,23,0,0.006208,9,0,8.4,,0,0,0,0,0,0,0,0,0,,16,18,,0,0,0,0
1602697497873,10,1010123456022,81,,1,2,4,1,2,,16.45,20,0,0.021248,8,0,8.8,,3.76923,26,0,0.1,10,0,0,14.4956,31,,9,16,,0,0,0,1.23077
1602697498123,10,1010123456022,81,,1,2,4,1,2,,5.54762,42,0,0.012384,17,0,9.2,,14,12,0,0,4,100,0,5.8849,0,,59,40,,0,0,0,10
1602697498373,10,1010123456022,81,,1,2,4,1,2,,6.10417,48,0,0.022816,19,0,6.75,,0,0,0,0,0,0,0,0,0,,109,114,,0,0,0,0
1602697498623,10,1010123456022,81,,1,2,4,1,2,,16.9583,24,0,0.02656,10,0,11,,0,0,0,0,0,0,0,0,0,,11,20,,0,0,0,0
1602697498873,10,1010123456022,81,,1,2,4,1,2,,5.44231,52,0,0.02304,22,0,4.66667,,0.1,18,0,0.1,8,0,0,5.75797,31,,281,290,,0,0,0,1
1602697499123,10,1010123456022,81,,1,2,4,1,2,,16.1667,18,0,0.016096,7,0,11.4,,0,0,0,0,0,0,0,0,0,,10,14,,0,0,0,0
1602697499373,10,1010123456022,81,,1,2,4,1,2,,12,5,0,0.00533333,2,0,10,,0,0,0,0,0,0,0,0,0,,6,4,,0,0,0,0
1602697499623,10,1010123456022,81,,1,2,4,1,2,,15.5,16,0,0.015968,6,0,6.5,,0,0,0,0,0,0,0,0,0,,12,12,,0,0,0,0
1602697499873,10,1010123456022,81,,1,2,4,1,2,,0,0,0,0,0,0,11.5,,0,0,0,0,0,0,0,0,0,,0,0,,0,0,0,0
1602697500123,10,1010123456022,81,,1,2,4,1,2,,18.4,5,0,0.005376,2,0,13.6667,,1.5,18,0,0.1,7,0,0,6.81241,31,,2,4,,0,0,0,1
1602697500373,10,1010123456022,81,,1,2,4,1,2,,11.12,25,0,0.016448,10,0,8.75,,0,0,0,0,0,0,0,0,0,,19,20,,0,0,0,0
1602697500623,10,1010123456022,81,,1,2,4,1,2,,17.1111,9,0,0.0107631,4,0,12.75,,0,0,0,0,0,0,0,0,0,,6,8,,0,0,0,0
1602697500873,10,1010123456022,81,,1,2,4,1,2,,15.8,5,0,0.00533333,2,0,12.2,,2,3,0,0.1,1,0,0,3.23784,31,,2,4,,0,0,0,1
1602697501123,10,1010123456022,81,,1,2,4,1,2,,7.78571,28,0,0.009472,8,0,7.75,,1.81818,22,0,0.1,9,0,0,5.71968,31,,14,22,,0,0,0,1
1602697501373,10,1010123456022,81,,1,2,4,1,2,,1.03409,88,84,0.0177028,34,0,7,,0,0,0,0,0,0,0,0,0,,310,308,,0,0,0,0
1602697501623,10,1010123456022,81,,1,2,4,1,2,,2.18182,33,0,0.0109558,18,0,9.4,,0,0,0,0,0,0,0,0,0,,62,64,,0,0,0,0
1602697501873,10,1010123456022,81,,1,2,4,1,2,,18.2,5,0,0.005312,2,0,10.25,,2,3,0,0.1,1,0,0,5.19118,31,,4,4,,0,0,0,1
1602697502123,10,1010123456022,81,,1,2,4,1,2,,10.5882,17,0,0.011104,7,0,11,,7.8125,16,0,0.1,6,16.6667,0,15.7194,31,,13,16,,0,0,0,2.125
1602697502373,10,1010123456022,81,,1,2,4,1,2,,16.4,10,0,0.005312,2,0,9,,0,0,0,0,0,0,0,0,0,,7,8,,0,0,0,0
1602697502623,10,1010123456022,81,,1,2,4,1,2,,4.21875,32,104,0.011776,12,0,8.42857,,0,0,0,0,0,0,0,0,0,,29,34,,0,0,0,0
1602697502873,10,1010123456022,81,,1,2,4,1,2,,10.2174,23,0,0.011456,10,0,10.75,,12,12,0,0,4,100,0,5.29824,0,,21,22,,0,0,0,10
1602697503123,10,1010123456022,81,,1,2,4,1,2,,4.3,40,0,0.0228434,19,0,9.25,,1.3,10,0,0.1,4,0,0,12.3159,31,,55,56,,0,0,0,1
1602697503373,10,1010123456022,81,,1,2,4,1,2,,8.31373,51,0,0.02304,22,0,7.75,,0,0,0,0,0,0,0,0,0,,98,100,,0,0,0,0
1602697503623,10,1010123456022,81,,1,2,4,1,2,,16.95,20,0,0.02128,8,0,11.6667,,0,0,0,0,0,0,0,0,0,,9,18,,0,0,0,0
1602697503873,10,1010123456022,81,,1,2,4,1,2,,16.6,5,0,0.005376,2,0,5,,0,4,0,0.1,2,0,0,0,31,,5,4,,0,0,0,0
1602697504123,10,1010123456022,81,,1,2,4,1,2,,15.6364,11,0,0.010656,4,0,12.3333,,14.4,5,0,0.1,2,0,0,16.4211,31,,8,10,,0,0,0,1
1602697504373,10,1010123456022,81,,1,2,4,1,2,,9.66667,12,0,0.010912,5,0,8.33333,,0,0,0,0,0,0,0,0,0,,23,26,,0,0,0,0
1602697504623,10,1010123456022,81,,1,2,4,1,2,,0,0,0,0,0,0,11.8333,,0,0,0,0,0,0,0,0,0,,0,0,,0,0,0,0
1602697504873,10,1010123456022,81,,1,2,4,1,2,,21.1429,7,0,0.011296,3,0,13.6667,,0,10,0,0.1,5,80,0,0,0,,7,6,,0,0,0,0
1602697505123,10,1010123456022,81,,1,2,4,1,2,,17,21,0,0.021248,8,0,11,,1.89286,28,0,0.1,10,10,0,3.85306,31,,18,16,,0,0,0,2.07143
1602697505373,10,1010123456022,81,,1,2,4,1,2,,28,6,0,0.0118876,2,0,6.66667,,0.1,3,0,0.1,1,0,0,4.69655,31,,4,4,,0,0,0,1
1602697505623,10,1010123456022,81,,1,2,4,1,2,,13.2857,7,0,0.005472,3,0,7.8,,0,0,0,0,0,0,0,0,0,,8,6,,0,0,0,0
1602697505873,10,1010123456022,81,,1,2,4,1,2,,10.6667,18,0,0.011104,7,0,6.5,,0.1,6,38,0.1,2,0,0,5.83962,31,,14,16,,0,0,0,1
1602697506123,10,1010123456022,81,,1,2,4,1,2,,6.84483,58,0,0.023328,23,0,9,,4.76471,17,0,0.1,6,0,0,15.4833,0,,140,144,,0,0,0,1.82353
1602697506373,10,1010123456022,81,,1,2,4,1,2,,14.5556,9,0,0.010624,4,0,8.2,,0,0,0,0,0,0,0,0,0,,37,36,,0,0,0,0
1602697506623,10,1010123456022,81,,1,2,4,1,2,,17,5,0,0,0,0,10.6,,0,0,0,0,0,0,0,0,0,,2,4,,0,0,0,0
1602697506873,10,1010123456022,81,,1,2,4,1,2,,0.1,56,0,0.013408,25,0,6,,15,10,0,0,4,100,0,5.69298,0,,233,236,,0,0,0,10
1602697507123,10,1010123456022,81,,1,2,4,1,2,,0.1,111,0,0.016257,46,0,6,,5.06897,29,0,0.1,10,10,0,14.4504,31,,262,262,,0,0,0,2.13793
1602697507373,10,1010123456022,81,,1,2,4,1,2,,17.5556,9,0,0.010656,4,0,12.4,,0,0,0,0,0,0,0,0,0,,5,8,,0,0,0,0
1602697507623,10,1010123456022,81,,1,2,4,1,2,,1.08621,116,158,0.014784,42,0,7.8,,0,0,0,0,0,0,0,0,0,,303,322,,0,0,0,0
1602697507873,10,1010123456022,81,,1,2,4,1,2,,18.2,5,0,0.0219759,6,0,12.25,,0,2,0,0.1,1,0,0,0,31,,1,2,,0,0,0,0
1602697508123,10,1010123456022,81,,1,2,4,1,2,,15.8,5,0,0.005312,2,0,10.25,,2.14815,27,0,0.1,11,0,0,5.89528,31,,3,4,,0,0,0,1
1602697508373,10,1010123456022,81,,1,2,4,1,2,,10.35,20,0,0.011008,8,0,8.5,,0,0,0,0,0,0,0,0,0,,21,22,,0,0,0,0
1602697508623,10,1010123456022,81,,1,2,4,1,2,,6.31915,47,0,0.0177028,19,0,10.2,,0,0,0,0,0,0,0,0,0,,63,56,,0,0,0,0
1602697508873,10,1010123456022,81,,1,2,4,1,2,,11,17,0,0.011104,7,0,5,,0.8,5,0,0.1,2,0,0,6.39224,31,,68,74,,0,0,0,1
1602697509123,10,1010123456022,81,,1,2,4,1,2,,17.8182,11,0,0.010688,4,0,9.8,,0.1,14,0,0.1,6,0,0,7.7278,0,,5,8,,0,0,0,1
1602697509373,10,1010123456022,81,,1,2,4,1,2,,4.77586,58,0,0.023232,24,0,8.33333,,0,0,0,0,0,0,0,0,0,,137,140,,0,0,0,0
1602697509623,10,1010123456022,81,,1,2,4,1,2,,3.46154,39,0,0.0121446,15,0,10.2,,0,0,0,0,0,0,0,0,0,,67,66,,0,0,0,0
1602697509873,10,1010123456022,81,,1,2,4,1,2,,16.6,15,0,0.015936,6,0,8.2,,1.19048,21,0,0.1,8,0,0,6.64171,31,,6,12,,0,0,0,1
1602697510123,10,1010123456022,81,,1,2,4,1,2,,16,33,0,0.031968,13,0,8.5,,0,0,0,0,0,0,0,0,0,,19,26,,0,0,0,0
1602697510373,10,1010123456022,81,,1,2,4,1,2,,0,0,0,0,0,0,10.25,,0,0,0,0,0,0,0,0,0,,0,0,,0,0,0,0
1602697510623,10,1010123456022,81,,1,2,4,1,2,,18.7273,11,37,0.010688,4,0,10,,0,0,0,0,0,0,0,0,0,,8,10,,0,0,0,0
1602697510873,10,1010123456022,81,,1,2,4,1,2,,8.42593,54,0,0.0384,23,0,7.5,,2.4,5,0,0.1,2,0,0,8.90292,31,,109,116,,0,0,0,1
1602697511123,10,1010123456022,81,,1,2,4,1,2,,15.0769,13,0,0.01072,5,0,11,,8.6,5,0,0.1,2,0,0,12.1628,0,,17,20,,0,0,0,1.4
1602697511373,10,1010123456022,81,,1,2,4,1,2,,5.91304,23,0,0.006208,9,0,8.5,,0,0,0,0,0,0,0,0,0,,17,20,,0,0,0,0
1602697511623,10,1010123456022,81,,1,2,4,1,2,,16.6364,22,0,0.021312,8,0,12,,0,0,0,0,0,0,0,0,0,,12,16,,0,0,0,0
1602697511873,10,1010123456022,81,,1,2,4,1,2,,15.2353,17,0,0.010816,5,0,5.66667,,0,0,0,0,0,0,0,0,0,,11,18,,0,0,0,0
1602697512123,10,1010123456022,81,,1,2,4,1,2,,20.3846,13,0,0.0213012,7,0,8.33333,,6.04167,24,0,0.1,10,40,0,6.43824,31,,61,60,,0,0,0,4.375
1602697512373,10,1010123456022,81,,1,2,4,1,2,,16.0238,42,0,0.03744,16,0,10.8333,,0,0,0,0,0,0,0,0,0,,29,34,,0,0,0,0
1602697512623,10,1010123456022,81,,1,2,4,1,2,,12.2188,32,0,0.021952,13,0,7.8,,0,0,0,0,0,0,0,0,0,,19,28,,0,0,0,0
1602697512873,10,1010123456022,81,,1,2,4,1,2,,17.2857,14,0,0.009312,3,0,12.3333,,0.1,5,0,0.1,2,0,0,5.50161,31,,7,12,,0,0,0,1
1602697513123,10,1010123456022,81,,1,2,4,1,2,,0,0,0,0.006688,3,0,10.2,,0.9375,16,0,0.1,7,0,0,7.99384,0,,0,0,,0,0,0,1.1875
1602697513373,10,1010123456022,81,,1,2,4,1,2,,15.0556,18,93,0.016672,6,0,12,,0,0,0,0,0,0,0,0,0,,19,18,,0,0,0,0
1602697513623,10,1010123456022,81,,1,2,4,1,2,,17.2222,9,14,0.0106667,4,0,10,,0,0,0,0,0,0,0,0,0,,7,10,,0,0,0,0
1602697513873,10,1010123456022,81,,1,2,4,1,2,,4.88889,63,0,0.033664,26,0,7.75,,0,2,0,0.1,1,0,0,0,31,,110,108,,0,0,0,0
1602697514123,10,1010123456022,81,,1,2,4,1,2,,8.2,20,0,0.0113092,8,0,7,,12.4667,30,0,0.101526,12,33.3333,0,11.5324,31,,19,20,,0,0,0,4.73333
1602697514373,10,1010123456022,81,,1,2,4,1,2,,18.1111,9,0,0.010752,4,0,3.75,,0,0,0,0,0,0,0,0,0,,32,36,,0,0,0,0
1602697514623,10,1010123456022,81,,1,2,4,1,2,,0,0,0,0,0,0,8.4,,0,0,0,0,0,0,0,0,0,,0,0,,0,0,0,0
1602697514873,10,1010123456022,81,,1,2,4,1,2,,12.1892,37,0,0.027328,15,0,8.8,,0.1,3,0,0.1,1,0,0,16.2038,31,,85,90,,0,0,0,1
1602697515123,10,1010123456022,81,,1,2,4,1,2,,6.88571,35,0,0.01728,14,0,10.6667,,7.53846,13,0,0.1,5,20,0,7.34166,31,,42,40,,0,0,0,4.23077
1602697515373,10,1010123456022,81,,1,2,4,1,2,,15.8,15,0,0.015968,6,0,12.25,,0,0,0,0,0,0,0,0,0,,7,12,,0,0,0,0
1602697515623,10,1010123456022,81,,1,2,4,1,2,,14.6667,12,0,0.00880321,4,0,9,,0,0,0,0,0,0,0,0,0,,10,10,,0,0,0,0
1602697515873,10,1010123456022,81,,1,2,4,1,2,,17.913,23,0,0.0293655,10,0,12.8333,,0.5,24,0,0.1,9,0,0,6.34974,31,,12,18,,0,0,0,1.125
1602697516123,10,1010123456022,81,,1,2,4,1,2,,15.8667,15,0,0.01072,4,0,12.2,,0,0,0,0,0,0,0,0,0,,6,12,,0,0,0,0
1602697516373,10,1010123456022,81,,1,2,4,1,2,,16.1111,9,0,0.016064,6,0,10,,0,0,0,0,0,0,0,0,0,,7,8,,0,0,0,0
1602697516623,10,1010123456022,81,,1,2,4,1,2,,17.2778,18,75,0.015936,6,0,11.4,,0,0,0,0,0,0,0,0,0,,9,14,,0,0,0,0
1602697516873,10,1010123456022,81,,1,2,4,1,2,,0,6,0,0.010624,4,0,9,,0,2,0,0.1,1,0,0,0,31,,8,8,,0,0,0,0
1602697517123,10,1010123456022,81,,1,2,4,1,2,,13.4,5,0,0.005344,2,0,6,,11.4,30,0,0.1,10,40,0,11.0673,31,,2,4,,0,0,0,4.7
1602697517373,10,1010123456022,81,,1,2,4,1,2,,7.96429,28,0,0.011488,11,0,8.5,,0,0,0,0,0,0,0,0,0,,28,22,,0,0,0,0
1602697517623,10,1010123456022,81,,1,2,4,1,2,,0,4,0,0.00539759,2,0,12.25,,0,0,0,0,0,0,0,0,0,,3,4,,0,0,0,0
1602697517873,10,1010123456022,81,,1,2,4,1,2,,16,6,0,0.00528,2,0,13,,0.1,5,0,0.1,2,0,0,6.31465,31,,4,6,,0,0,0,1
1602697518123,10,1010123456022,81,,1,2,4,1,2,,17.2857,14,0,0.016128,6,0,5,,2.35,20,0,0.1,8,0,0,5.92941,0,,25,30,,0,0,0,1
1602697518373,10,1010123456022,81,,1,2,4,1,2,,0,0,158,0,0,0,8,,0,0,0,0,0,0,0,0,0,,39,40,,0,0,0,0
1602697518623,10,1010123456022,81,,1,2,4,1,2,,1.77612,67,0,0.0190522,27,0,12.5,,0.1,3,0,0.1,1,0,0,4.54625,31,,133,134,,0,0,0,1
1602697518873,10,1010123456022,81,,1,2,4,1,2,,16.5556,18,0,0.021376,8,0,11.6,,0.1,5,0,0.1,2,0,0,6.05065,31,,17,16,,0,0,0,1
1602697519123,10,1010123456022,81,,1,2,4,1,2,,14.9333,15,0,0.015936,6,0,10,,3.66667,18,0,0.1,8,25,0,5.60336,0,,11,14,,0,0,0,4
1602697519373,10,1010123456022,81,,1,2,4,1,2,,15.5,6,0,0.00536546,2,0,10.6667,,0,0,0,0,0,0,0,0,0,,4,4,,0,0,0,0
1602697519623,10,1010123456022,81,,1,2,4,1,2,,3.83784,37,0,0.007008,15,0,9.75,,0,0,0,0,0,0,0,0,0,,51,50,,0,0,0,0
1602697519873,10,1010123456022,81,,1,2,4,1,2,,0,0,0,0,0,0,9.66667,,2,3,0,0.1,1,0,0,16.6802,31,,0,0,,0,0,0,1
1602697520123,10,1010123456022,81,,1,2,4,1,2,,12,5,0,0.005312,2,0,12.5,,14,12,0,0,4,100,0,5.51089,0,,2,4,,0,0,0,10
1602697520373,10,1010123456022,81,,1,2,4,1,2,,16.4286,14,0,0.016,6,0,11.5,,0,0,0,0,0,0,0,0,0,,13,14,,0,0,0,0
1602697520623,10,1010123456022,81,,1,2,4,1,2,,18.125,8,0,0.00517269,1,0,12,,0,0,0,0,0,0,0,0,0,,10,8,,0,0,0,0
1602697520873,10,1010123456022,81,,1,2,4,1,2,,17.5455,11,0,0.015936,6,0,6,,0,0,0,0,0,0,0,0,0,,7,8,,0,0,0,0
1602697521123,10,1010123456022,81,,1,2,4,1,2,,17.25,8,0,0.0107309,4,0,8.33333,,6.64706,17,0,0.1,7,28.5714,0,8.39498,31,,5,8,,0,0,0,3.47059
1602697521373,10,1010123456022,81,,1,2,4,1,2,,17.5,6,0,0.005312,2,0,11.4,,0,0,0,0,0,0,0,0,0,,8,4,,0,0,0,0
1602697521623,10,1010123456022,81,,1,2,4,1,2,,2.25373,67,0,0.018784,27,0,7.4,,0,0,0,0,0,0,0,0,0,,132,140,,0,0,0,0
1602697521873,10,1010123456022,81,,1,2,4,1,2,,9.7619,21,0,0.011264,9,0,9,,0,2,0,0.1,1,0,0,0,31,,23,22,,0,0,0,0
1602697522123,10,1010123456022,81,,1,2,4,1,2,,11.9444,18,0,0.010912,7,0,8,,0.285714,21,0,0.1,8,0,0,6.65398,31,,18,16,,0,0,0,1
1602697522373,10,1010123456022,81,,1,2,4,1,2,,0.1,57,0,0.00812851,23,0,6.75,,0,0,0,0,0,0,0,0,0,,103,104,,0,0,0,0
1602697522623,10,1010123456022,81,,1,2,4,1,2,,17,20,0,0.021248,8,0,10.6,,0,0,0,0,0,0,0,0,0,,9,16,,0,0,0,0
1602697522873,10,1010123456022,81,,1,2,4,1,2,,8.30769,39,0,0.017376,15,0,9.25,,0.1,3,0,0.1,1,0,0,14.9633,31,,31,34,,0,0,0,1
1602697523123,10,1010123456022,81,,1,2,4,1,2,,5.41176,34,0,0.011968,14,0,5.75,,12,12,0,0,4,100,0,5.45108,0,,33,36,,0,0,0,10
1602697523373,10,1010123456022,81,,1,2,4,1,2,,16.8,5,0,0.005312,2,0,12.3333,,0,0,0,0,0,0,0,0,0,,2,4,,0,0,0,0
1602697523623,10,1010123456022,81,,1,2,4,1,2,,0.428571,42,0,0.0072,17,0,7,,0,0,0,0,0,0,0,0,0,,110,112,,0,0,0,0
1602697523873,10,1010123456022,81,,1,2,4,1,2,,0,0,0,0,0,0,9.6,,0,2,0,0.1,1,0,0,0,31,,0,0,,0,0,0,0
1602697524123,10,1010123456022,81,,1,2,4,1,2,,18.6,5,0,0.005312,2,0,11.6,,0,8,0,0,4,100,0,0,0,,2,4,,0,0,0,0
1602697524373,10,1010123456022,81,,1,2,4,1,2,,16.5238,21,0,0.021312,8,0,12.6667,,0,0,0,0,0,0,0,0,0,,12,16,,0,0,0,0
1602697524623,10,1010123456022,81,,1,2,4,1,2,,0,4,0,0.005376,2,0,6.83333,,0,0,0,0,0,0,0,0,0,,17,18,,0,0,0,0
1602697524873,10,1010123456022,81,,1,2,4,1,2,,6.03846,26,0,0.01104,9,0,9.5,,0,2,0,0.1,1,0,0,0,31,,40,38,,0,0,0,0
1602697525123,10,1010123456022,81,,1,2,4,1,2,,16.6,5,0,0.005728,3,0,10.6,,2.90909,22,0,0.1,9,0,0,11.7397,31,,2,4,,0,0,0,1.27273
1602697525373,10,1010123456022,81,,1,2,4,1,2,,17.75,16,0,0.016096,6,0,9.4,,0,0,0,0,0,0,0,0,0,,25,24,,0,0,0,0
1602697525623,10,1010123456022,81,,1,2,4,1,2,,10,54,0,0.033088,22,0,6.6,,0,0,0,0,0,0,0,0,0,,51,60,,0,0,0,0
1602697525873,10,1010123456022,81,,1,2,4,1,2,,5.40476,42,0,0.012288,17,0,10.75,,0.1,3,0,0.1,1,0,0,5.11421,31,,32,34,,0,0,0,1
1602697526123,10,1010123456022,81,,1,2,4,1,2,,14.4,10,0,0.0106667,4,0,12.6667,,0.153846,26,0,0.1,10,0,0,7.31061,31,,8,8,,0,0,0,1
1602697526373,10,1010123456022,81,,1,2,4,1,2,,0,0,0,0,0,0,11.3333,,0,0,0,0,0,0,0,0,0,,0,0,,0,0,0,0
1602697526623,10,1010123456022,81,,1,2,4,1,2,,12.6154,26,0,0.021472,10,0,9.83333,,0,0,0,0,0,0,0,0,0,,21,24,,0,0,0,0
1602697526873,10,1010123456022,81,,1,2,4,1,2,,17.0769,13,0,0.015936,6,0,11.25,,1.2,5,0,0.1,2,0,0,6.04724,31,,11,14,,0,0,0,1.6
1602697527123,10,1010123456022,81,,1,2,4,1,2,,12.375,8,0,0.00546185,3,0,11.25,,1.72,25,0,0.1,10,0,0,5.41681,31,,9,6,,0,0,0,1.28
1602697527373,10,1010123456022,81,,1,2,4,1,2,,3.74074,54,0,0.013012,21,0,9.4,,0,0,0,0,0,0,0,0,0,,55,52,,0,0,0,0
1602697527623,10,1010123456022,81,,1,2,4,1,2,,16.65,20,315,0.021248,8,0,10,,0,0,0,0,0,0,0,0,0,,19,26,,0,0,0,0
1602697527873,10,1010123456022,81,,1,2,4,1,2,,0.268908,119,158,0.02144,48,0,8.66667,,0,2,0,0.1,1,0,0,0,31,,386,384,,0,0,0,0
1602697528123,10,1010123456022,81,,1,2,4,1,2,,6.58824,17,0,0.00592,5,0,10,,6.83333,12,0,0.1,5,20,0,5.80262,31,,72,74,,0,0,0,4.75
1602697528373,10,1010123456022,81,,1,2,4,1,2,,2.58824,85,0,0.02496,36,0,5,,0,0,0,0,0,0,0,0,0,,128,128,,0,0,0,0
1602697528623,10,1010123456022,81,,1,2,4,1,2,,2.13131,99,0,0.025504,40,0,7.25,,0,0,0,0,0,0,0,0,0,,226,232,,0,0,0,0
1602697528873,10,1010123456022,81,,1,2,4,1,2,,16.65,20,0,0.015904,6,0,9,,2,5,0,0.1,2,0,0,7.50211,31,,31,32,,0,0,0,1
1602697529123,10,1010123456022,81,,1,2,4,1,2,,17.8182,11,0,0.016,6,0,8.4,,3.3,10,0,0.1,4,0,0,8.44956,0,,8,8,,0,0,0,1
1602697529373,10,1010123456022,81,,1,2,4,1,2,,17.1,10,0,0.010688,4,0,11.5,,0,0,0,0,0,0,0,0,0,,4,8,,0,0,0,0
1602697529623,10,1010123456022,81,,1,2,4,1,2,,12.6875,16,0,0.010976,6,0,10.75,,0,0,0,0,0,0,0,0,0,,36,38,,0,0,0,0
1602697529873,10,1010123456022,81,,1,2,4,1,2,,15.8889,18,0,0.021216,8,0,11.5,,0,3,53,0.1,2,0,0,0,31,,12,16,,0,0,0,0
1602697530123,10,1010123456022,81,,1,2,4,1,2,,17.4762,21,0,0.016064,6,0,11.3333,,0.1,14,0,0.1,6,0,0,6.11651,0,,14,18,,0,0,0,1
1602697530373,10,1010123456022,81,,1,2,4,1,2,,17.5455,11,0,0.0160964,6,0,10,,0,0,0,0,0,0,0,0,0,,9,10,,0,0,0,0
1602697530623,10,1010123456022,81,,1,2,4,1,2,,6.57812,64,0,0.02352,26,0,9.75,,0,0,0,0,0,0,0,0,0,,76,112,,0,0,0,0
1602697530873,10,1010123456022,81,,1,2,4,1,2,,17.6667,15,0,0.015936,6,0,8.5,,0,2,0,0.1,1,0,0,0,31,,6,12,,0,0,0,0
1602697531123,10,1010123456022,81,,1,2,4,1,2,,14.8235,17,0,0.016096,7,0,11,,1.13333,15,0,0.1,6,0,0,5.86776,31,,18,16,,0,0,0,1
1602697531373,10,1010123456022,81,,1,2,4,1,2,,2.78846,52,0,0.01792,22,0,9.5,,0,0,0,0,0,0,0,0,0,,196,202,,0,0,0,0
1602697531623,10,1010123456022,81,,1,2,4,1,2,,0.1,55,0,0.008096,23,0,8.25,,0,0,0,0,0,0,0,0,0,,137,138,,0,0,0,0
1602697531873,10,1010123456022,81,,1,2,4,1,2,,5.86957,23,0,0.00623293,9,0,8.75,,9,6,0,0.1,2,50,0,10.785,31,,15,18,,0,0,0,5.5
1602697532123,10,1010123456022,81,,1,2,4,1,2,,3.88235,17,0,0.006016,7,0,6,,8,12,0,0.1,5,0,0,12.2906,31,,51,52,,0,0,0,2
1602697532373,10,1010123456022,81,,1,2,4,1,2,,17.6,5,0,0.005344,2,0,12.5,,0,0,0,0,0,0,0,0,0,,2,4,,0,0,0,0
1602697532623,10,1010123456022,81,,1,2,4,1,2,,28,5,0,0.01184,2,0,10.8,,0,0,0,0,0,0,0,0,0,,139,140,,0,0,0,0
1602697532873,10,1010123456022,81,,1,2,4,1,2,,17.6667,15,0,0.016064,6,0,12,,0,2,0,0,1,100,0,0,0,,12,12,,0,0,0,0
1602697533123,10,1010123456022,81,,1,2,4,1,2,,15.6,15,0,0.015968,6,0,10.2,,11.973,74,0,0.1,31,80.6452,0,6.17858,31,,7,12,,0,0,0,8.21622
1602697533373,10,1010123456022,81,,1,2,4,1,2,,16.2941,34,0,0.031936,13,0,11.4,,0,0,0,0,0,0,0,0,0,,19,26,,0,0,0,0
1602697533623,10,1010123456022,81,,1,2,4,1,2,,0,4,0,0.005312,2,0,12,,0,0,0,0,0,0,0,0,0,,5,6,,0,0,0,0
1602697533873,10,1010123456022,81,,1,2,4,1,2,,17.1,10,0,0.005312,2,0,12.75,,0.75,16,0,0.1,7,0,0,5.44983,31,,4,8,,0,0,0,1
1602697534123,10,1010123456022,81,,1,2,4,1,2,,17.9286,14,0,0.021312,8,0,10.5,,0,0,0,0,0,0,0,0,0,,8,12,,0,0,0,0
1602697534373,10,1010123456022,81,,1,2,4,1,2,,0,0,0,0,0,0,3.25,,0,0,0,0,0,0,0,0,0,,0,0,,0,0,0,0
1602697534623,10,1010123456022,81,,1,2,4,1,2,,17.9375,16,0,0.016,6,0,10,,0,0,0,0,0,0,0,0,0,,7,12,,0,0,0,0
1602697534873,10,1010123456022,81,,1,2,4,1,2,,4.88571,35,0,0.01232,14,0,8.8,,0,0,0,0,0,0,0,0,0,,36,34,,0,0,0,0
1602697535123,10,1010123456022,81,,1,2,4,1,2,,4.64151,53,380,0.020832,21,0,6,,2.48,25,0,0.1,10,0,0,11.2453,31,,248,258,,0,0,0,1
1602697535373,10,1010123456022,81,,1,2,4,1,2,,4.63095,84,0,0.0315823,32,0,13.5,,0,0,0,0,0,0,0,0,0,,202,204,,0,0,0,0
1602697535623,10,1010123456022,81,,1,2,4,1,2,,5.88889,54,0,0.023392,24,0,9.2,,0,0,0,0,0,0,0,0,0,,61,56,,0,0,0,0
1602697535873,10,1010123456022,81,,1,2,4,1,2,,4.06667,45,60,0.0128,10,0,8.33333,,12.4,5,0,0.1,2,0,0,12.0295,31,,76,78,,0,0,0,1.4
1602697536123,10,1010123456022,81,,1,2,4,1,2,,6.8,35,30,0.016576,21,0,11.75,,0,0,0,0,0,0,0,0,0,,44,46,,0,0,0,0
1602697536373,10,1010123456022,81,,1,2,4,1,2,,8,3,0,0.00528,2,0,7,,0,0,0,0,0,0,0,0,0,,2,2,,0,0,0,0
1602697536623,10,1010123456022,81,,1,2,4,1,2,,0,0,0,0,0,0,7.8,,0,0,0,0,0,0,0,0,0,,0,0,,0,0,0,0
1602697536873,10,1010123456022,81,,1,2,4,1,2,,2.04651,129,0,0.029472,45,0,8,,0,2,0,0.1,1,0,0,0,31,,215,216,,0,0,0,0
1602697537123,10,1010123456022,81,,1,2,4,1,2,,3.31707,82,0,0.027232,41,0,9.6,,8.18182,22,0,0.1,10,40,0,10.9501,31,,238,236,,0,0,0,4.27273
1602697537373,10,1010123456022,81,,1,2,4,1,2,,14.5,6,0,0.005312,2,0,11.8,,0,0,0,0,0,0,0,0,0,,4,4,,0,0,0,0
1602697537623,10,1010123456022,81,,1,2,4,1,2,,6.55682,88,0,0.040576,35,0,8.8,,0,0,0,0,0,0,0,0,0,,141,142,,0,0,0,0
1602697537873,10,1010123456022,81,,1,2,4,1,2,,17.6,10,0,0.010624,4,0,8.33333,,0,2,0,0.1,1,0,0,0,31,,8,8,,0,0,0,0
1602697538123,10,1010123456022,81,,1,2,4,1,2,,0.1,57,0,0.008096,23,0,9,,0.285714,21,0,0.1,8,0,0,6.6197,31,,126,126,,0,0,0,1
1602697538373,10,1010123456022,81,,1,2,4,1,2,,16.8,5,0,0.00533333,2,0,8.75,,0,0,0,0,0,0,0,0,0,,66,70,,0,0,0,0
1602697538623,10,1010123456022,81,,1,2,4,1,2,,15.8,5,0,0.005312,2,0,11,,0,0,0,0,0,0,0,0,0,,2,4,,0,0,0,0
1602697538873,10,1010123456022,81,,1,2,4,1,2,,19,15,0,0.02192,7,0,12.75,,0.1,6,0,0.1,2,0,0,4.32463,31,,13,14,,0,0,0,1
1602697539123,10,1010123456022,81,,1,2,4,1,2,,17,10,0,0.010624,4,0,8,,0.636364,22,0,0.1,9,0,0,5.87889,31,,8,10,,0,0,0,1.36364
1602697539373,10,1010123456022,81,,1,2,4,1,2,,1.625,24,158,0.006432,9,0,3.75,,0,0,0,0,0,0,0,0,0,,71,76,,0,0,0,0
1602697539623,10,1010123456022,81,,1,2,4,1,2,,3,26,0,0.011424,10,0,9,,0,0,0,0,0,0,0,0,0,,112,114,,0,0,0,0
1602697539873,10,1010123456022,81,,1,2,4,1,2,,0.1,110,0,0.0159036,45,0,9.5,,0,4,0,0.1,2,50,0,0,31,,234,238,,0,0,0,0
1602697540123,10,1010123456022,81,,1,2,4,1,2,,17.5,14,0,0.015936,6,0,11.3333,,0,6,0,0,3,100,0,0,0,,10,12,,0,0,0,0
1602697540373,10,1010123456022,81,,1,2,4,1,2,,18.4,5,0,0.00539759,2,0,13,,0,0,0,0,0,0,0,0,0,,2,4,,0,0,0,0
1602697540623,10,1010123456022,81,,1,2,4,1,2,,5.7037,27,0,0.011488,11,0,5.66667,,0,0,0,0,0,0,0,0,0,,43,46,,0,0,0,0
1602697540873,10,1010123456022,81,,1,2,4,1,2,,2.58571,70,0,0.018816,28,0,11.3333,,0.1,6,0,0.1,2,0,0,6.22561,31,,204,192,,0,0,0,1
1602697541123,10,1010123456022,81,,1,2,4,1,2,,15.8,5,0,0.00533333,2,0,8,,1.09091,11,0,0.1,5,0,0,7.60853,0,,2,4,,0,0,0,1
1602697541373,10,1010123456022,81,,1,2,4,1,2,,0,0,0,0,0,0,9.4,,0,0,0,0,0,0,0,0,0,,0,0,,0,0,0,0
1602697541623,10,1010123456022,81,,1,2,4,1,2,,0.1,56,0,0.008096,23,0,8.8,,0,0,0,0,0,0,0,0,0,,153,152,,0,0,0,0
1602697541873,10,1010123456022,81,,1,2,4,1,2,,10.4167,36,0,0.022016,14,0,11,,2,3,0,0.1,1,0,0,9.20701,31,,26,30,,0,0,0,1
1602697542123,10,1010123456022,81,,1,2,4,1,2,,18.2,5,0,0.005312,2,0,10.25,,3.71429,7,0,0.1,3,0,0,7.7503,31,,2,4,,0,0,0,1
1602697542373,10,1010123456022,81,,1,2,4,1,2,,9.58333,24,0,0.016832,10,0,12,,0,0,0,0,0,0,0,0,0,,33,34,,0,0,0,0
1602697542623,10,1010123456022,81,,1,2,4,1,2,,18.3,10,0,0.010624,4,0,9.75,,0,0,0,0,0,0,0,0,0,,4,8,,0,0,0,0
1602697542873,10,1010123456022,81,,1,2,4,1,2,,18.6,5,0,0.005312,2,0,8.33333,,0,2,0,0.1,1,0,0,0,31,,2,4,,0,0,0,0
1602697543123,10,1010123456022,81,,1,2,4,1,2,,0,0,0,0,0,0,10.8,,0,0,0,0,0,0,0,0,0,,0,0,,0,0,0,0
1602697543373,10,1010123456022,81,,1,2,4,1,2,,19,11,0,0.016739,5,0,13.2,,0,8,0,0,4,100,0,0,0,,10,10,,0,0,0,0
1602697543623,10,1010123456022,81,,1,2,4,1,2,,17.2174,23,0,0.026624,10,0,12.25,,0,0,0,0,0,0,0,0,0,,16,20,,0,0,0,0
1602697543873,10,1010123456022,81,,1,2,4,1,2,,6.12963,54,81,0.023904,18,0,6.33333,,0,2,0,0.1,1,0,0,0,31,,102,104,,0,0,0,0
1602697544123,10,1010123456022,81,,1,2,4,1,2,,7.15789,38,0,0.021504,20,0,11.5,,0.72,25,0,0.1,10,0,0,5.87733,31,,80,84,,0,0,0,1
1602697544373,10,1010123456022,81,,1,2,4,1,2,,12,5,0,0.005312,2,0,12.25,,0,0,0,0,0,0,0,0,0,,2,4,,0,0,0,0
1602697544623,10,1010123456022,81,,1,2,4,1,2,,17.5,10,0,0.010624,4,0,7.5,,0,0,0,0,0,0,0,0,0,,20,24,,0,0,0,0
1602697544873,10,1010123456022,81,,1,2,4,1,2,,7.17949,39,0,0.017312,15,0,8.5,,0,0,0,0,0,0,0,0,0,,42,44,,0,0,0,0
1602697545123,10,1010123456022,81,,1,2,4,1,2,,0,0,0,0,0,0,2.33333,,0,0,0,0,0,0,0,0,0,,0,0,,0,0,0,0
1602697545373,10,1010123456022,81,,1,2,4,1,2,,17.5,6,0,0.00533333,2,0,10,,5.3913,23,0,0.1,9,22.2222,0,7.88408,31,,3,4,,0,0,0,3.6087
1602697545623,10,1010123456022,81,,1,2,4,1,2,,0.433735,83,0,0.01472,34,0,8.4,,0,0,0,0,0,0,0,0,0,,280,280,,0,0,0,0
1602697545873,10,1010123456022,81,,1,2,4,1,2,,18.2,10,0,0.010688,4,0,9.4,,2.4,5,0,0.1,2,0,0,12.9101,31,,6,8,,0,0,0,1
1602697546123,10,1010123456022,81,,1,2,4,1,2,,0,0,158,0,0,0,8.2,,12,3,0,0.1,1,0,0,5.68546,0,,108,110,,0,0,0,7
1602697546373,10,1010123456022,81,,1,2,4,1,2,,2.61538,65,0,0.0185703,26,0,7.66667,,3.68,25,0,0.1,10,0,0,9.49929,31,,230,236,,0,0,0,1
1602697546623,10,1010123456022,81,,1,2,4,1,2,,0.1,114,0,0.016257,46,0,6.25,,0,0,0,0,0,0,0,0,0,,262,260,,0,0,0,0
1602697546873,10,1010123456022,81,,1,2,4,1,2,,16.6,5,0,0.005376,2,0,10.5,,0,2,0,0.1,1,0,0,0,31,,2,4,,0,0,0,0
1602697547123,10,1010123456022,81,,1,2,4,1,2,,9.87755,49,0,0.033216,20,0,8.66667,,4.43478,23,0,0.1,9,0,0,7.73086,31,,125,130,,0,0,0,1.08696
1602697547373,10,1010123456022,81,,1,2,4,1,2,,12,5,0,0.005312,2,0,11.5,,0,0,0,0,0,0,0,0,0,,2,4,,0,0,0,0
1602697547623,10,1010123456022,81,,1,2,4,1,2,,17.8889,9,0,0.010624,4,0,13.1667,,0,0,0,0,0,0,0,0,0,,8,10,,0,0,0,0
1602697547873,10,1010123456022,81,,1,2,4,1,2,,17,10,0,0.010624,4,0,8.75,,0.1,3,0,0.1,1,0,0,14.653,31,,14,12,,0,0,0,1
1602697548123,10,1010123456022,81,,1,2,4,1,2,,0,0,0,0,0,0,7,,0,0,0,0,0,0,0,0,0,,0,0,,0,0,0,0
1602697548373,10,1010123456022,81,,1,2,4,1,2,,17.6,10,0,0.0106667,4,0,10.4,,12,12,0,0,4,100,0,5.22003,0,,6,8,,0,0,0,10
1602697548623,10,1010123456022,81,,1,2,4,1,2,,15.8,5,0,0.005312,2,0,8.8,,0,0,0,0,0,0,0,0,0,,11,14,,0,0,0,0
1602697548873,10,1010123456022,81,,1,2,4,1,2,,18,5,0,0.005312,2,0,11.6667,,0,2,0,0.1,1,0,0,0,31,,2,4,,0,0,0,0
1602697549123,10,1010123456022,81,,1,2,4,1,2,,16.8182,11,0,0.010688,4,0,12.3333,,1.2,15,0,0.1,6,0,0,5.51368,31,,5,8,,0,0,0,1.2
1602697549373,10,1010123456022,81,,1,2,4,1,2,,17.5,10,0,0.010624,4,0,11.25,,0,0,0,0,0,0,0,0,0,,6,8,,0,0,0,0
1602697549623,10,1010123456022,81,,1,2,4,1,2,,2.97143,105,0,0.025856,43,0,7.4,,0,0,0,0,0,0,0,0,0,,123,126,,0,0,0,0
1602697549873,10,1010123456022,81,,1,2,4,1,2,,17.0476,21,0,0.02656,10,0,9,,0,0,0,0,0,0,0,0,0,,17,20,,0,0,0,0
1602697550123,10,1010123456022,81,,1,2,4,1,2,,0,4,0,0.005312,2,0,8.25,,1.3,10,0,0.1,4,0,0,11.9574,31,,3,4,,0,0,0,1
1602697550373,10,1010123456022,81,,1,2,4,1,2,,11.7419,31,0,0.021984,14,0,10.6667,,12.5652,23,0,0.1,9,77.7778,0,4.74869,0,,26,32,,0,0,0,8.30435
1602697550623,10,1010123456022,81,,1,2,4,1,2,,16.55,20,158,0.02128,8,0,12,,0,0,0,0,0,0,0,0,0,,8,16,,0,0,0,0
1602697550873,10,1010123456022,81,,1,2,4,1,2,,12.0244,41,273,0.033312,15,0,2,,0,2,0,0.1,1,0,0,0,31,,115,126,,0,0,0,0
1602697551123,10,1010123456022,81,,1,2,4,1,2,,3.20833,72,0,0.028448,31,0,8.33333,,14,12,0,0,4,100,0,4.34917,0,,248,254,,0,0,0,10
1602697551373,10,1010123456022,81,,1,2,4,1,2,,15.8,5,0,0.005312,2,0,12.3333,,0,0,0,0,0,0,0,0,0,,2,4,,0,0,0,0
1602697551623,10,1010123456022,81,,1,2,4,1,2,,17,17,0,0.0161285,6,0,7.5,,0,0,0,0,0,0,0,0,0,,26,34,,0,0,0,0
1602697551873,10,1010123456022,81,,1,2,4,1,2,,17.9048,21,0,0.027168,9,0,12.25,,0.296296,27,0,0.1,12,0,0,5.61073,31,,14,20,,0,0,0,1
1602697552123,10,1010123456022,81,,1,2,4,1,2,,16.8125,16,0,0.0160643,6,0,12,,0,0,0,0,0,0,0,0,0,,10,12,,0,0,0,0
1602697552373,10,1010123456022,81,,1,2,4,1,2,,15.7647,17,0,0.021152,7,0,9.5,,0,0,0,0,0,0,0,0,0,,53,62,,0,0,0,0
1602697552623,10,1010123456022,81,,1,2,4,1,2,,6,15,0,0.005952,6,0,6.33333,,0,4,0,0.1,2,0,0,0,31,,15,16,,0,0,0,0
1602697552873,10,1010123456022,81,,1,2,4,1,2,,18.7778,18,0,0.021216,7,0,12.5,,10.7273,11,0,0.1,5,80,0,6.26043,31,,11,14,,0,0,0,7.54545
1602697553123,10,1010123456022,81,,1,2,4,1,2,,5.67568,74,0,0.024128,29,0,9.25,,2.33333,9,0,0.1,4,0,0,6.46397,0,,83,80,,0,0,0,1
1602697553373,10,1010123456022,81,,1,2,4,1,2,,6.53191,47,0,0.017696,19,0,9.33333,,0,0,0,0,0,0,0,0,0,,93,88,,0,0,0,0
1602697553623,10,1010123456022,81,,1,2,4,1,2,,17.8182,11,0,0.00533333,2,0,10.6,,0,0,0,0,0,0,0,0,0,,6,8,,0,0,0,0
1602697553873,10,1010123456022,81,,1,2,4,1,2,,1.35,40,0,0.012352,17,0,9.5,,0,2,0,0.1,1,0,0,0,31,,113,114,,0,0,0,0
1602697554123,10,1010123456022,81,,1,2,4,1,2,,0.222222,45,0,0.007296,18,0,7,,2.8,25,0,0.1,10,0,0,12.6086,31,,85,84,,0,0,0,1.12
1602697554373,10,1010123456022,81,,1,2,4,1,2,,0,0,0,0,0,0,8.75,,0,2,0,0.1,1,0,0,0,31,,0,0,,0,0,0,0
1602697554623,10,1010123456022,81,,1,2,4,1,2,,16.6667,12,0,0.016544,5,0,13.4,,0,0,0,0,0,0,0,0,0,,14,16,,0,0,0,0
1602697554873,10,1010123456022,81,,1,2,4,1,2,,12,14,0,0.010816,6,0,8.5,,14,12,0,0,4,100,0,5.57262,0,,12,14,,0,0,0,10
1602697555123,10,1010123456022,81,,1,2,4,1,2,,0,4,0,0.005312,2,0,9.75,,0.1,26,0,0.1,10,0,0,4.41053,31,,6,4,,0,0,0,1
1602697555373,10,1010123456022,81,,1,2,4,1,2,,17.1154,26,0,0.0267309,10,0,13,,0,0,0,0,0,0,0,0,0,,18,22,,0,0,0,0
1602697555623,10,1010123456022,81,,1,2,4,1,2,,0,0,0,0,0,0,9.5,,0.1,3,0,0.1,1,0,0,4.15892,31,,0,0,,0,0,0,1
1602697555873,10,1010123456022,81,,1,2,4,1,2,,16.8,5,158,0.005312,2,0,1.66667,,0,2,0,0.1,1,0,0,0,31,,16,16,,0,0,0,0
1602697556123,10,1010123456022,81,,1,2,4,1,2,,16.8667,15,0,0.0160643,6,0,11.5,,10.7273,11,0,0.1,5,80,0,5.51467,0,,54,58,,0,0,0,7.54545
1602697556373,10,1010123456022,81,,1,2,4,1,2,,17.2414,29,0,0.0320643,12,0,10,,0,0,0,0,0,0,0,0,0,,17,26,,0,0,0,0
1602697556623,10,1010123456022,81,,1,2,4,1,2,,1.25397,63,0,0.013408,25,0,10.1667,,0,0,0,0,0,0,0,0,0,,108,108,,0,0,0,0
1602697556873,10,1010123456022,81,,1,2,4,1,2,,18,7,0,0.010464,3,0,8.5,,2,3,0,0.1,1,0,0,4.8599,31,,9,8,,0,0,0,1
1602697557123,10,1010123456022,81,,1,2,4,1,2,,16.1429,14,0,0.010624,4,0,10,,0.956522,23,0,0.1,9,0,0,6.0832,31,,15,16,,0,0,0,1
1602697557373,10,1010123456022,81,,1,2,4,1,2,,6.63636,44,0,0.032864,20,0,7,,0,0,0,0,0,0,0,0,0,,128,134,,0,0,0,0
1602697557623,10,1010123456022,81,,1,2,4,1,2,,5.45455,22,0,0.006368,10,0,7.6,,0,0,0,0,0,0,0,0,0,,64,62,,0,0,0,0
1602697557873,10,1010123456022,81,,1,2,4,1,2,,15.6364,11,0,0.010656,4,0,10.5,,1.2,5,0,0.1,2,0,0,6.10362,31,,5,8,,0,0,0,1
1602697558123,10,1010123456022,81,,1,2,4,1,2,,19.2857,7,0,0.011232,3,0,10.6667,,0.8125,16,0,0.1,6,0,0,5.09609,0,,4,6,,0,0,0,1
1602697558373,10,1010123456022,81,,1,2,4,1,2,,15.8,5,0,0.005312,2,0,7,,0,0,0,0,0,0,0,0,0,,2,4,,0,0,0,0
1602697558623,10,1010123456022,81,,1,2,4,1,2,,18.619,21,0,0.0264,9,0,8,,0,0,0,0,0,0,0,0,0,,29,30,,0,0,0,0
1602697558873,10,1010123456022,81,,1,2,4,1,2,,16.7273,11,0,0.0106667,4,0,10.5,,8,18,0,0.1,6,66.6667,0,6.29999,31,,5,8,,0,0,0,7
1602697559123,10,1010123456022,81,,1,2,4,1,2,,18.8333,18,0,0.021024,7,0,11.6667,,2.53846,13,0,0.1,5,0,0,8.52162,31,,14,14,,0,0,0,1
1602697559373,10,1010123456022,81,,1,2,4,1,2,,0,0,0,0,0,0,3,,12,12,0,0,4,100,0,5.214,0,,0,0,,0,0,0,10
1602697559623,10,1010123456022,81,,1,2,4,1,2,,7.625,16,0,0.00576,6,0,6.2,,0,0,0,0,0,0,0,0,0,,11,12,,0,0,0,0
1602697559873,10,1010123456022,81,,1,2,4,1,2,,15.8,5,0,0.005312,2,0,9.5,,9,14,0,0.1,6,66.6667,0,10.5037,31,,4,4,,0,0,0,6.14286
1602697560123,10,1010123456022,81,,1,2,4,1,2,,17.5,10,0,0.010624,4,0,9.33333,,12,51,0,0.1,19,73.6842,0,5.94297,0,,8,8,,0,0,0,8.80392
1602697560373,10,1010123456022,81,,1,2,4,1,2,,1.97143,70,0,0.019008,28,0,6,,0,0,0,0,0,0,0,0,0,,126,132,,0,0,0,0
1602697560623,10,1010123456022,81,,1,2,4,1,2,,3.82353,17,0,0.006016,7,0,11.2,,0,0,0,0,0,0,0,0,0,,30,28,,0,0,0,0
1602697560873,10,1010123456022,81,,1,2,4,1,2,,14.5,10,0,0.010624,4,0,8,,0,6,0,0.1,3,0,0,0,31,,4,8,,0,0,0,0
1602697561123,10,1010123456022,81,,1,2,4,1,2,,17.7857,14,0,0.010624,4,0,10.25,,1.77778,27,0,0.1,10,0,0,6.20185,31,,10,14,,0,0,0,1
1602697561373,10,1010123456022,81,,1,2,4,1,2,,15.9375,16,0,0.021472,8,0,12,,0,0,0,0,0,0,0,0,0,,13,12,,0,0,0,0
1602697561623,10,1010123456022,81,,1,2,4,1,2,,3.11667,60,0,0.0185382,24,0,9.4,,0,0,0,0,0,0,0,0,0,,90,92,,0,0,0,0
1602697561873,10,1010123456022,81,,1,2,4,1,2,,2.30986,71,0,0.01888,28,0,7.4,,0.8,5,0,0.1,2,0,0,5.60707,31,,130,130,,0,0,0,1
1602697562123,10,1010123456022,81,,1,2,4,1,2,,1.01087,92,81,0.016352,34,0,4,,9.33333,15,0,0.1,7,57.1429,0,6.35805,0,,236,234,,0,0,0,5.8
1602697562373,10,1010123456022,81,,1,2,4,1,2,,1.56489,131,0,0.0311968,56,0,7.5,,0,0,0,0,0,0,0,0,0,,316,318,,0,0,0,0
1602697562623,10,1010123456022,81,,1,2,4,1,2,,6.83721,43,0,0.017344,17,0,10.5,,0,0,0,0,0,0,0,0,0,,41,40,,0,0,0,0
1602697562873,10,1010123456022,81,,1,2,4,1,2,,17.5263,19,0,0.021856,7,0,12.5,,0.411765,34,0,0.1,13,0,0,4.60327,31,,10,14,,0,0,0,1.05882
1602697563123,10,1010123456022,81,,1,2,4,1,2,,5.08571,70,0,0.01888,28,0,7.5,,0,0,0,0,0,0,0,0,0,,133,136,,0,0,0,0
1602697563373,10,1010123456022,81,,1,2,4,1,2,,15.8,5,0,0.005312,2,0,5,,0,0,0,0,0,0,0,0,0,,2,4,,0,0,0,0
1602697563623,10,1010123456022,81,,1,2,4,1,2,,17.6,10,0,0.0106667,4,0,11,,0,0,0,0,0,0,0,0,0,,5,8,,0,0,0,0
1602697563873,10,1010123456022,81,,1,2,4,1,2,,15.1,10,0,0.010624,4,0,11.6667,,0,4,0,0.1,2,0,0,0,31,,4,8,,0,0,0,0
1602697564123,10,1010123456022,81,,1,2,4,1,2,,10.1,10,0,0.005504,4,0,5.75,,0.772727,22,0,0.1,9,0,0,4.96674,0,,4,8,,0,0,0,1
1602697564373,10,1010123456022,81,,1,2,4,1,2,,3.8625,80,0,0.029376,32,0,9.8,,0,0,0,0,0,0,0,0,0,,152,154,,0,0,0,0
1602697564623,10,1010123456022,81,,1,2,4,1,2,,17.85,20,0,0.021248,8,0,8.66667,,0,0,0,0,0,0,0,0,0,,8,16,,0,0,0,0
1602697564873,10,1010123456022,81,,1,2,4,1,2,,18,5,0,0.005312,2,0,12,,0.571429,7,0,0.1,3,0,0,5.98661,31,,2,4,,0,0,0,1
1602697565123,10,1010123456022,81,,1,2,4,1,2,,20,4,0,0.005312,2,0,12,,1.13333,15,0,0.1,6,0,0,7.69502,31,,3,4,,0,0,0,1
1602697565373,10,1010123456022,81,,1,2,4,1,2,,2.91429,35,67,0.00848,11,0,6.16667,,0,0,0,0,0,0,0,0,0,,118,120,,0,0,0,0
1602697565623,10,1010123456022,81,,1,2,4,1,2,,9.94872,39,0,0.031008,19,0,9.8,,0,0,0,0,0,0,0,0,0,,77,72,,0,0,0,0
1602697565873,10,1010123456022,81,,1,2,4,1,2,,16.8,5,0,0.005312,2,0,11.75,,2.8,5,102,0.1,2,0,0,5.53951,31,,3,4,,0,0,0,1
1602697566123,10,1010123456022,81,,1,2,4,1,2,,12.2258,31,0,0.016352,8,0,8,,0.1,21,0,0.1,8,0,0,4.8032,0,,23,32,,0,0,0,1
1602697566373,10,1010123456022,81,,1,2,4,1,2,,13.5926,27,0,0.0273735,15,0,8.6,,0,0,0,0,0,0,0,0,0,,37,32,,0,0,0,0
1602697566623,10,1010123456022,81,,1,2,4,1,2,,13.4,5,0,0.005344,2,0,10.4,,0,0,0,0,0,0,0,0,0,,2,4,,0,0,0,0
1602697566873,10,1010123456022,81,,1,2,4,1,2,,12,5,0,0.005312,2,0,9.33333,,0.1,3,0,0.1,1,0,0,3.30609,31,,2,4,,0,0,0,1
1602697567123,10,1010123456022,81,,1,2,4,1,2,,0,8,0,0.010688,4,0,7,,0.923077,26,0,0.1,11,0,0,7.29898,0,,12,14,,0,0,0,1.07692
1602697567373,10,1010123456022,81,,1,2,4,1,2,,16.6,5,0,0.005376,2,0,11.5,,0,0,0,0,0,0,0,0,0,,2,4,,0,0,0,0
1602697567623,10,1010123456022,81,,1,2,4,1,2,,0,0,0,0,0,0,2.5,,0,0,0,0,0,0,0,0,0,,0,0,,0,0,0,0
1602697567873,10,1010123456022,81,,1,2,4,1,2,,16.2,10,0,0.010688,4,0,8.75,,0.1,3,0,0.1,1,0,0,6.49665,31,,8,10,,0,0,0,1
1602697568123,10,1010123456022,81,,1,2,4,1,2,,4.53226,62,0,0.023552,25,0,8.5,,9.33333,15,0,0.1,7,57.1429,0,8.61145,0,,137,130,,0,0,0,5.8
1602697568373,10,1010123456022,81,,1,2,4,1,2,,12,5,0,0.005312,2,0,10.6,,0,2,0,0.1,1,0,0,0,31,,2,4,,0,0,0,0
1602697568623,10,1010123456022,81,,1,2,4,1,2,,15.7,10,0,0.010656,4,0,11.25,,0,0,0,0,0,0,0,0,0,,5,8,,0,0,0,0
1602697568873,10,1010123456022,81,,1,2,4,1,2,,17.0526,19,0,0.021312,8,0,11.2,,0,4,0,0.1,2,0,0,0,31,,14,18,,0,0,0,0
1602697569123,10,1010123456022,81,,1,2,4,1,2,,0,0,0,0,0,0,6.75,,1.625,8,0,0.1,3,0,0,8.87022,31,,0,0,,0,0,0,1
1602697569373,10,1010123456022,81,,1,2,4,1,2,,7.8913,46,0,0.0228434,18,0,8,,0,0,0,0,0,0,0,0,0,,55,60,,0,0,0,0
1602697569623,10,1010123456022,81,,1,2,4,1,2,,18,14,0,0.016,6,0,10.2,,0,0,0,0,0,0,0,0,0,,8,14,,0,0,0,0
1602697569873,10,1010123456022,81,,1,2,4,1,2,,17.5,10,0,0.010624,4,0,6.33333,,11.4286,14,0,0.1,5,60,0,8.1153,31,,5,8,,0,0,0,7.85714
1602697570123,10,1010123456022,81,,1,2,4,1,2,,17.5,14,158,0.015936,6,0,11.5,,16,9,0,0,3,100,0,5.00698,0,,9,14,,0,0,0,10
1602697570373,10,1010123456022,81,,1,2,4,1,2,,5.89796,49,0,0.022688,20,0,7.6,,0,0,0,0,0,0,0,0,0,,102,104,,0,0,0,0
1602697570623,10,1010123456022,81,,1,2,4,1,2,,0.1,57,0,0.008096,23,0,8.66667,,0,0,0,0,0,0,0,0,0,,148,148,,0,0,0,0
1602697570873,10,1010123456022,81,,1,2,4,1,2,,15.6923,26,0,0.02656,10,0,12.25,,0.75,8,53,0.1,3,0,0,4.96312,31,,22,20,,0,0,0,1
1602697571123,10,1010123456022,81,,1,2,4,1,2,,15.2,10,0,0.010656,4,0,10.5,,0.235294,17,0,0.1,7,0,0,7.4192,0,,7,8,,0,0,0,1
1602697571373,10,1010123456022,81,,1,2,4,1,2,,0,0,0,0,0,0,11.5,,0,0,0,0,0,0,0,0,0,,0,0,,0,0,0,0
1602697571623,10,1010123456022,81,,1,2,4,1,2,,6.25581,43,0,0.0225863,18,0,8.4,,0,0,0,0,0,0,0,0,0,,71,70,,0,0,0,0
1602697571873,10,1010123456022,81,,1,2,4,1,2,,0,0,0,0,0,0,8.75,,0.1,3,0,0.1,1,0,0,5.80038,31,,0,0,,0,0,0,1
1602697572123,10,1010123456022,81,,1,2,4,1,2,,0.1,57,0,0.008096,23,0,6.6,,0.285714,21,0,0.1,9,0,0,5.37663,31,,107,104,,0,0,0,1
1602697572373,10,1010123456022,81,,1,2,4,1,2,,11.5,8,0,0.005408,3,0,9,,0.1,3,0,0.1,1,0,0,5.65639,31,,6,6,,0,0,0,1
1602697572623,10,1010123456022,81,,1,2,4,1,2,,12,5,0,0.00533333,2,0,9.25,,0,0,0,0,0,0,0,0,0,,4,4,,0,0,0,0
1602697572873,10,1010123456022,81,,1,2,4,1,2,,16.24,25,0,0.026624,10,0,6.5,,8.4,5,0,0.1,2,50,0,9.48039,31,,128,138,,0,0,0,6.4
1602697573123,10,1010123456022,81,,1,2,4,1,2,,13.65,20,0,0.016224,8,0,11.1667,,14,9,0,0,3,100,0,4.02301,0,,13,16,,0,0,0,10
1602697573373,10,1010123456022,81,,1,2,4,1,2,,0,0,0,0,0,0,11.6667,,0,0,0,0,0,0,0,0,0,,0,0,,0,0,0,0
1602697573623,10,1010123456022,81,,1,2,4,1,2,,0,0,0,0,0,0,6.4,,0,0,0,0,0,0,0,0,0,,0,0,,0,0,0,0
1602697573873,10,1010123456022,81,,1,2,4,1,2,,18.4,5,0,0.005376,2,0,10.8333,,0.1,3,0,0.1,1,0,0,4.80615,31,,2,4,,0,0,0,1
1602697574123,10,1010123456022,81,,1,2,4,1,2,,16.4667,15,0,0.0160643,6,0,11.75,,0.705882,17,0,0.1,7,0,0,6.70879,31,,11,16,,0,0,0,1
1602697574373,10,1010123456022,81,,1,2,4,1,2,,14.45,20,0,0.021344,8,0,12.5,,0,0,0,0,0,0,0,0,0,,11,16,,0,0,0,0
1602697574623,10,1010123456022,81,,1,2,4,1,2,,17.6667,21,0,0.016,6,0,9.33333,,0,0,0,0,0,0,0,0,0,,78,78,,0,0,0,0
1602697574873,10,1010123456022,81,,1,2,4,1,2,,16.9,10,0,0.016,6,0,9.6,,5,18,0,0.1,8,0,0,11.7359,31,,7,8,,0,0,0,2
1602697575123,10,1010123456022,81,,1,2,4,1,2,,9,22,0,0.016544,9,0,10.5,,0,0,0,0,0,0,0,0,0,,34,40,,0,0,0,0
1602697575373,10,1010123456022,81,,1,2,4,1,2,,17,5,0,0.00533333,2,0,12.4,,0,0,0,0,0,0,0,0,0,,2,4,,0,0,0,0
1602697575623,10,1010123456022,81,,1,2,4,1,2,,16.7,10,0,0.0107309,4,0,7.75,,0,0,0,0,0,0,0,0,0,,8,8,,0,0,0,0
1602697575873,10,1010123456022,81,,1,2,4,1,2,,18.2,5,0,0.005312,2,0,11.75,,12,14,0,0.1,5,80,0,6.44688,31,,28,26,,0,0,0,8.71429
1602697576123,10,1010123456022,81,,1,2,4,1,2,,4,55,0,0.015296,17,0,8.66667,,0.857143,14,0,0.1,6,0,0,5.57495,31,,133,134,,0,0,0,1
1602697576373,10,1010123456022,81,,1,2,4,1,2,,1.62745,51,0,0.015616,26,0,6.75,,0,0,0,0,0,0,0,0,0,,144,150,,0,0,0,0
1602697576623,10,1010123456022,81,,1,2,4,1,2,,17.3,10,0,0.005312,2,0,8.6,,0,0,0,0,0,0,0,0,0,,6,8,,0,0,0,0
1602697576873,10,1010123456022,81,,1,2,4,1,2,,16.5161,31,0,0.032,12,0,11.6667,,0,1,0,0.1,1,0,0,0,31,,20,28,,0,0,0,0
1602697577123,10,1010123456022,81,,1,2,4,1,2,,4.5625,32,0,0.01744,15,0,8.6,,0.1,22,0,0.1,9,0,0,5.01502,0,,34,28,,0,0,0,1
1602697577373,10,1010123456022,81,,1,2,4,1,2,,16.4,10,0,0.010624,4,0,12.5,,0.8,5,0,0.1,2,0,0,5.23729,31,,8,8,,0,0,0,1
1602697577623,10,1010123456022,81,,1,2,4,1,2,,17.4286,14,0,0.015968,6,0,12,,0,0,0,0,0,0,0,0,0,,8,12,,0,0,0,0
1602697577873,10,1010123456022,81,,1,2,4,1,2,,5.84,75,0,0.029312,30,0,8,,0,0,0,0,0,0,0,0,0,,107,104,,0,0,0,0
1602697578123,10,1010123456022,81,,1,2,4,1,2,,16,15,0,0.015904,6,0,10.25,,0.24,25,0,0.1,10,0,0,6.82007,31,,11,12,,0,0,0,1
1602697578373,10,1010123456022,81,,1,2,4,1,2,,15.2083,24,0,0.02144,9,0,12.4,,0,0,0,0,0,0,0,0,0,,13,18,,0,0,0,0
1602697578623,10,1010123456022,81,,1,2,4,1,2,,2.55738,61,0,0.0133976,24,0,7.2,,0,0,0,0,0,0,0,0,0,,67,72,,0,0,0,0
1602697578873,10,1010123456022,81,,1,2,4,1,2,,10.6,10,0,0.005504,4,0,11.5,,1.2,5,0,0.1,2,0,0,11.0637,31,,6,8,,0,0,0,1
1602697579123,10,1010123456022,81,,1,2,4,1,2,,8.87273,55,0,0.025632,17,0,8.6,,0,8,0,0,4,100,0,0,0,,33,46,,0,0,0,0
1602697579373,10,1010123456022,81,,1,2,4,1,2,,0,2,0,0.00263454,6,0,5.6,,0,0,0,0,0,0,0,0,0,,0,0,,0,0,0,0
1602697579623,10,1010123456022,81,,1,2,4,1,2,,16.2,10,0,0.010688,4,0,7,,0,0,0,0,0,0,0,0,0,,82,86,,0,0,0,0
1602697579873,10,1010123456022,81,,1,2,4,1,2,,1.48387,62,0,0.0135261,25,0,8,,0,0,0,0,0,0,0,0,0,,183,188,,0,0,0,0
1602697580123,10,1010123456022,81,,1,2,4,1,2,,17.6,10,0,0.0107309,4,0,12.25,,0.8125,16,0,0.1,6,0,0,5.15055,31,,6,8,,0,0,0,1
1602697580373,10,1010123456022,81,,1,2,4,1,2,,15.3333,15,0,0.016128,6,0,8.8,,0,0,0,0,0,0,0,0,0,,6,12,,0,0,0,0
1602697580623,10,1010123456022,81,,1,2,4,1,2,,17,5,0,0.005312,2,0,8.33333,,0.1,3,0,0.1,1,0,0,15.4038,31,,2,4,,0,0,0,1
1602697580873,10,1010123456022,81,,1,2,4,1,2,,0,0,0,0,0,0,12.5,,8,6,0,0.1,2,0,0,6.44121,31,,0,0,,0,0,0,2.5
1602697581123,10,1010123456022,81,,1,2,4,1,2,,17.55,20,0,0.021248,8,0,10.8,,0.740741,27,0,0.1,11,0,0,5.37754,31,,9,16,,0,0,0,1
1602697581373,10,1010123456022,81,,1,2,4,1,2,,17.5333,15,0,0.015968,6,0,12.75,,0,0,0,0,0,0,0,0,0,,9,12,,0,0,0,0
1602697581623,10,1010123456022,81,,1,2,4,1,2,,3.02198,91,0,0.019936,37,0,6.6,,0,0,0,0,0,0,0,0,0,,185,168,,0,0,0,0
1602697581873,10,1010123456022,81,,1,2,4,1,2,,0,3,0,0.005376,2,0,12.5,,0.1,3,0,0.1,1,0,0,6.34563,31,,8,6,,0,0,0,1
1602697582123,10,1010123456022,81,,1,2,4,1,2,,13.4,5,0,0.005344,2,0,13,,1.33333,18,0,0.1,7,0,0,5.90125,31,,4,4,,0,0,0,1
1602697582373,10,1010123456022,81,,1,2,4,1,2,,18.4,20,57,0.021856,7,0,12.6667,,0,0,0,0,0,0,0,0,0,,13,18,,0,0,0,0
1602697582623,10,1010123456022,81,,1,2,4,1,2,,2.07895,76,0,0.019392,32,0,5,,0,0,0,0,0,0,0,0,0,,145,152,,0,0,0,0
1602697582873,10,1010123456022,81,,1,2,4,1,2,,7.76271,59,0,0.02864,23,0,9.6,,7.5,8,0,0.1,3,0,0,12.2844,31,,56,60,,0,0,0,1.375
1602697583123,10,1010123456022,81,,1,2,4,1,2,,17,5,0,0.005312,2,0,7.5,,0,0,0,0,0,0,0,0,0,,2,4,,0,0,0,0
1602697583373,10,1010123456022,81,,1,2,4,1,2,,15.5,6,0,0.005344,2,0,5.75,,0,0,0,0,0,0,0,0,0,,3,4,,0,0,0,0
1602697583623,10,1010123456022,81,,1,2,4,1,2,,12.4773,44,0,0.03168,17,0,11,,0,0,0,0,0,0,0,0,0,,35,36,,0,0,0,0
1602697583873,10,1010123456022,81,,1,2,4,1,2,,17,5,0,0.006336,3,0,12.6667,,2,3,0,0.1,1,0,0,6.88942,31,,3,4,,0,0,0,1
1602697584123,10,1010123456022,81,,1,2,4,1,2,,9.07547,53,0,0.0228755,20,0,9.25,,1.14286,14,0,0.1,6,0,0,6.58128,31,,30,48,,0,0,0,1.21429
1602697584373,10,1010123456022,81,,1,2,4,1,2,,5.86957,23,0,0.00623293,9,0,5.33333,,0,2,0,0.1,1,0,0,0,31,,20,22,,0,0,0,0
1602697584623,10,1010123456022,81,,1,2,4,1,2,,3.92453,53,0,0.0181847,22,0,6,,0,0,0,0,0,0,0,0,0,,155,160,,0,0,0,0
1602697584873,10,1010123456022,81,,1,2,4,1,2,,1.78,50,0,0.0126586,20,0,7.5,,1.42857,21,0,0.1,9,0,0,7.81858,31,,81,82,,0,0,0,1
1602697585123,10,1010123456022,81,,1,2,4,1,2,,14.9375,16,0,0.015968,6,0,13.3333,,0,0,0,0,0,0,0,0,0,,15,14,,0,0,0,0
1602697585373,10,1010123456022,81,,1,2,4,1,2,,18.2,5,0,0.00533333,2,0,9.33333,,0,0,0,0,0,0,0,0,0,,2,4,,0,0,0,0
1602697585623,10,1010123456022,81,,1,2,4,1,2,,17.1,10,0,0.0107309,4,0,9,,0,0,0,0,0,0,0,0,0,,5,8,,0,0,0,0
1602697585873,10,1010123456022,81,,1,2,4,1,2,,2.93056,72,0,0.0241285,29,0,10.75,,0.1,3,0,0.1,1,0,0,4.76201,31,,150,156,,0,0,0,1
1602697586123,10,1010123456022,81,,1,2,4,1,2,,17.4,10,0,0.0107309,4,0,8.33333,,0.571429,28,0,0.1,11,0,0,6.26909,0,,5,8,,0,0,0,1
1602697586373,10,1010123456022,81,,1,2,4,1,2,,0,0,0,0,0,0,8.6,,0,0,0,0,0,0,0,0,0,,0,0,,0,0,0,0
1602697586623,10,1010123456022,81,,1,2,4,1,2,,4.31667,60,0,0.01792,22,0,8.83333,,0,0,0,0,0,0,0,0,0,,169,170,,0,0,0,0
1602697586873,10,1010123456022,81,,1,2,4,1,2,,18.2,5,0,0.010624,4,0,6.5,,0.1,3,0,0.1,1,0,0,4.7168,31,,2,4,,0,0,0,1
1602697587123,10,1010123456022,81,,1,2,4,1,2,,0,0,0,0,0,0,7.25,,0,0,0,0,0,0,0,0,0,,0,0,,0,0,0,0
1602697587373,10,1010123456022,81,,1,2,4,1,2,,18.4,5,0,0.005376,2,0,6.8,,10.8696,23,0,0.1,10,40,0,9.70098,31,,28,20,,0,0,0,4.91304
1602697587623,10,1010123456022,81,,1,2,4,1,2,,2.70492,61,0,0.0134618,25,0,8.6,,0,0,0,0,0,0,0,0,0,,55,56,,0,0,0,0
1602697587873,10,1010123456022,81,,1,2,4,1,2,,17.9,20,0,0.02144,8,0,12,,0.1,5,0,0.1,2,0,0,4.69165,31,,10,16,,0,0,0,1
1602697588123,10,1010123456022,81,,1,2,4,1,2,,21.5714,7,0,0.0104,3,0,12.25,,2.05,20,0,0.1,8,0,0,7.61926,31,,3,6,,0,0,0,1
1602697588373,10,1010123456022,81,,1,2,4,1,2,,3.79,100,0,0.018336,35,0,8.4,,0,0,0,0,0,0,0,0,0,,88,94,,0,0,0,0
1602697588623,10,1010123456022,81,,1,2,4,1,2,,17.5,6,0,0.007232,6,0,13.5,,0,0,0,0,0,0,0,0,0,,4,4,,0,0,0,0
1602697588873,10,1010123456022,81,,1,2,4,1,2,,6.22222,45,0,0.022592,18,0,10.2,,4.41379,29,0,0.1,11,9.09091,0,9.55341,31,,141,148,,0,0,0,2.55172
1602697589123,10,1010123456022,81,,1,2,4,1,2,,17.5238,21,0,0.0214618,8,0,11.3333,,0,0,0,0,0,0,0,0,0,,20,22,,0,0,0,0
1602697589373,10,1010123456022,81,,1,2,4,1,2,,18.2,5,0,0.005312,2,0,8,,0,0,0,0,0,0,0,0,0,,2,4,,0,0,0,0
1602697589623,10,1010123456022,81,,1,2,4,1,2,,1.46,150,95,0.0293976,58,0,5,,0,0,0,0,0,0,0,0,0,,310,284,,0,0,0,0
1602697589873,10,1010123456022,81,,1,2,4,1,2,,5.125,24,0,0.0101205,12,0,8.66667,,0,0,0,0,0,0,0,0,0,,65,64,,0,0,0,0
1602697590123,10,1010123456022,81,,1,2,4,1,2,,11.4,10,0,0.005632,4,0,3.66667,,0,0,0,0,0,0,0,0,0,,8,8,,0,0,0,0
1602697590373,10,1010123456022,81,,1,2,4,1,2,,1.49091,55,0,0.013024,22,0,8,,14.75,32,0,0.1,13,61.5385,0,7.82103,31,,162,164,,0,0,0,7.25
1602697590623,10,1010123456022,81,,1,2,4,1,2,,17.6,5,0,0.00528,2,0,9.4,,0,0,0,0,0,0,0,0,0,,2,4,,0,0,0,0
1602697590873,10,1010123456022,81,,1,2,4,1,2,,2.74359,78,0,0.02464,32,0,8.66667,,0,2,0,0.1,1,0,0,0,31,,193,202,,0,0,0,0
1602697591123,10,1010123456022,81,,1,2,4,1,2,,6.875,24,0,0.0113092,9,0,5,,13.625,32,0,0.1,14,64.2857,0,7.89757,0,,62,60,,0,0,0,7.1875
1602697591373,10,1010123456022,81,,1,2,4,1,2,,0.1,7,130,0,0,0,8.6,,0,0,0,0,0,0,0,0,0,,38,36,,0,0,0,0
1602697591623,10,1010123456022,81,,1,2,4,1,2,,3.24691,81,0,0.0303614,36,0,8.66667,,0,0,0,0,0,0,0,0,0,,195,202,,0,0,0,0
1602697591873,10,1010123456022,81,,1,2,4,1,2,,1,38,0,0.00688,15,0,6.66667,,0.1,3,0,0.1,1,0,0,5.71265,31,,86,88,,0,0,0,1
1602697592123,10,1010123456022,81,,1,2,4,1,2,,0,0,0,0,0,0,12.6667,,0,0,0,0,0,0,0,0,0,,0,0,,0,0,0,0
1602697592373,10,1010123456022,81,,1,2,4,1,2,,16.1429,14,0,0.016,6,0,12,,1.47826,23,0,0.1,9,0,0,7.83177,31,,7,12,,0,0,0,1
1602697592623,10,1010123456022,81,,1,2,4,1,2,,3.70968,31,0,0.0119839,13,0,9.83333,,0,0,0,0,0,0,0,0,0,,94,98,,0,0,0,0
1602697592873,10,1010123456022,81,,1,2,4,1,2,,0,4,0,0.005312,2,0,9,,2,3,0,0.1,1,0,0,4.66809,31,,4,4,,0,0,0,1
1602697593123,10,1010123456022,81,,1,2,4,1,2,,11.2857,14,0,0.010816,6,0,7.33333,,5.41463,41,0,0.1,16,25,0,6.33428,31,,10,12,,0,0,0,3.56098
1602697593373,10,1010123456022,81,,1,2,4,1,2,,11.8125,16,0,0.010944,6,0,10.6,,0,0,0,0,0,0,0,0,0,,14,16,,0,0,0,0
1602697593623,10,1010123456022,81,,1,2,4,1,2,,0,0,0,0,0,0,7.5,,0,0,0,0,0,0,0,0,0,,0,0,,0,0,0,0
1602697593873,10,1010123456022,81,,1,2,4,1,2,,18,21,0,0.021376,8,0,7,,0.1,3,0,0.1,1,0,0,15.3188,31,,9,16,,0,0,0,1
1602697594123,10,1010123456022,81,,1,2,4,1,2,,2.62687,67,0,0.016256,20,0,8.75,,12,12,0,0,4,100,0,4.88441,0,,111,116,,0,0,0,10
1602697594373,10,1010123456022,81,,1,2,4,1,2,,17.45,20,0,0.023648,15,0,11,,0,0,0,0,0,0,0,0,0,,16,20,,0,0,0,0
1602697594623,10,1010123456022,81,,1,2,4,1,2,,0,0,0,0,0,0,11.5,,0.1,3,0,0.1,1,0,0,6.36054,31,,0,0,,0,0,0,1
1602697594873,10,1010123456022,81,,1,2,4,1,2,,1.38095,63,0,0.013408,25,0,7.5,,0,2,0,0.1,1,0,0,0,31,,117,120,,0,0,0,0
1602697595123,10,1010123456022,81,,1,2,4,1,2,,6.92157,51,0,0.02016,15,0,9,,0.1,21,0,0.1,9,0,0,6.07722,31,,52,50,,0,0,0,1
1602697595373,10,1010123456022,81,,1,2,4,1,2,,12.6667,21,0,0.013664,12,0,7.5,,0,0,0,0,0,0,0,0,0,,59,58,,0,0,0,0
1602697595623,10,1010123456022,81,,1,2,4,1,2,,0,0,0,0.005312,2,0,9.5,,0,0,0,0,0,0,0,0,0,,0,0,,0,0,0,0
1602697595873,10,1010123456022,81,,1,2,4,1,2,,16.7,10,0,0.010688,4,0,9.25,,0,2,0,0.1,1,0,0,0,31,,111,106,,0,0,0,0
1602697596123,10,1010123456022,81,,1,2,4,1,2,,9.6,30,0,0.016704,12,0,9.66667,,1,13,0,0.1,5,0,0,5.245,0,,34,36,,0,0,0,1
1602697596373,10,1010123456022,81,,1,2,4,1,2,,5.35417,48,0,0.012544,19,0,10.2,,0,0,0,0,0,0,0,0,0,,30,42,,0,0,0,0
1602697596623,10,1010123456022,81,,1,2,4,1,2,,19.1111,18,0,0.027776,8,0,12.6667,,0,0,0,0,0,0,0,0,0,,11,16,,0,0,0,0
1602697596873,10,1010123456022,81,,1,2,4,1,2,,16.8824,34,158,0.037152,14,0,8,,0.1,3,0,0.1,1,0,0,17.505,31,,62,62,,0,0,0,1
1602697597123,10,1010123456022,81,,1,2,4,1,2,,9.5814,43,0,0.022432,17,0,9.75,,7.22581,31,0,0.1,12,33.3333,0,5.6361,31,,73,76,,0,0,0,4.48387
1602697597373,10,1010123456022,81,,1,2,4,1,2,,1.08065,62,158,0.012032,21,0,7.5,,0,0,0,0,0,0,0,0,0,,114,118,,0,0,0,0
1602697597623,10,1010123456022,81,,1,2,4,1,2,,3.03846,52,0,0.0246426,25,0,11.5,,0,0,0,0,0,0,0,0,0,,133,130,,0,0,0,0
1602697597873,10,1010123456022,81,,1,2,4,1,2,,15.3333,12,0,0.010752,5,0,7.5,,5,8,0,0.1,3,0,0,11.2985,31,,9,10,,0,0,0,1.375
1602697598123,10,1010123456022,81,,1,2,4,1,2,,6.4375,48,0,0.0177671,19,0,5.66667,,8,3,0,0.1,1,0,0,17.6461,0,,40,40,,0,0,0,1
1602697598373,10,1010123456022,81,,1,2,4,1,2,,9.47619,21,294,0.0111165,6,0,7.33333,,0,0,0,0,0,0,0,0,0,,80,82,,0,0,0,0
1602697598623,10,1010123456022,81,,1,2,4,1,2,,16.75,12,0,0.021184,8,0,11.4,,0,0,0,0,0,0,0,0,0,,33,32,,0,0,0,0
1602697598873,10,1010123456022,81,,1,2,4,1,2,,8.76471,17,130,0.010624,4,0,5.8,,0,8,0,0,4,100,0,0,0,,31,32,,0,0,0,0
1602697599123,10,1010123456022,81,,1,2,4,1,2,,3.84946,93,0,0.0308434,40,0,8.5,,1.36,25,0,0.1,10,0,0,8.95683,31,,177,178,,0,0,0,1.12
1602697599373,10,1010123456022,81,,1,2,4,1,2,,6.66957,115,0,0.0463293,46,0,7.75,,0,0,0,0,0,0,0,0,0,,88,102,,0,0,0,0
1602697599623,10,1010123456022,81,,1,2,4,1,2,,0,0,0,0,0,0,12,,0,0,0,0,0,0,0,0,0,,0,0,,0,0,0,0
1602697599873,10,1010123456022,81,,1,2,4,1,2,,14.4,5,0,0.00528,2,0,7.5,,0,0,0,0,0,0,0,0,0,,2,4,,0,0,0,0
1602697600123,10,1010123456022,81,,1,2,4,1,2,,4.90425,94,0,0.030176,38,0,8,,1.14286,21,0,0.1,8,0,0,9.38765,31,,165,166,,0,0,0,1
1602697600373,10,1010123456022,81,,1,2,4,1,2,,17.5,10,0,0.010688,4,0,9,,0,0,0,0,0,0,0,0,0,,11,8,,0,0,0,0
1602697600623,10,1010123456022,81,,1,2,4,1,2,,17.4286,21,0,0.021312,8,0,10.4,,0,0,0,0,0,0,0,0,0,,16,16,,0,0,0,0
1602697600873,10,1010123456022,81,,1,2,4,1,2,,14.8571,14,0,0.005312,2,0,11.3333,,12,3,0,0,1,100,0,5.3646,0,,11,10,,0,0,0,10
1602697601123,10,1010123456022,81,,1,2,4,1,2,,0,4,0,0.01072,5,0,10,,4.61538,26,0,0.1,10,30,0,4.54672,31,,4,4,,0,0,0,3.88462
1602697601373,10,1010123456022,81,,1,2,4,1,2,,12,5,0,0.005312,2,0,9.2,,0,0,0,0,0,0,0,0,0,,3,4,,0,0,0,0
1602697601623,10,1010123456022,81,,1,2,4,1,2,,0,0,0,0,0,0,7,,0,0,0,0,0,0,0,0,0,,0,0,,0,0,0,0
1602697601873,10,1010123456022,81,,1,2,4,1,2,,0,0,0,0,0,0,11.5,,0,0,0,0,0,0,0,0,0,,0,0,,0,0,0,0
1602697602123,10,1010123456022,81,,1,2,4,1,2,,0,0,0,0,0,0,5,,0,0,0,0,0,0,0,0,0,,0,0,,0,0,0,0
1602697602373,10,1010123456022,81,,1,2,4,1,2,,0,0,0,0,0,0,10.8,,0,0,0,0,0,0,0,0,0,,0,0,,0,0,0,0
1602697602623,10,1010123456022,81,,1,2,4,1,2,,0,0,0,0,0,0,7.75,,0,2,0,0.1,1,0,0,0,31,,0,0,,0,0,0,0
1602697602873,10,1010123456022,81,,1,2,4,1,2,,0,0,0,0,0,0,9.66667,,0,0,0,0,0,0,0,0,0,,0,0,,0,0,0,0
1602697603123,10,1010123456022,81,,1,2,4,1,2,,0,0,0,0,0,0,10,,0,0,0,0,0,0,0,0,0,,0,0,,0,0,0,0
1602697603373,10,1010123456022,81,,1,2,4,1,2,,0,0,0,0,0,0,5.25,,0,0,0,0,0,0,0,0,0,,0,0,,0,0,0,0
1602697603623,10,1010123456022,81,,1,2,4,1,2,,0,0,0,0,0,0,5.6,,0,0,0,0,0,0,0,0,0,,0,0,,0,0,0,0
1602697603873,10,1010123456022,81,,1,2,4,1,2,,0,0,0,0,0,0,12.75,,0,0,0,0,0,0,0,0,0,,0,0,,0,0,0,0
1602697604123,10,1010123456022,81,,1,2,4,1,2,,0,0,0,0,0,0,11.25,,0,0,0,0,0,0,0,0,0,,0,0,,0,0,0,0
1602697604373,10,1010123456022,81,,1,2,4,1,2,,0,0,0,0,0,0,5.33333,,0,0,0,0,0,0,0,0,0,,0,0,,0,0,0,0
1602697604623,10,1010123456022,81,,1,2,4,1,2,,0,0,0,0,0,0,9.8,,2,3,0,0.1,1,0,0,15.1613,31,,0,0,,0,0,0,1
1602697604873,10,1010123456022,81,,1,2,4,1,2,,0,0,0,0,0,0,11,,0,0,0,0,0,0,0,0,0,,0,0,,0,0,0,0
1602697605123,10,1010123456022,81,,1,2,4,1,2,,0,0,0,0,0,0,13.5,,0,0,0,0,0,0,0,0,0,,0,0,,0,0,0,0
1602697605373,10,1010123456022,81,,1,2,4,1,2,,0,0,0,0,0,0,10.5,,0,0,0,0,0,0,0,0,0,,0,0,,0,0,0,0
1602697605623,10,1010123456022,81,,1,2,4,1,2,,0,0,0,0,0,0,13,,0,0,0,0,0,0,0,0,0,,0,0,,0,0,0,0
1602697605873,10,1010123456022,81,,1,2,4,1,2,,0,0,0,0,0,0,11.3333,,0,0,0,0,0,0,0,0,0,,0,0,,0,0,0,0
1602697606123,10,1010123456022,81,,1,2,4,1,2,,0,0,0,0,0,0,7,,0,0,0,0,0,0,0,0,0,,0,0,,0,0,0,0
1602697606373,10,1010123456022,81,,1,2,4,1,2,,0,0,0,0,0,0,13.5,,0,0,0,0,0,0,0,0,0,,0,0,,0,0,0,0
1602697606623,10,1010123456022,81,,1,2,4,1,2,,0,0,0,0,0,0,13.2,,0,0,0,0,0,0,0,0,0,,0,0,,0,0,0,0
1602697606873,10,1010123456022,81,,1,2,4,1,2,,0,0,0,0,0,0,13.3333,,0,0,0,0,0,0,0,0,0,,0,0,,0,0,0,0
1602697607123,10,1010123456022,81,,1,2,4,1,2,,0,0,0,0,0,0,1,,0,0,0,0,0,0,0,0,0,,0,0,,0,0,0,0
1602697607373,10,1010123456022,81,,1,2,4,1,2,,0,0,0,0,0,0,3.33333,,0,0,0,0,0,0,0,0,0,,0,0,,0,0,0,0
1602697607623,10,1010123456022,81,,1,2,4,1,2,,0,0,0,0,0,0,2,,0,0,0,0,0,0,0,0,0,,0,0,,0,0,0,0
1602697607873,10,1010123456022,81,,1,2,4,1,2,,0,0,0,0,0,0,0.1,,0,0,0,0,0,0,0,0,0,,0,0,,0,0,0,0
1602697608123,10,1010123456022,81,,1,2,4,1,2,,0,0,0,0,0,0,5.5,,0,0,0,0,0,0,0,0,0,,0,0,,0,0,0,0
1602697608373,10,1010123456022,81,,1,2,4,1,2,,0,0,0,0,0,0,0.1,,0,0,0,0,0,0,0,0,0,,0,0,,0,0,0,0
1602697608623,10,1010123456022,81,,1,2,4,1,2,,0,0,0,0,0,0,2,,0,0,0,0,0,0,0,0,0,,0,0,,0,0,0,0
1602697608873,10,1010123456022,81,,1,2,4,1,2,,0,0,0,0,0,0,1,,0,0,0,0,0,0,0,0,0,,0,0,,0,0,0,0
1602697609123,10,1010123456022,81,,1,2,4,1,2,,0,0,0,0,0,0,5,,0,0,0,0,0,0,0,0,0,,0,0,,0,0,0,0
1602697609373,10,1010123456022,81,,1,2,4,1,2,,0,0,0,0,0,0,5.66667,,0,0,0,0,0,0,0,0,0,,0,0,,0,0,0,0
1602697609623,10,1010123456022,81,,1,2,4,1,2,,0,0,0,0,0,0,1.5,,0,0,0,0,0,0,0,0,0,,0,0,,0,0,0,0
1602697609873,10,1010123456022,81,,1,2,4,1,2,,0,0,0,0,0,0,2,,0,0,0,0,0,0,0,0,0,,0,0,,0,0,0,0
1602697610123,10,1010123456022,81,,1,2,4,1,2,,0,0,0,0,0,0,0.1,,0,0,0,0,0,0,0,0,0,,0,0,,0,0,0,0
1602697610373,10,1010123456022,81,,1,2,4,1,2,,0,0,0,0,0,0,13,,0,0,0,0,0,0,0,0,0,,0,0,,0,0,0,0
1602697610623,10,1010123456022,81,,1,2,4,1,2,,0,0,0,0,0,0,0.1,,0,0,0,0,0,0,0,0,0,,0,0,,0,0,0,0
1602697610873,10,1010123456022,81,,1,2,4,1,2,,0,0,0,0,0,0,0.1,,0,0,0,0,0,0,0,0,0,,0,0,,0,0,0,0
1602697611123,10,1010123456022,81,,1,2,4,1,2,,0,0,0,0,0,0,8,,0,0,0,0,0,0,0,0,0,,0,0,,0,0,0,0
1602697611373,10,1010123456022,81,,1,2,4,1,2,,0,0,0,0,0,0,6.5,,0,0,0,0,0,0,0,0,0,,0,0,,0,0,0,0
